Currency units per SDR for July 1995
Currency	July 03, 1995	July 04, 1995	July 05, 1995	July 06, 1995	July 07, 1995	July 10, 1995	July 11, 1995	July 12, 1995	July 13, 1995	July 14, 1995	July 17, 1995
Chinese Yuan	NA	NA	NA	NA	NA	NA	NA	NA	NA	NA	NA
Euro	NA	NA	NA	NA	NA	NA	NA	NA	NA	NA	NA
Japanese Yen	133.109000	132.862000	133.030000	133.220000	134.158000	136.035000	135.175000	135.820000	135.146000	136.740000	137.328000
U.K. Pound Sterling	0.983632	0.985857	0.983891	0.983457	0.979706	0.976081	0.977454	0.973418	0.972197	0.975631	0.971347
U.S. Dollar	1.569680	1.570470	1.567830	1.568220	1.563610	1.555580	1.552490	1.550460	1.544530	1.557400	1.548230
Algerian Dinar	NA	NA	NA	NA	NA	NA	NA	NA	NA	NA	NA
Australian Dollar	2.208020	2.214110	2.204180	2.204100	2.188700	2.172900	2.164350	2.154020	2.110300	2.132840	2.118250
Bahrain Dinar	0.590200	0.590497	0.589504	0.589651	0.587917	0.584898	0.583736	0.582973	0.580743	0.585582	0.582134
Botswana Pula	NA	NA	NA	NA	NA	NA	NA	NA	NA	NA	NA
Brazilian Real	1.444110	1.441690	1.439270	1.442760	1.443210	1.435800	1.432950	1.431070	1.425600	1.439040	1.430560
Brunei Dollar	NA	NA	NA	NA	NA	NA	NA	NA	NA	NA	NA
Canadian Dollar	NA	2.154370	2.147770	2.147210	2.132290	2.102520	2.101920	2.101180	2.099020	2.116660	2.099090
Chilean Peso	NA	NA	NA	NA	NA	NA	NA	NA	NA	NA	NA
Colombian Peso	NA	1,382.780000	1,385.660000	1,391.480000	1,393.610000	1,386.710000	1,392.770000	1,391.550000	1,383.650000	1,390.480000	1,383.130000
Czech Koruna	NA	NA	NA	NA	NA	NA	NA	NA	NA	NA	NA
Danish Krone	8.466070	8.466400	8.481960	8.463680	8.459130	8.456910	8.464180	8.485670	8.459390	8.430980	8.423150
Hungarian Forint	NA	NA	NA	NA	NA	NA	NA	NA	NA	NA	NA
Icelandic Krona	NA	NA	NA	98.437200	98.351100	98.266000	98.319200	98.376700	98.340200	98.085100	97.941000
Indian Rupee	49.272300	49.265600	49.198500	49.210700	49.066100	48.814100	48.717100	48.637900	48.451900	48.855600	48.568000
Indonesian Rupiah	3,525.500000	3,528.850000	3,522.910000	3,525.360000	3,515.000000	3,498.500000	3,491.550000	3,488.540000	3,475.190000	3,505.710000	3,485.070000
Iranian Rial	2,741.410000	2,743.020000	2,743.020000	2,739.780000	NA	2,732.410000	2,718.380000	2,712.980000	2,709.430000	2,709.430000	2,721.650000
Israeli New Sheqel	NA	NA	NA	NA	NA	NA	NA	NA	NA	NA	NA
Kazakhstani Tenge	NA	NA	NA	NA	NA	NA	NA	NA	NA	NA	NA
Korean Won	1,189.820000	1,188.060000	1,190.140000	1,185.730000	1,182.090000	1,177.890000	1,176.170000	1,174.780000	1,169.670000	1,179.110000	1,175.260000
Kuwaiti Dinar	0.468958	0.469194	0.468405	0.468521	NA	0.466845	0.465918	0.465712	0.463930	NA	0.465243
Libyan Dinar	0.525000	0.525000	0.525000	0.525000	0.525000	0.525000	0.525000	0.525000	0.525000	0.525000	0.525000
Malaysian Ringgit	3.828610	3.831790	3.825980	3.829440	3.816770	3.805730	3.802360	3.806070	3.787190	3.821080	3.796260
Mauritian Rupee	NA	NA	NA	NA	NA	NA	NA	NA	NA	NA	NA
Mexican Peso	NA	NA	NA	NA	NA	NA	NA	NA	NA	NA	NA
Nepalese Rupee	79.159000	79.198800	79.253800	79.508800	79.275000	78.867900	78.711200	78.608300	78.307700	78.960200	78.495300
New Zealand Dollar	2.343160	2.337700	2.331350	2.331930	2.313720	2.308670	2.305790	2.298680	2.286500	2.295700	2.294350
Norwegian Krone	9.662950	9.659960	9.668020	9.653180	9.645130	9.650040	9.660370	9.677200	9.647130	9.616170	9.602900
Rial Omani	0.603542	0.603846	0.602831	0.602981	0.601208	0.598121	0.596932	0.596152	0.593872	0.598820	0.595294
Pakistani Rupee	48.797600	48.822100	48.834300	48.846400	48.702900	48.452700	48.356500	48.370900	48.185900	48.587500	48.301400
Nuevo Sol	NA	NA	NA	NA	NA	NA	NA	NA	NA	NA	NA
Philippine Peso	NA	NA	NA	NA	NA	NA	NA	NA	NA	NA	NA
Polish Zloty	NA	NA	NA	NA	NA	NA	NA	NA	NA	NA	NA
Qatar Riyal	5.713640	5.716510	5.706900	5.708320	5.691540	5.662310	5.651060	5.643670	5.622090	5.668940	5.635560
Russian Ruble	NA	NA	NA	NA	NA	NA	NA	NA	NA	NA	NA
Saudi Arabian Riyal	5.878450	5.881410	5.871520	5.872980	5.855720	5.825650	5.814080	5.806470	5.784260	5.832460	5.798120
Singapore Dollar	2.190960	2.191280	2.190730	2.188450	2.186710	2.180920	2.177370	2.176230	2.160490	2.178020	2.167370
South African Rand	5.701860	5.709440	5.699850	5.698130	5.698580	5.669310	5.667360	5.663060	5.641400	5.682170	5.650270
Sri Lanka Rupee	79.410100	79.450100	79.426300	79.493100	79.259400	78.930100	78.773300	NA	78.431200	79.084800	78.696500
Swedish Krona	11.402900	11.356100	11.355000	11.356300	11.315800	11.260100	11.266400	11.228400	11.146900	11.160000	11.131800
Swiss Franc	1.801840	1.801330	1.804100	1.799690	1.798930	1.805250	1.807870	1.814350	1.817910	1.806270	1.810040
Thai Baht	38.724000	38.727800	38.678400	38.688000	38.605500	38.500600	38.455200	NA	38.273500	38.576800	38.380600
Trinidad And Tobago Dollar	9.207430	9.170450	9.164590	9.168600	9.140080	9.114140	9.078340	9.112130	9.068550	9.128080	9.083160
Tunisian Dinar	NA	NA	NA	NA	NA	NA	NA	NA	NA	NA	NA
U.A.E. Dirham	5.762300	5.765200	5.755500	5.756940	5.740010	5.710530	5.699190	5.691740	5.669970	5.717220	5.683550
Peso Uruguayo	NA	NA	NA	NA	NA	NA	NA	NA	NA	NA	NA
Bolivar Fuerte	NA	NA	NA	NA	NA	NA	NA	NA	NA	NA	NA

Currency units per SDR for July 1995 Continued

Currency	July 18, 1995	July 19, 1995	July 20, 1995	July 21, 1995	July 24, 1995	July 25, 1995	July 26, 1995	July 27, 1995	July 28, 1995	July 31, 1995
Chinese Yuan	NA	12.923000	NA	NA	NA	NA	NA	NA	12.905900	12.944600
Euro	NA	NA	NA	NA	NA	NA	NA	NA	NA	NA
Japanese Yen	137.702000	136.216000	136.652000	137.916000	137.229000	136.511000	136.437000	136.651000	137.058000	137.910000
U.K. Pound Sterling	0.972162	0.976815	0.975760	0.975078	0.975727	0.976287	0.974445	0.977080	0.973168	0.973192
U.S. Dollar	1.551570	1.556750	1.559070	1.554860	1.557650	1.558350	1.553070	1.556390	1.554830	1.559540
Algerian Dinar	NA	NA	NA	NA	NA	NA	NA	NA	NA	NA
Australian Dollar	2.115870	2.127000	2.124940	2.115170	2.116660	2.108730	2.097330	2.110650	2.116570	2.110620
Bahrain Dinar	0.583390	0.585338	0.586210	0.584627	0.585676	0.585940	0.583954	0.585203	0.584616	0.586387
Botswana Pula	NA	NA	NA	NA	NA	NA	NA	NA	NA	NA
Brazilian Real	1.436750	1.443110	1.445260	1.441360	1.451730	1.452380	1.450570	1.453670	1.453770	1.458170
Brunei Dollar	NA	NA	NA	NA	NA	NA	NA	NA	NA	NA
Canadian Dollar	2.110600	2.117340	2.125480	2.113830	2.114980	2.112500	2.108450	2.117000	2.120790	2.136100
Chilean Peso	NA	NA	NA	NA	NA	NA	NA	NA	NA	NA
Colombian Peso	1,383.630000	1,391.780000	NA	1,390.820000	1,394.070000	1,397.340000	1,393.600000	1,397.280000	1,392.440000	1,399.890000
Czech Koruna	NA	NA	NA	NA	NA	NA	NA	NA	NA	NA
Danish Krone	8.423470	8.390880	8.372210	8.390800	8.395730	8.404960	8.419190	8.398280	8.379760	8.377070
Hungarian Forint	NA	NA	NA	NA	NA	NA	NA	NA	NA	NA
Icelandic Krona	97.935100	97.950700	97.847200	97.925100	97.836000	97.973500	98.045300	97.943600	97.798800	97.907900
Indian Rupee	48.672800	48.835200	48.908000	48.776000	48.863500	48.901000	48.750900	48.855100	48.821700	48.969600
Indonesian Rupiah	3,494.140000	3,505.800000	3,511.030000	3,503.100000	3,510.940000	3,512.520000	3,500.620000	3,508.100000	3,506.140000	3,518.320000
Iranian Rial	2,705.530000	NA	2,720.420000	2,720.420000	2,717.120000	2,721.990000	2,723.220000	NA	NA	2,717.070000
Israeli New Sheqel	NA	NA	NA	NA	NA	NA	NA	NA	NA	NA
Kazakhstani Tenge	NA	NA	NA	NA	NA	NA	NA	NA	NA	NA
Korean Won	1,177.800000	1,180.330000	1,180.060000	1,176.250000	1,177.740000	1,178.420000	1,174.280000	1,176.790000	1,175.450000	1,179.790000
Kuwaiti Dinar	0.466247	0.467072	0.467394	NA	0.467622	0.467567	0.466278	0.466995	NA	0.467940
Libyan Dinar	0.525000	0.525000	0.525000	0.525000	0.525000	0.525000	0.525000	0.525000	0.525000	0.525000
Malaysian Ringgit	3.802590	3.811390	3.815510	3.810650	3.817020	3.820610	3.810770	3.818760	3.823480	3.833970
Mauritian Rupee	NA	NA	NA	NA	NA	NA	NA	NA	NA	NA
Mexican Peso	NA	NA	NA	NA	NA	NA	NA	NA	NA	9.513190
Nepalese Rupee	78.664600	78.927200	79.044800	78.847000	78.988400	79.086300	78.973600	79.142400	79.063100	79.552100
New Zealand Dollar	2.302370	2.309030	2.308710	2.303840	2.306260	2.305930	2.302550	2.312620	2.321680	2.314720
Norwegian Krone	9.601120	9.579460	9.564890	9.580270	9.590450	9.589310	9.600300	9.571800	9.552880	9.549060
Rial Omani	0.596579	0.598570	0.599462	0.597844	0.598916	0.599186	0.597155	0.598432	0.597832	0.599643
Pakistani Rupee	48.514500	48.676500	48.749000	48.617400	48.704600	48.726500	48.561400	48.665200	48.616400	48.763700
Nuevo Sol	NA	NA	NA	NA	NA	NA	NA	NA	NA	NA
Philippine Peso	NA	NA	NA	NA	NA	NA	NA	NA	NA	NA
Polish Zloty	NA	NA	NA	NA	NA	NA	NA	NA	NA	3.703910
Qatar Riyal	5.647710	5.666570	5.675010	5.659690	5.669850	5.672390	5.653170	5.665260	5.659580	5.676730
Russian Ruble	NA	NA	NA	NA	NA	NA	NA	NA	NA	NA
Saudi Arabian Riyal	5.810630	5.830030	5.838720	5.822950	5.833400	5.836020	5.816250	5.828680	5.822840	5.840480
Singapore Dollar	2.170030	2.179140	2.181920	2.178360	2.178840	2.180290	2.172430	2.171320	2.167740	2.174780
South African Rand	5.657800	5.668910	5.672680	5.663580	5.669070	5.662260	5.646190	5.650470	5.640150	5.644760
Sri Lanka Rupee	78.905100	79.137400	79.255300	79.134600	79.264900	79.300500	79.094000	79.263100	79.199200	79.485900
Swedish Krona	11.165900	11.149400	11.152800	11.125000	11.127100	11.095500	11.062500	11.018500	10.958400	11.008800
Swiss Franc	1.806030	1.801940	1.793710	1.793530	1.796910	1.793970	1.798770	1.790320	1.791010	1.787390
Thai Baht	38.494500	38.576300	38.555800	38.529400	38.567400	38.553600	38.438500	38.505100	38.466500	38.598600
Trinidad And Tobago Dollar	9.106780	9.118660	9.137400	9.118010	9.134060	9.108090	9.114190	9.118890	9.138670	9.170100
Tunisian Dinar	NA	NA	NA	NA	NA	NA	NA	NA	NA	NA
U.A.E. Dirham	5.695810	5.714830	5.723350	5.707890	5.718130	5.720700	5.701320	5.713510	5.707780	5.725070
Peso Uruguayo	NA	NA	NA	NA	NA	NA	NA	NA	NA	NA
Bolivar Fuerte	NA	NA	NA	NA	NA	NA	NA	NA	NA	NA

Notes:


The value of the U.S. dollar in terms of the SDR is the reciprocal of the sum of the dollar values, based on market exchange rates, of specified quantities of the SDR basket currencies. See SDR Valuation.

These rates are the official rates used by the Fund to conduct operations with member countries. The rates are derived from the currency's representative exchange rate, as reported by the central bank, normally against the U.S. dollar at spot market rates and rounded to six significant digits. See Representative Exchange Rates for Selected Currencies.

The value in terms of each national currency of the SDR (shown above) is the reciprocal of the value in terms of the SDR of each national currency, rounded to six significant digits.

Exchange rates are published daily except on IMF holidays or whenever the IMF is closed for business.
