Currency units per SDR for September 1995
Currency	September 01, 1995	September 04, 1995	September 05, 1995	September 06, 1995	September 07, 1995	September 08, 1995	September 11, 1995	September 12, 1995	September 13, 1995	September 14, 1995	September 15, 1995
Chinese Yuan	NA	NA	NA	NA	NA	NA	NA	NA	NA	NA	NA
Euro	NA	NA	NA	NA	NA	NA	NA	NA	NA	NA	NA
Japanese Yen	145.464000	145.284000	146.033000	146.398000	146.680000	147.465000	147.431000	148.405000	149.652000	152.017000	NA
U.K. Pound Sterling	0.960625	0.958934	0.958221	0.957683	0.957325	0.955610	0.956513	0.951797	0.947497	0.948414	0.946659
U.S. Dollar	1.490410	1.494690	1.490130	1.483260	1.484620	1.476130	1.484700	1.478140	1.468620	1.468050	1.465050
Algerian Dinar	NA	NA	NA	NA	NA	NA	NA	NA	NA	NA	NA
Australian Dollar	1.988270	1.991060	1.984720	1.974260	1.977650	1.961370	1.974340	1.951080	1.919510	1.931140	1.925160
Bahrain Dinar	0.560394	0.562003	0.560289	0.557706	0.558217	0.555025	0.558247	0.555781	0.552201	0.551987	0.550859
Botswana Pula	NA	NA	NA	NA	NA	NA	NA	NA	NA	NA	NA
Brazilian Real	1.414400	1.418460	1.411150	1.404650	NA	1.397900	1.408980	1.404230	1.395190	1.396120	1.393260
Brunei Dollar	NA	NA	NA	NA	NA	NA	NA	NA	NA	NA	NA
Canadian Dollar	2.001620	NA	2.000800	1.986230	1.987460	1.984800	1.993950	1.988250	1.988950	2.010050	2.001260
Chilean Peso	NA	NA	NA	NA	NA	NA	NA	NA	NA	NA	NA
Colombian Peso	1,414.920000	1,417.310000	1,426.860000	1,421.650000	1,415.780000	1,409.170000	1,422.800000	1,416.930000	1,408.670000	1,408.080000	1,406.810000
Czech Koruna	NA	NA	NA	NA	NA	NA	NA	NA	NA	NA	NA
Danish Krone	8.487140	8.478630	8.474370	8.479800	8.492770	8.496600	8.439780	8.436480	8.430610	8.472120	8.451870
Hungarian Forint	NA	NA	NA	NA	NA	NA	NA	NA	NA	NA	NA
Icelandic Krona	98.009400	97.917100	97.901500	97.895200	97.970100	97.808400	97.619000	97.542500	97.398900	97.522600	97.484400
Indian Rupee	47.603700	47.740400	47.877900	48.087300	47.819600	NA	48.119100	48.216900	48.288200	48.680500	50.031500
Indonesian Rupiah	3,378.760000	3,388.460000	3,378.120000	3,364.030000	3,368.600000	3,350.820000	3,370.270000	3,355.380000	3,335.240000	3,335.410000	3,328.590000
Iranian Rial	2,592.940000	2,604.490000	2,604.490000	2,604.000000	2,592.000000	2,592.000000	2,579.540000	2,594.510000	2,583.050000	2,566.310000	2,566.310000
Israeli New Sheqel	NA	NA	NA	NA	NA	NA	NA	NA	NA	NA	NA
Kazakhstani Tenge	NA	NA	NA	NA	NA	NA	NA	NA	NA	NA	NA
Korean Won	1,156.110000	1,154.950000	1,147.850000	1,141.960000	1,144.940000	1,138.390000	NA	1,140.980000	1,136.270000	1,138.030000	1,138.490000
Kuwaiti Dinar	NA	0.449827	0.448663	0.446743	0.447301	NA	0.446627	0.444891	0.442290	0.442309	NA
Libyan Dinar	0.525000	0.525000	0.525000	0.525000	0.525000	0.525000	0.525000	0.525000	0.525000	0.525000	0.525000
Malaysian Ringgit	3.720060	NA	NA	3.706960	3.709770	3.690330	3.710270	3.700670	3.684030	3.708290	3.691190
Mauritian Rupee	NA	NA	NA	NA	NA	NA	NA	NA	NA	NA	NA
Mexican Peso	NA	NA	NA	NA	NA	NA	NA	NA	NA	NA	NA
Nepalese Rupee	77.128700	77.350200	77.114200	76.758700	76.829100	76.389700	76.833200	76.493700	76.368200	76.338600	76.182600
New Zealand Dollar	2.285200	2.286510	2.287930	2.281240	2.277020	2.268530	2.278890	2.268480	2.242850	2.228030	2.225840
Norwegian Krone	9.562470	9.545840	9.550990	9.558870	9.579510	9.577870	9.514700	9.523660	9.518860	9.532780	9.525020
Rial Omani	0.573063	0.574708	0.572955	0.570313	0.570836	0.567572	0.570867	0.568345	0.564684	0.564465	0.563312
Pakistani Rupee	46.796300	46.930700	46.787500	46.571800	46.614500	46.348000	46.617100	46.411100	46.230000	46.212000	46.117600
Nuevo Sol	NA	NA	NA	NA	NA	NA	NA	NA	NA	NA	NA
Philippine Peso	NA	NA	NA	NA	NA	NA	NA	NA	NA	NA	NA
Polish Zloty	NA	NA	NA	NA	NA	NA	NA	NA	NA	NA	NA
Qatar Riyal	5.425090	5.440670	5.424070	5.399070	5.404020	5.373110	5.404310	5.380430	5.345780	5.343700	5.332780
Russian Ruble	NA	NA	NA	NA	NA	NA	NA	NA	NA	NA	NA
Saudi Arabian Riyal	5.581590	5.597610	5.580540	5.554810	5.559900	5.528110	5.560200	5.535630	5.499980	5.497850	5.486610
Singapore Dollar	2.120110	2.122910	2.122390	2.115570	2.115440	2.104670	2.117630	2.115660	2.108940	2.115900	2.103080
South African Rand	5.455650	5.468320	5.453130	5.432440	5.437420	NA	5.436230	5.412210	5.381760	5.389950	5.386260
Sri Lanka Rupee	77.423100	77.630500	77.483000	77.348300	77.419200	NA	77.482800	77.288200	76.937300	77.201100	77.043300
Swedish Krona	10.900900	10.903000	10.892900	NA	10.788000	10.705600	10.557000	10.510300	10.441200	10.492200	10.514700
Swiss Franc	1.792960	1.786600	1.791880	1.801720	1.802630	1.807670	1.788020	1.783380	1.783640	1.780010	1.777690
Thai Baht	37.319900	37.412100	37.327800	37.200200	37.264000	37.036100	37.266000	37.145700	36.921100	36.994900	36.904600
Trinidad And Tobago Dollar	8.793870	8.820170	8.732910	8.710890	8.703580	8.699570	8.679110	8.680230	8.576150	8.589710	8.615370
Tunisian Dinar	NA	NA	NA	NA	NA	NA	NA	NA	NA	NA	NA
U.A.E. Dirham	5.471300	5.487010	5.470270	5.445050	5.450040	5.418870	5.450330	5.426250	5.391300	5.389210	5.378200
Peso Uruguayo	NA	NA	NA	NA	NA	NA	NA	NA	NA	NA	NA
Bolivar Fuerte	NA	NA	NA	NA	NA	NA	NA	NA	NA	NA	NA

Currency units per SDR for September 1995 Continued

Currency	September 18, 1995	September 19, 1995	September 20, 1995	September 21, 1995	September 22, 1995	September 25, 1995	September 26, 1995	September 27, 1995	September 28, 1995	September 29, 1995
Chinese Yuan	NA	NA	NA	NA	NA	NA	NA	NA	NA	12.530300
Euro	NA	NA	NA	NA	NA	NA	NA	NA	NA	NA
Japanese Yen	152.704000	151.423000	152.879000	152.380000	150.185000	151.126000	149.186000	150.356000	150.894000	148.071000
U.K. Pound Sterling	0.948476	0.947368	0.948006	0.952520	0.953902	0.954691	0.950593	0.953623	0.950921	0.953367
U.S. Dollar	1.465490	1.463020	1.466470	1.487360	1.503350	1.500010	1.491860	1.493850	1.502930	1.506320
Algerian Dinar	NA	NA	NA	NA	NA	NA	NA	NA	NA	NA
Australian Dollar	1.938990	1.930870	1.936450	1.967410	2.003400	NA	1.983590	1.992860	1.994330	1.995130
Bahrain Dinar	0.551024	0.550096	0.551393	0.559247	0.565260	0.564004	0.560939	0.561688	0.565102	0.566376
Botswana Pula	NA	NA	NA	NA	NA	NA	NA	NA	NA	NA
Brazilian Real	1.393680	1.391330	1.394610	1.415970	1.431190	1.428010	1.420250	1.423640	1.433800	1.437030
Brunei Dollar	NA	NA	NA	NA	NA	NA	NA	NA	NA	NA
Canadian Dollar	1.998930	1.988240	1.995570	2.018350	2.032530	2.019160	2.007750	2.015650	2.030760	2.024190
Chilean Peso	NA	NA	NA	NA	NA	NA	NA	NA	NA	604.486000
Colombian Peso	1,408.200000	1,408.160000	1,422.590000	1,450.000000	1,464.610000	1,463.860000	1,458.070000	1,464.780000	1,474.510000	1,465.350000
Czech Koruna	NA	NA	NA	NA	NA	NA	NA	NA	NA	NA
Danish Krone	8.431700	8.430650	8.422670	8.346320	8.327810	8.295060	8.324580	8.305060	8.278140	8.296810
Hungarian Forint	NA	NA	NA	NA	NA	NA	NA	NA	NA	NA
Icelandic Krona	97.381800	97.305500	97.271000	97.139500	97.311800	97.185600	97.194700	97.189900	97.194500	97.187800
Indian Rupee	49.665500	49.771900	49.654700	50.481000	50.873400	50.865300	50.678500	50.716200	51.099600	51.229900
Indonesian Rupiah	3,329.590000	3,325.440000	3,333.290000	3,380.770000	3,418.620000	3,411.020000	3,392.490000	3,398.510000	3,419.170000	3,426.880000
Iranian Rial	2,560.170000	2,560.940000	2,556.630000	2,562.660000	2,562.660000	2,627.100000	2,621.270000	2,607.030000	2,610.500000	2,610.500000
Israeli New Sheqel	NA	NA	NA	NA	NA	NA	NA	NA	NA	NA
Kazakhstani Tenge	NA	NA	NA	NA	NA	NA	NA	NA	NA	NA
Korean Won	1,137.220000	1,137.940000	1,137.540000	1,153.150000	1,159.530000	1,154.710000	1,147.990000	1,148.770000	1,154.700000	1,157.610000
Kuwaiti Dinar	0.441684	0.440559	0.441598	0.445821	NA	0.447768	0.445842	NA	0.449106	NA
Libyan Dinar	0.525000	0.525000	0.525000	0.525000	0.525000	0.525000	0.525000	0.525000	0.525000	0.525000
Malaysian Ringgit	3.706660	3.699980	3.715740	3.758560	3.779420	3.778980	3.764710	3.763010	3.785130	3.776650
Mauritian Rupee	NA	NA	NA	NA	NA	NA	NA	NA	NA	NA
Mexican Peso	NA	NA	NA	NA	NA	NA	NA	NA	NA	9.617850
Nepalese Rupee	77.304600	77.174300	77.356300	78.517700	81.556700	81.375500	80.933400	81.041400	81.534000	81.717900
New Zealand Dollar	2.236370	2.225130	2.229020	2.252550	2.271610	2.268620	2.265540	2.271320	2.290700	2.299370
Norwegian Krone	9.505900	9.501580	9.502730	9.429120	9.426000	9.404310	9.427060	9.423210	9.388800	9.402450
Rial Omani	0.563481	0.562531	0.563858	0.571890	0.578038	0.576754	0.573620	0.574385	0.577877	0.579180
Pakistani Rupee	46.263800	46.185800	46.294700	46.954200	47.459000	47.443700	47.185900	47.248800	47.536000	47.643200
Nuevo Sol	NA	NA	NA	NA	NA	NA	NA	NA	NA	NA
Philippine Peso	NA	NA	NA	NA	NA	NA	NA	NA	NA	39.254700
Polish Zloty	NA	NA	NA	NA	NA	NA	NA	NA	NA	3.577510
Qatar Riyal	5.334380	5.325390	5.337950	5.413990	5.472190	5.460040	5.430370	5.437610	5.470670	5.483000
Russian Ruble	NA	NA	NA	NA	NA	NA	NA	NA	NA	NA
Saudi Arabian Riyal	5.488260	5.479010	5.491930	5.570160	5.630050	5.617540	5.587020	5.594470	5.628470	5.641170
Singapore Dollar	2.120860	2.117430	2.124920	2.148490	2.160460	2.157760	2.150520	2.138450	2.142430	2.139730
South African Rand	5.386410	5.380260	5.382680	5.444480	5.497000	NA	5.452000	5.448820	5.481940	5.497310
Sri Lanka Rupee	77.213000	77.082900	77.411300	78.216500	78.756700	78.641800	NA	78.348700	78.749800	78.701500
Swedish Krona	10.503200	10.495700	10.384800	10.485100	10.597100	10.519600	10.398300	10.463700	10.534000	10.401100
Swiss Franc	1.770170	1.766010	1.761960	1.727270	1.721790	1.719760	1.734290	1.734360	1.723560	1.722930
Thai Baht	36.959700	36.853500	36.999000	37.436900	37.704000	37.680300	37.460600	37.540500	37.738600	37.763400
Trinidad And Tobago Dollar	8.622360	8.605480	8.642640	8.729320	8.846310	NA	8.724550	8.782340	8.839930	8.812420
Tunisian Dinar	NA	NA	NA	NA	NA	NA	NA	NA	NA	NA
U.A.E. Dirham	5.379810	5.370750	5.383410	5.460100	5.518800	5.506540	5.476620	5.483920	5.517260	5.529700
Peso Uruguayo	NA	NA	NA	NA	NA	NA	NA	NA	NA	NA
Bolivar Fuerte	NA	NA	NA	NA	NA	NA	NA	NA	NA	NA

Notes:


The value of the U.S. dollar in terms of the SDR is the reciprocal of the sum of the dollar values, based on market exchange rates, of specified quantities of the SDR basket currencies. See SDR Valuation.

These rates are the official rates used by the Fund to conduct operations with member countries. The rates are derived from the currency's representative exchange rate, as reported by the central bank, normally against the U.S. dollar at spot market rates and rounded to six significant digits. See Representative Exchange Rates for Selected Currencies.

The value in terms of each national currency of the SDR (shown above) is the reciprocal of the value in terms of the SDR of each national currency, rounded to six significant digits.

Exchange rates are published daily except on IMF holidays or whenever the IMF is closed for business.
