Currency units per SDR for December 1995
Currency	December 01, 1995	December 04, 1995	December 05, 1995	December 06, 1995	December 07, 1995	December 08, 1995	December 11, 1995	December 12, 1995	December 13, 1995	December 14, 1995	December 15, 1995
Chinese Yuan	NA	NA	NA	NA	NA	NA	NA	NA	NA	NA	NA
Euro	NA	NA	NA	NA	NA	NA	NA	NA	NA	NA	NA
Japanese Yen	150.966000	150.608000	150.900000	150.758000	150.858000	150.253000	150.287000	150.396000	150.533000	150.921000	150.621000
U.K. Pound Sterling	0.970337	0.968986	0.966031	0.965435	0.966567	0.969254	0.968388	0.967199	0.966926	0.964778	0.963291
U.S. Dollar	1.481510	1.487490	1.488170	1.486770	1.486580	1.483250	1.486960	1.483200	1.481330	1.483250	1.483950
Algerian Dinar	NA	NA	NA	NA	NA	NA	NA	NA	NA	NA	NA
Australian Dollar	1.993960	2.009310	2.017040	2.003730	2.006720	2.004660	2.015940	2.010570	1.996130	1.991210	2.003710
Bahrain Dinar	0.557048	0.559296	0.559552	0.559026	0.558954	0.557702	0.559097	0.557683	0.556980	0.557702	0.557965
Botswana Pula	NA	NA	NA	NA	NA	NA	NA	NA	NA	NA	NA
Brazilian Real	1.430550	1.436320	1.436980	1.435770	1.435590	1.432230	1.435960	1.432330	1.430670	1.432970	1.433940
Brunei Dollar	NA	NA	NA	NA	NA	NA	NA	NA	NA	NA	NA
Canadian Dollar	2.023450	2.032060	2.034330	2.030040	2.034240	2.040510	2.051560	2.042660	2.038610	2.038280	2.039390
Chilean Peso	NA	NA	NA	NA	NA	NA	NA	NA	NA	NA	NA
Colombian Peso	1,478.770000	1,484.320000	1,482.110000	1,472.140000	1,461.740000	1,444.740000	1,448.360000	1,453.340000	1,460.840000	1,475.200000	1,473.380000
Czech Koruna	NA	NA	NA	NA	NA	NA	NA	NA	NA	NA	NA
Danish Krone	8.313490	8.283830	8.275710	8.259010	8.303290	8.292110	8.313590	8.297760	8.321370	8.334380	8.291570
Hungarian Forint	NA	NA	NA	NA	NA	NA	NA	NA	NA	NA	NA
Icelandic Krona	97.172200	97.118200	97.118000	96.982000	97.222300	97.182500	97.425600	97.283100	97.338200	97.419900	97.154200
Indian Rupee	51.749100	51.943200	51.922300	51.784200	51.807300	51.706100	51.805700	51.748800	51.728000	51.869300	51.893700
Indonesian Rupiah	3,401.550000	3,416.760000	3,418.330000	3,415.110000	3,414.670000	NA	3,415.550000	3,411.360000	3,408.540000	3,414.440000	3,416.050000
Iranian Rial	NA	2,588.940000	2,599.390000	2,599.390000	2,598.130000	2,598.130000	2,591.980000	2,598.460000	2,591.890000	2,588.620000	2,588.620000
Israeli New Sheqel	NA	NA	NA	NA	NA	NA	NA	NA	NA	NA	NA
Kazakhstani Tenge	NA	NA	NA	NA	NA	NA	NA	NA	NA	NA	NA
Korean Won	1,141.060000	1,146.410000	1,145.000000	1,144.370000	1,144.220000	1,141.950000	1,144.660000	1,141.170000	1,140.480000	1,141.950000	1,143.240000
Kuwaiti Dinar	NA	0.446009	0.446287	0.445466	0.445587	NA	0.445776	0.444456	0.444058	0.444634	NA
Libyan Dinar	0.525000	0.525000	0.525000	0.525000	0.525000	0.525000	0.525000	0.525000	0.525000	0.525000	0.525000
Malaysian Ringgit	3.753410	3.767370	3.776380	3.776690	3.771450	3.763600	3.772420	3.765550	3.764060	3.772790	3.772940
Mauritian Rupee	NA	NA	NA	NA	NA	NA	NA	NA	NA	NA	NA
Mexican Peso	NA	NA	NA	NA	NA	NA	NA	NA	NA	NA	NA
Nepalese Rupee	82.846000	83.180400	83.218500	83.140200	83.129600	82.943300	83.150800	82.940500	82.836000	82.943300	82.982500
New Zealand Dollar	2.274700	2.289150	2.300460	2.293340	2.299070	2.293570	2.303580	2.298470	2.297350	2.277720	2.276350
Norwegian Krone	9.454260	9.421020	9.412680	9.401440	9.407080	9.411960	9.459300	9.456140	9.463480	9.492060	9.441630
Rial Omani	0.569641	0.571940	0.572201	0.571663	0.571590	0.570310	0.571736	0.570290	0.569571	0.570310	0.570579
Pakistani Rupee	50.868700	51.074000	51.097400	51.049300	51.042800	50.928400	51.055800	50.926700	50.862500	50.928400	50.952500
Nuevo Sol	NA	NA	NA	NA	NA	NA	NA	NA	NA	NA	NA
Philippine Peso	NA	NA	NA	NA	NA	NA	NA	NA	NA	NA	NA
Polish Zloty	NA	NA	NA	NA	NA	NA	NA	NA	NA	NA	NA
Qatar Riyal	5.392700	5.414460	5.416940	5.411840	5.411150	5.399030	5.412530	5.398850	5.392040	5.399030	5.401580
Russian Ruble	NA	NA	NA	NA	NA	NA	NA	NA	NA	NA	NA
Saudi Arabian Riyal	5.548250	5.570650	5.573200	5.567950	5.567240	5.554770	5.568670	5.554580	5.547580	5.554770	5.557390
Singapore Dollar	2.092340	2.102860	2.104270	2.101550	2.100540	2.095680	2.103010	2.097690	2.096080	2.099990	2.101570
South African Rand	NA	5.445700	5.453400	5.454220	5.453520	5.441300	5.453430	5.441120	5.434260	5.439820	NA
Sri Lanka Rupee	79.842300	80.134800	80.320300	NA	80.234400	80.084400	80.292100	80.103900	80.062200	80.180800	80.174100
Swedish Krona	9.705520	9.734880	9.717010	9.748010	9.815890	9.864350	9.953710	9.990090	9.970830	NA	9.851200
Swiss Franc	1.745660	1.735450	1.731490	1.735800	1.733650	1.737630	1.732310	1.740540	1.741900	1.740890	1.728060
Thai Baht	37.304400	37.410400	NA	37.377400	37.402400	37.288900	NA	37.287600	37.255400	37.318600	37.306500
Trinidad And Tobago Dollar	8.778540	8.827060	8.825150	8.800490	8.804720	8.800420	8.818560	8.799830	8.786210	8.803680	8.805610
Tunisian Dinar	NA	NA	NA	NA	NA	NA	NA	NA	NA	NA	NA
U.A.E. Dirham	5.438620	5.460580	5.463070	5.457930	5.457240	5.445010	5.458630	5.444830	5.437960	5.445010	5.447580
Peso Uruguayo	NA	NA	NA	NA	NA	NA	NA	NA	NA	NA	NA
Bolivar Fuerte	NA	NA	NA	NA	NA	NA	NA	NA	NA	NA	NA

Currency units per SDR for December 1995 Continued

Currency	December 18, 1995	December 19, 1995	December 20, 1995	December 21, 1995	December 22, 1995	December 26, 1995	December 27, 1995	December 28, 1995	December 29, 1995
Chinese Yuan	NA	NA	NA	NA	NA	NA	NA	NA	12.366900
Euro	NA	NA	NA	NA	NA	NA	NA	NA	NA
Japanese Yen	151.337000	150.969000	151.410000	151.358000	151.360000	152.824000	152.365000	152.974000	152.856000
U.K. Pound Sterling	0.965986	0.964078	0.964592	0.965585	0.963018	NA	0.956865	0.956618	0.959026
U.S. Dollar	1.485880	1.487380	1.484410	1.485360	1.482470	1.488060	1.486490	1.487350	1.486490
Algerian Dinar	NA	NA	NA	NA	NA	NA	NA	NA	NA
Australian Dollar	2.004150	2.005370	2.002440	1.999680	2.000900	NA	1.998510	1.992970	1.995290
Bahrain Dinar	0.558691	0.559255	0.558138	0.558495	0.557409	0.559511	0.558920	0.559244	0.558920
Botswana Pula	NA	NA	NA	NA	NA	NA	NA	NA	NA
Brazilian Real	1.436400	1.438450	1.434830	1.437380	1.435620	1.442230	1.440710	1.442580	1.444270
Brunei Dollar	NA	NA	NA	NA	NA	NA	NA	NA	NA
Canadian Dollar	2.044420	2.047680	2.029340	2.022320	2.021050	NA	2.020880	2.023840	2.029360
Chilean Peso	NA	NA	NA	NA	NA	NA	NA	NA	604.258000
Colombian Peso	1,469.450000	1,467.610000	1,465.440000	1,463.660000	1,458.840000	1,465.680000	1,471.770000	1,467.950000	1,468.130000
Czech Koruna	NA	NA	NA	NA	NA	NA	NA	NA	NA
Danish Krone	8.289720	8.272060	8.291170	8.289790	8.282560	NA	8.253740	8.251070	8.244070
Hungarian Forint	NA	NA	NA	NA	NA	NA	NA	NA	NA
Icelandic Krona	97.161700	97.170500	97.139800	97.157400	97.087000	NA	96.919100	96.930600	96.963700
Indian Rupee	51.976100	52.043400	51.939500	51.972700	51.856800	52.067200	NA	52.250600	52.294700
Indonesian Rupiah	3,421.980000	3,425.440000	3,418.600000	3,420.780000	3,414.130000	3,427.000000	3,423.390000	3,425.370000	3,429.330000
Iranian Rial	2,593.200000	2,596.580000	2,596.580000	2,594.010000	2,594.010000	2,590.620000	2,590.620000	2,597.640000	2,597.640000
Israeli New Sheqel	NA	NA	NA	NA	NA	NA	NA	NA	NA
Kazakhstani Tenge	NA	NA	NA	NA	NA	NA	NA	NA	NA
Korean Won	1,146.360000	1,147.510000	1,145.070000	1,146.400000	1,144.620000	1,149.680000	1,148.610000	1,148.090000	1,149.350000
Kuwaiti Dinar	0.444635	NA	0.444195	0.444360	NA	NA	0.444356	0.444614	NA
Libyan Dinar	0.525000	0.525000	0.525000	0.525000	0.525000	0.525000	0.525000	0.525000	0.525000
Malaysian Ringgit	3.779780	3.783600	3.776780	3.777860	3.765330	3.779370	3.777770	NA	3.776430
Mauritian Rupee	NA	NA	NA	NA	NA	NA	NA	NA	NA
Mexican Peso	NA	NA	NA	NA	NA	NA	NA	NA	11.438500
Nepalese Rupee	83.090400	83.174300	83.008200	83.180200	83.018300	83.331400	83.243400	83.291600	83.243400
New Zealand Dollar	2.279660	2.279860	2.276350	2.277460	2.273730	NA	2.277100	2.273190	2.274660
Norwegian Krone	9.445000	9.448580	9.449750	9.440950	9.438890	NA	9.399820	9.406750	9.393130
Rial Omani	0.571321	0.571898	0.570756	0.571121	0.570010	0.572159	0.571555	0.571886	0.571555
Pakistani Rupee	51.018700	51.070200	50.968300	51.000900	50.901600	51.093600	51.039700	51.069200	51.039700
Nuevo Sol	NA	NA	NA	NA	NA	NA	NA	NA	NA
Philippine Peso	NA	NA	NA	NA	NA	NA	NA	NA	38.913300
Polish Zloty	NA	NA	NA	NA	NA	NA	NA	NA	3.674900
Qatar Riyal	5.408600	5.414060	5.403250	5.406710	5.396190	5.416540	5.410820	5.413950	5.410820
Russian Ruble	NA	NA	NA	NA	NA	NA	NA	NA	NA
Saudi Arabian Riyal	5.564620	5.570240	5.559120	5.562670	5.551850	5.572780	5.566910	5.570130	5.566910
Singapore Dollar	2.104010	2.104490	2.102370	2.101930	2.097840	2.107540	2.102490	2.102070	2.102340
South African Rand	5.447240	5.453480	5.441100	5.441620	5.432510	NA	5.429400	5.428080	5.421970
Sri Lanka Rupee	80.285800	80.344500	80.228600	80.280000	80.116400	80.433400	80.326200	80.387500	80.341100
Swedish Krona	9.810080	9.852110	9.853070	9.853880	9.876220	NA	9.859140	9.907680	9.897350
Swiss Franc	1.716640	1.711970	1.720730	1.718120	1.726190	NA	1.717940	1.714770	1.710210
Thai Baht	37.384700	37.392700	37.362600	37.371700	37.298900	37.469400	37.415000	37.451500	37.444700
Trinidad And Tobago Dollar	8.817210	8.831020	8.800920	8.816800	8.796830	NA	8.815180	8.825190	8.820090
Tunisian Dinar	NA	NA	NA	NA	NA	NA	NA	NA	NA
U.A.E. Dirham	5.454670	5.460170	5.449270	5.452760	5.442150	5.462670	5.456900	5.460060	5.456900
Peso Uruguayo	NA	NA	NA	NA	NA	NA	NA	NA	NA
Bolivar Fuerte	NA	NA	NA	NA	NA	NA	NA	NA	NA

Notes:


The value of the U.S. dollar in terms of the SDR is the reciprocal of the sum of the dollar values, based on market exchange rates, of specified quantities of the SDR basket currencies. See SDR Valuation.

These rates are the official rates used by the Fund to conduct operations with member countries. The rates are derived from the currency's representative exchange rate, as reported by the central bank, normally against the U.S. dollar at spot market rates and rounded to six significant digits. See Representative Exchange Rates for Selected Currencies.

The value in terms of each national currency of the SDR (shown above) is the reciprocal of the value in terms of the SDR of each national currency, rounded to six significant digits.

Exchange rates are published daily except on IMF holidays or whenever the IMF is closed for business.
