Currency units per SDR for February 1995
Currency	February 01, 1995	February 02, 1995	February 03, 1995	February 06, 1995	February 07, 1995	February 08, 1995	February 09, 1995	February 10, 1995	February 13, 1995	February 14, 1995	February 15, 1995
Chinese Yuan	NA	NA	NA	NA	NA	NA	NA	NA	NA	NA	NA
Euro	NA	NA	NA	NA	NA	NA	NA	NA	NA	NA	NA
Japanese Yen	145.883000	145.955000	146.297000	146.088000	145.385000	145.589000	144.866000	144.876000	145.344000	144.914000	145.348000
U.K. Pound Sterling	0.929230	0.928231	0.933067	0.939769	0.940024	0.944650	0.943715	0.942274	0.940882	0.945340	0.943132
U.S. Dollar	1.468370	1.469390	1.469580	1.465570	1.464840	1.464680	1.466250	1.466650	1.471540	1.469720	1.474870
Algerian Dinar	NA	NA	NA	NA	NA	NA	NA	NA	NA	NA	NA
Australian Dollar	1.936650	1.937230	1.936210	1.946830	1.964910	1.960750	1.976340	1.972100	1.969930	1.979150	1.975450
Bahrain Dinar	0.552107	0.552491	0.552562	0.551054	0.550780	0.550720	0.551310	0.551460	0.553299	0.552615	0.554551
Botswana Pula	NA	NA	NA	NA	NA	NA	NA	NA	NA	NA	NA
Brazilian Real	1.233430	1.235760	1.231510	1.228150	NA	1.223010	1.222850	1.220250	1.225790	1.222810	1.228570
Brunei Dollar	NA	NA	NA	NA	NA	NA	NA	NA	NA	NA	NA
Canadian Dollar	2.071140	2.066550	2.061230	2.049160	2.043740	2.042940	2.050400	2.055950	2.063830	2.056730	2.071160
Chilean Peso	NA	NA	NA	NA	NA	NA	NA	NA	NA	NA	NA
Colombian Peso	NA	1,257.450000	1,252.410000	1,244.010000	1,242.580000	1,242.680000	1,241.970000	1,240.390000	1,244.000000	1,243.680000	1,250.910000
Czech Koruna	NA	NA	NA	NA	NA	NA	NA	NA	NA	NA	NA
Danish Krone	8.830040	8.800180	8.805720	8.827860	8.824930	8.840080	8.823890	8.829230	8.804960	8.802890	8.768840
Hungarian Forint	NA	NA	NA	NA	NA	NA	NA	NA	NA	NA	NA
Icelandic Krona	99.115000	98.743000	98.623500	98.544900	98.569100	98.690100	98.561300	98.558900	98.475500	98.441800	98.270600
Indian Rupee	NA	46.094800	46.100700	45.974900	45.952000	45.947000	45.996300	46.023500	46.162200	46.119800	46.266700
Indonesian Rupiah	3,240.690000	3,244.410000	3,244.830000	3,235.980000	3,235.830000	3,235.480000	3,240.410000	3,241.300000	3,252.100000	3,248.080000	3,259.460000
Iranian Rial	2,582.750000	2,568.180000	2,568.180000	2,570.300000	2,563.280000	2,562.010000	2,561.720000	2,561.720000	2,565.170000	2,573.720000	2,570.540000
Israeli New Sheqel	NA	NA	NA	NA	NA	NA	NA	NA	NA	NA	NA
Kazakhstani Tenge	NA	NA	NA	NA	NA	NA	NA	NA	NA	NA	NA
Korean Won	NA	1,155.970000	1,159.350000	1,160.150000	1,160.300000	1,156.950000	1,158.780000	1,159.830000	1,167.670000	1,165.780000	1,166.620000
Kuwaiti Dinar	0.438808	0.439113	NA	0.438249	0.438031	0.438130	0.438306	NA	0.439520	0.438976	0.440190
Libyan Dinar	0.525000	0.525000	0.525000	0.525000	0.525000	0.525000	0.525000	0.525000	0.525000	0.525000	0.525000
Malaysian Ringgit	NA	NA	3.754040	3.743800	3.738560	3.739330	3.736880	3.737760	3.749040	3.750730	3.761800
Mauritian Rupee	NA	NA	NA	NA	NA	NA	NA	NA	NA	NA	NA
Mexican Peso	NA	NA	NA	NA	NA	NA	NA	NA	NA	NA	NA
Nepalese Rupee	73.271700	73.704600	73.714100	73.513000	73.476400	73.468300	73.547100	73.567200	73.812400	73.721200	73.979500
New Zealand Dollar	2.299000	2.295200	2.294780	NA	2.318890	2.324520	2.315980	2.316620	2.320670	2.321830	2.317880
Norwegian Krone	9.805770	9.772910	9.779320	9.805400	9.809300	9.827270	9.809950	9.810420	9.787210	9.797890	9.758480
Rial Omani	0.564588	0.564980	0.565054	0.563512	0.563231	0.563169	0.563773	0.563927	0.565807	0.565107	0.567088
Pakistani Rupee	45.427300	45.458800	45.464700	45.340600	45.318000	45.371800	45.420500	45.432900	45.584300	45.528000	45.687500
Nuevo Sol	NA	NA	NA	NA	NA	NA	NA	NA	NA	NA	NA
Philippine Peso	NA	NA	NA	NA	NA	NA	NA	NA	NA	NA	NA
Polish Zloty	NA	NA	NA	NA	NA	NA	NA	NA	NA	NA	NA
Qatar Riyal	5.344870	5.348580	5.349270	5.334670	5.332020	5.331440	5.337150	5.338610	5.356410	5.349780	5.368530
Russian Ruble	NA	NA	NA	NA	NA	NA	NA	NA	NA	NA	NA
Saudi Arabian Riyal	5.499050	5.502870	5.503580	5.488560	5.485830	5.485230	5.491110	5.492600	5.510920	5.504100	5.523390
Singapore Dollar	NA	2.134580	2.135450	2.138850	2.142620	2.138140	2.131930	2.130310	2.135350	2.135940	2.145050
South African Rand	5.207570	5.212660	5.211870	5.202040	5.199450	5.198880	5.207390	5.208810	5.209990	5.207950	5.223250
Sri Lanka Rupee	73.697500	73.763400	73.772900	73.644900	73.593600	73.644100	73.708400	73.728500	73.959600	NA	74.112200
Swedish Krona	10.981200	10.933000	10.959100	10.957300	10.895900	10.945000	10.940400	10.909500	10.902500	10.897100	10.866800
Swiss Franc	1.890090	1.888460	1.886210	1.897470	1.901360	1.902910	1.899530	1.895500	1.885040	1.890060	1.878250
Thai Baht	36.812000	36.822900	36.842400	36.771200	36.752800	36.763500	36.758900	36.754200	36.862100	NA	36.930700
Trinidad And Tobago Dollar	8.666170	8.672630	8.688010	8.641590	8.644750	8.667830	8.670960	8.645760	8.684000	8.680310	8.683740
Tunisian Dinar	NA	NA	NA	NA	NA	NA	NA	NA	NA	NA	NA
U.A.E. Dirham	5.390390	5.394130	5.394830	5.380110	5.377430	5.376840	5.382600	5.384070	5.402020	5.395340	5.414250
Peso Uruguayo	NA	NA	NA	NA	NA	NA	NA	NA	NA	NA	NA
Bolivar Fuerte	NA	NA	NA	NA	NA	NA	NA	NA	NA	NA	NA

Currency units per SDR for February 1995 Continued

Currency	February 16, 1995	February 17, 1995	February 20, 1995	February 21, 1995	February 22, 1995	February 23, 1995	February 24, 1995	February 27, 1995	February 28, 1995
Chinese Yuan	NA	NA	NA	NA	NA	NA	NA	NA	12.599400
Euro	NA	NA	NA	NA	NA	NA	NA	NA	NA
Japanese Yen	145.287000	144.992000	144.541000	145.121000	144.708000	144.886000	144.223000	145.096000	145.032000
U.K. Pound Sterling	0.942718	0.942395	0.941212	0.943667	0.941846	0.938270	0.939165	0.945352	0.946422
U.S. Dollar	1.481010	1.487100	1.490880	1.490710	1.489530	1.492130	1.492990	1.495830	1.494400
Algerian Dinar	NA	NA	NA	NA	NA	NA	NA	NA	NA
Australian Dollar	1.985530	2.015310	2.020980	2.009580	2.003400	2.018570	2.024120	2.021670	2.020820
Bahrain Dinar	0.556860	0.559150	0.560571	0.560507	0.560063	0.561041	0.561364	0.562432	0.561894
Botswana Pula	NA	NA	NA	NA	NA	NA	NA	NA	NA
Brazilian Real	1.236640	1.253630	1.264270	1.252200	1.252690	1.262340	1.258590	NA	NA
Brunei Dollar	NA	NA	NA	NA	NA	NA	NA	NA	NA
Canadian Dollar	2.087930	2.090420	2.094980	2.086100	2.082960	2.079880	2.081080	2.088780	2.082450
Chilean Peso	NA	NA	NA	NA	NA	NA	NA	NA	613.376000
Colombian Peso	1,256.670000	1,262.400000	1,266.370000	1,269.910000	1,271.510000	1,276.250000	1,277.220000	1,278.500000	1,280.690000
Czech Koruna	NA	NA	NA	NA	NA	NA	NA	NA	NA
Danish Krone	8.779430	8.701770	8.685870	8.681150	8.707050	8.693900	8.682480	8.675070	8.693670
Hungarian Forint	NA	NA	NA	NA	NA	NA	NA	NA	NA
Icelandic Krona	98.413100	97.925500	97.935900	98.029100	98.234500	98.197100	98.194000	98.246100	98.406200
Indian Rupee	46.459300	46.650300	46.768900	46.778500	46.741500	46.823000	46.865000	46.954100	46.969000
Indonesian Rupiah	3,273.030000	3,286.490000	3,293.350000	3,294.470000	3,291.860000	3,297.610000	3,301.000000	3,308.780000	3,305.610000
Iranian Rial	2,579.550000	2,579.550000	2,600.940000	2,600.940000	2,607.250000	2,605.190000	2,605.190000	2,611.240000	2,616.210000
Israeli New Sheqel	NA	NA	NA	NA	NA	NA	NA	NA	NA
Kazakhstani Tenge	NA	NA	NA	NA	NA	NA	NA	NA	NA
Korean Won	1,171.920000	1,181.350000	1,184.950000	NA	1,174.790000	1,176.840000	1,176.630000	1,177.370000	1,174.600000
Kuwaiti Dinar	0.442022	NA	0.443686	0.443933	0.443090	NA	NA	0.444965	0.444539
Libyan Dinar	0.525000	0.525000	0.525000	0.525000	0.525000	0.525000	0.525000	0.525000	0.525000
Malaysian Ringgit	3.781020	3.794780	3.806220	3.808170	3.803070	3.810150	3.810860	3.821700	3.815650
Mauritian Rupee	NA	NA	NA	NA	NA	NA	NA	NA	NA
Mexican Peso	NA	NA	NA	NA	NA	NA	NA	NA	8.929040
Nepalese Rupee	74.287500	74.592900	74.782500	74.774000	74.714800	74.845200	74.888400	75.030800	74.959100
New Zealand Dollar	2.334870	2.356360	2.367230	2.358720	2.338720	2.350550	2.358970	2.358610	2.355240
Norwegian Krone	9.756150	9.677300	9.669100	9.665020	9.702800	9.674970	9.677560	9.668300	9.689690
Rial Omani	0.569448	0.571790	0.573243	0.573178	0.572724	0.573724	0.574055	0.575147	0.574597
Pakistani Rupee	45.877700	46.066300	46.183400	46.178200	46.141600	46.222200	46.248800	46.336800	46.262400
Nuevo Sol	NA	NA	NA	NA	NA	NA	NA	NA	NA
Philippine Peso	NA	NA	NA	NA	NA	NA	NA	NA	38.406100
Polish Zloty	NA	NA	NA	NA	NA	NA	NA	NA	3.616450
Qatar Riyal	5.390880	5.413040	5.426800	5.426180	5.421890	5.431350	5.434480	5.444820	5.439620
Russian Ruble	NA	NA	NA	NA	NA	NA	NA	NA	NA
Saudi Arabian Riyal	5.546380	5.569190	5.583350	5.582710	5.578290	5.588030	5.591250	5.601880	5.596530
Singapore Dollar	2.154720	2.158230	2.162970	2.166300	2.163840	2.169410	2.167220	2.172390	2.166130
South African Rand	5.245000	5.266560	5.272500	5.301710	5.358580	5.372410	5.391930	5.385740	5.379090
Sri Lanka Rupee	74.405900	74.622700	74.752700	74.803800	74.714800	74.830300	74.843600	NA	74.974000
Swedish Krona	10.926300	10.888200	10.876700	10.877300	10.945100	10.858800	10.843600	10.902800	11.009400
Swiss Franc	1.874220	1.864080	1.860320	1.858920	1.862660	1.872180	1.864740	1.848850	1.852610
Thai Baht	37.069700	37.162600	37.227300	37.223000	37.163800	37.228600	37.235200	37.335900	37.285300
Trinidad And Tobago Dollar	8.729220	8.782070	8.785310	8.789380	8.768270	8.793570	8.800730	NA	NA
Tunisian Dinar	NA	NA	NA	NA	NA	NA	NA	NA	NA
U.A.E. Dirham	5.436790	5.459140	5.473020	5.472400	5.468060	5.477610	5.480770	5.491190	5.485940
Peso Uruguayo	NA	NA	NA	NA	NA	NA	NA	NA	NA
Bolivar Fuerte	NA	NA	NA	NA	NA	NA	NA	NA	NA

Notes:


The value of the U.S. dollar in terms of the SDR is the reciprocal of the sum of the dollar values, based on market exchange rates, of specified quantities of the SDR basket currencies. See SDR Valuation.

These rates are the official rates used by the Fund to conduct operations with member countries. The rates are derived from the currency's representative exchange rate, as reported by the central bank, normally against the U.S. dollar at spot market rates and rounded to six significant digits. See Representative Exchange Rates for Selected Currencies.

The value in terms of each national currency of the SDR (shown above) is the reciprocal of the value in terms of the SDR of each national currency, rounded to six significant digits.

Exchange rates are published daily except on IMF holidays or whenever the IMF is closed for business.
