Currency units per SDR for April 1995
Currency	April 03, 1995	April 04, 1995	April 05, 1995	April 06, 1995	April 07, 1995	April 10, 1995	April 11, 1995	April 12, 1995	April 13, 1995	April 14, 1995	April 17, 1995
Chinese Yuan	NA	NA	NA	NA	NA	NA	NA	NA	NA	NA	NA
Euro	NA	NA	NA	NA	NA	NA	NA	NA	NA	NA	NA
Japanese Yen	136.594000	134.666000	135.671000	135.296000	133.366000	130.561000	131.947000	130.585000	131.043000	131.909000	130.752000
U.K. Pound Sterling	0.968133	0.971149	0.972906	0.977713	0.980367	0.984189	0.981695	0.984575	0.983109	NA	NA
U.S. Dollar	1.566440	1.565880	1.570270	1.571380	1.576430	1.573030	1.563350	1.565770	1.570320	1.574090	1.588730
Algerian Dinar	NA	NA	NA	NA	NA	NA	NA	NA	NA	NA	NA
Australian Dollar	2.133240	2.138010	2.125720	2.125500	NA	2.125140	2.115210	2.109350	2.116330	NA	NA
Bahrain Dinar	0.588981	0.588771	0.590422	0.590839	0.592738	0.591459	0.587820	0.588730	0.590440	0.591858	0.597362
Botswana Pula	NA	NA	NA	NA	NA	NA	NA	NA	NA	NA	NA
Brazilian Real	1.400400	1.409290	1.411670	1.411100	1.406180	1.412580	1.399200	1.407630	NA	NA	1.439390
Brunei Dollar	NA	NA	NA	NA	NA	NA	NA	NA	NA	NA	NA
Canadian Dollar	2.190980	2.182840	2.185820	2.183430	2.193600	2.176600	2.157270	2.156540	2.156830	NA	2.170520
Chilean Peso	NA	NA	NA	NA	NA	NA	NA	NA	NA	NA	NA
Colombian Peso	1,375.620000	1,371.710000	1,372.890000	1,369.610000	1,369.850000	1,367.200000	1,355.080000	1,360.340000	1,360.290000	1,363.560000	1,376.240000
Czech Koruna	NA	NA	NA	NA	NA	NA	NA	NA	NA	NA	NA
Danish Krone	8.532400	8.539530	8.509290	8.496450	8.530850	8.644590	8.674250	8.639140	NA	NA	NA
Hungarian Forint	NA	NA	NA	NA	NA	NA	NA	NA	NA	NA	NA
Icelandic Krona	98.779700	98.807000	98.691500	98.871200	99.094400	99.840200	99.913700	99.770900	NA	NA	NA
Indian Rupee	49.248900	49.262600	49.385000	49.419900	49.515700	49.408900	49.104800	49.180800	49.323800	49.442200	49.870200
Indonesian Rupiah	3,475.930000	3,474.690000	3,486.000000	3,488.460000	3,499.670000	3,493.700000	3,472.200000	3,479.140000	3,489.250000	NA	3,530.160000
Iranian Rial	2,726.970000	2,737.350000	2,736.380000	2,744.050000	2,744.050000	2,754.810000	2,754.810000	2,731.950000	2,736.180000	2,736.180000	2,750.720000
Israeli New Sheqel	NA	NA	NA	NA	NA	NA	NA	NA	NA	NA	NA
Kazakhstani Tenge	NA	NA	NA	NA	NA	NA	NA	NA	NA	NA	NA
Korean Won	1,208.350000	1,207.140000	NA	1,211.690000	1,217.000000	1,210.920000	1,200.340000	1,203.760000	1,208.520000	1,212.680000	1,223.640000
Kuwaiti Dinar	0.458967	0.457722	0.459838	0.459393	NA	0.459136	0.458234	0.458598	0.459287	NA	0.462781
Libyan Dinar	0.525000	0.525000	0.525000	0.525000	0.525000	0.525000	0.525000	0.525000	0.525000	0.525000	0.525000
Malaysian Ringgit	3.954480	3.949310	3.941380	3.925780	3.926890	3.915270	3.890400	3.892500	NA	3.884070	3.908910
Mauritian Rupee	NA	NA	NA	NA	NA	NA	NA	NA	NA	NA	NA
Mexican Peso	NA	NA	NA	NA	NA	NA	NA	NA	NA	NA	NA
Nepalese Rupee	78.932900	78.904700	79.125900	79.181800	79.436300	79.265000	78.777200	78.899200	79.128400	NA	80.056100
New Zealand Dollar	2.392610	2.389560	2.393700	2.384850	2.389250	NA	2.359770	2.343970	2.335740	NA	NA
Norwegian Krone	9.657100	9.680270	9.643030	9.683630	9.713960	9.820430	9.860830	9.827560	NA	NA	NA
Rial Omani	0.602296	0.602081	0.603769	0.604196	0.606137	0.604830	0.601108	0.602039	0.603788	0.605238	0.610867
Pakistani Rupee	48.492600	48.475300	48.611200	48.645500	48.801900	48.696600	48.396900	48.471900	48.612700	48.729400	49.182600
Nuevo Sol	NA	NA	NA	NA	NA	NA	NA	NA	NA	NA	NA
Philippine Peso	NA	NA	NA	NA	NA	NA	NA	NA	NA	NA	NA
Polish Zloty	NA	NA	NA	NA	NA	NA	NA	NA	NA	NA	NA
Qatar Riyal	5.701840	5.699800	5.715780	5.719820	5.738210	5.725830	5.690590	5.699400	5.715960	5.729690	5.782980
Russian Ruble	NA	NA	NA	NA	NA	NA	NA	NA	NA	NA	NA
Saudi Arabian Riyal	5.866320	5.864220	5.880660	5.884820	5.903730	5.891000	5.854750	5.863810	5.880850	5.894970	5.949790
Singapore Dollar	2.207580	2.202720	2.208580	2.208260	2.211420	2.200510	2.189470	2.191450	2.194520	NA	2.218820
South African Rand	5.618040	5.622290	5.638050	5.640470	5.661750	5.660550	5.635100	5.645380	5.671210	NA	NA
Sri Lanka Rupee	78.055700	77.980800	78.262300	78.270400	78.443200	78.242500	77.854800	77.944000	NA	NA	79.039300
Swedish Krona	11.572900	11.573400	11.514800	11.599100	11.519000	11.564100	11.493000	11.496200	11.536700	NA	NA
Swiss Franc	1.768510	1.768660	1.765770	1.769370	1.782940	1.809770	1.815050	1.809250	1.815290	NA	NA
Thai Baht	38.597100	38.520600	38.675800	NA	38.764400	38.602200	38.427100	NA	NA	NA	38.955700
Trinidad And Tobago Dollar	9.276460	9.243700	9.290350	NA	9.348070	9.325240	9.240180	9.275150	9.274780	NA	NA
Tunisian Dinar	NA	NA	NA	NA	NA	NA	NA	NA	NA	NA	NA
U.A.E. Dirham	5.750400	5.748350	5.764460	5.768540	5.787070	5.774590	5.739060	5.747940	5.764640	5.778480	5.832230
Peso Uruguayo	NA	NA	NA	NA	NA	NA	NA	NA	NA	NA	NA
Bolivar Fuerte	NA	NA	NA	NA	NA	NA	NA	NA	NA	NA	NA

Currency units per SDR for April 1995 Continued

Currency	April 18, 1995	April 19, 1995	April 20, 1995	April 21, 1995	April 24, 1995	April 25, 1995	April 26, 1995	April 27, 1995	April 28, 1995
Chinese Yuan	NA	NA	NA	NA	NA	NA	NA	NA	13.225100
Euro	NA	NA	NA	NA	NA	NA	NA	NA	NA
Japanese Yen	130.342000	127.914000	129.125000	131.118000	130.327000	132.030000	130.163000	132.207000	131.741000
U.K. Pound Sterling	0.984018	0.987141	0.980610	0.981628	0.978423	0.983855	0.980292	0.977136	0.975522
U.S. Dollar	1.593420	1.592950	1.582410	1.574040	1.582600	1.584990	1.575820	1.579540	1.573030
Algerian Dinar	NA	NA	NA	NA	NA	NA	NA	NA	NA
Australian Dollar	2.137100	2.150600	2.150890	2.137770	NA	NA	NA	2.172380	2.155130
Bahrain Dinar	0.599126	0.598949	0.594986	0.591839	0.595058	0.595956	0.592508	0.593907	0.591459
Botswana Pula	NA	NA	NA	NA	NA	NA	NA	NA	NA
Brazilian Real	1.438860	1.438430	1.443160	NA	1.449660	1.443930	1.448180	1.445280	1.442470
Brunei Dollar	NA	NA	NA	NA	NA	NA	NA	NA	NA
Canadian Dollar	2.181870	2.183780	2.168850	2.153440	2.161040	2.163510	2.147840	2.152910	2.138690
Chilean Peso	NA	NA	NA	NA	NA	NA	NA	NA	611.515000
Colombian Peso	1,389.260000	1,392.830000	1,383.580000	1,381.030000	1,387.230000	1,391.940000	1,380.920000	1,383.330000	1,378.300000
Czech Koruna	NA	NA	NA	NA	NA	NA	NA	NA	NA
Danish Krone	8.567820	8.503960	8.571120	8.570650	8.500140	8.557360	8.527550	8.497140	8.529760
Hungarian Forint	NA	NA	NA	NA	NA	NA	NA	NA	NA
Icelandic Krona	99.461300	99.575300	NA	99.605300	99.197400	99.410600	99.450000	99.179300	99.242500
Indian Rupee	50.033400	50.018600	49.703500	49.503600	49.709500	49.752800	49.449200	49.597600	49.377400
Indonesian Rupiah	3,540.580000	3,541.130000	3,517.700000	3,500.660000	3,519.700000	3,526.600000	3,506.200000	3,514.480000	3,503.140000
Iranian Rial	2,776.310000	2,884.500000	2,783.680000	2,783.680000	2,750.630000	2,765.590000	2,769.770000	2,753.750000	2,753.750000
Israeli New Sheqel	NA	NA	NA	NA	NA	NA	NA	NA	NA
Kazakhstani Tenge	NA	NA	NA	NA	NA	NA	NA	NA	NA
Korean Won	1,225.020000	1,222.910000	1,212.600000	1,205.240000	1,209.740000	1,209.030000	1,200.620000	1,203.290000	1,196.920000
Kuwaiti Dinar	0.462140	0.461111	0.459769	NA	0.459840	0.463102	0.459793	0.461557	NA
Libyan Dinar	0.525000	0.525000	0.525000	0.525000	0.525000	0.525000	0.525000	0.525000	0.525000
Malaysian Ringgit	3.929370	3.926940	3.915670	3.897170	3.891610	NA	3.877310	3.898150	3.879880
Mauritian Rupee	NA	NA	NA	NA	NA	NA	NA	NA	NA
Mexican Peso	NA	NA	NA	NA	NA	NA	NA	NA	9.304470
Nepalese Rupee	80.292400	80.268800	79.737600	79.315900	79.747200	79.867600	79.405600	79.593000	79.265000
New Zealand Dollar	2.360270	2.357130	2.349530	2.344760	2.351560	NA	2.338710	2.361050	2.338730
Norwegian Krone	9.765270	9.724160	9.794330	9.811780	9.740900	9.788110	9.776390	9.743390	9.750430
Rial Omani	0.612670	0.612489	0.608437	0.605218	0.608510	0.609429	0.605903	0.607333	0.604830
Pakistani Rupee	49.327800	49.313300	48.955300	48.696400	48.961200	49.035200	48.751500	48.866500	48.665100
Nuevo Sol	NA	NA	NA	NA	NA	NA	NA	NA	NA
Philippine Peso	NA	NA	NA	NA	NA	NA	NA	NA	40.977400
Polish Zloty	NA	NA	NA	NA	NA	NA	NA	NA	3.728080
Qatar Riyal	5.800050	5.798340	5.759970	5.729510	5.760660	5.769360	5.735980	5.749530	5.725830
Russian Ruble	NA	NA	NA	NA	NA	NA	NA	NA	NA
Saudi Arabian Riyal	5.967360	5.965600	5.926130	5.894780	5.926840	5.935790	5.901450	5.915380	5.891000
Singapore Dollar	2.223620	2.217230	2.208250	2.202080	2.204250	2.209160	2.195590	2.203140	2.190130
South African Rand	5.725950	5.719490	5.700630	5.686220	5.709230	5.725780	5.697380	NA	5.688860
Sri Lanka Rupee	79.145200	78.962500	78.519200	78.261300	78.591900	78.837400	78.302500	78.582100	78.274000
Swedish Krona	11.613600	11.586300	11.589600	11.715600	11.713600	11.740800	11.586200	11.407400	11.375400
Swiss Franc	1.791800	1.789840	1.792080	1.803850	1.789450	1.795320	1.800370	1.787570	1.793250
Thai Baht	39.038800	38.931700	38.753200	38.674200	38.805400	38.927400	38.670600	38.825100	38.665100
Trinidad And Tobago Dollar	9.444520	9.416720	9.368340	9.297220	9.357760	9.381710	9.319710	9.339030	9.334050
Tunisian Dinar	NA	NA	NA	NA	NA	NA	NA	NA	NA
U.A.E. Dirham	5.849440	5.847720	5.809030	5.778300	5.809720	5.818500	5.784840	5.798490	5.774590
Peso Uruguayo	NA	NA	NA	NA	NA	NA	NA	NA	NA
Bolivar Fuerte	NA	NA	NA	NA	NA	NA	NA	NA	NA

Notes:


The value of the U.S. dollar in terms of the SDR is the reciprocal of the sum of the dollar values, based on market exchange rates, of specified quantities of the SDR basket currencies. See SDR Valuation.

These rates are the official rates used by the Fund to conduct operations with member countries. The rates are derived from the currency's representative exchange rate, as reported by the central bank, normally against the U.S. dollar at spot market rates and rounded to six significant digits. See Representative Exchange Rates for Selected Currencies.

The value in terms of each national currency of the SDR (shown above) is the reciprocal of the value in terms of the SDR of each national currency, rounded to six significant digits.

Exchange rates are published daily except on IMF holidays or whenever the IMF is closed for business.
