Currency units per SDR for March 1996
Currency	March 01, 1996	March 04, 1996	March 05, 1996	March 06, 1996	March 07, 1996	March 08, 1996	March 11, 1996	March 12, 1996	March 13, 1996	March 14, 1996	March 15, 1996
Chinese Yuan	NA	NA	NA	NA	NA	NA	NA	NA	NA	NA	NA
Euro	NA	NA	NA	NA	NA	NA	NA	NA	NA	NA	NA
Japanese Yen	153.975000	154.174000	154.164000	153.989000	154.254000	154.058000	154.903000	153.795000	154.181000	154.196000	154.493000
U.K. Pound Sterling	0.957283	0.958163	0.957690	0.957012	0.957109	0.956841	0.959521	0.959784	0.961525	0.960728	0.958991
U.S. Dollar	1.462250	1.464840	1.463350	1.463080	1.460740	1.462340	1.461350	1.459160	1.464210	1.464630	1.463420
Algerian Dinar	NA	NA	NA	NA	NA	NA	NA	NA	NA	NA	NA
Australian Dollar	1.912690	1.918840	1.928510	1.918290	1.911710	1.909060	1.903790	1.897720	1.892230	1.887410	1.890720
Bahrain Dinar	0.549806	0.550780	0.550220	0.550118	0.549238	0.549840	0.549468	0.548644	0.550543	0.550701	0.550246
Botswana Pula	NA	NA	NA	NA	NA	NA	NA	NA	NA	NA	NA
Brazilian Real	1.437680	1.440230	1.438330	1.438060	1.435760	1.438500	1.437240	1.435080	1.439900	1.442070	1.443080
Brunei Dollar	NA	NA	NA	NA	NA	NA	NA	NA	NA	NA	NA
Canadian Dollar	2.003720	2.008740	2.007720	2.006760	2.002380	1.998430	1.997370	1.995690	2.002310	2.003030	1.995520
Chilean Peso	NA	NA	NA	NA	NA	NA	NA	NA	NA	NA	NA
Colombian Peso	1,520.590000	1,524.460000	1,523.760000	1,524.280000	1,522.130000	1,524.650000	1,523.340000	1,522.630000	1,528.740000	1,530.520000	1,529.920000
Czech Koruna	NA	NA	NA	NA	NA	NA	NA	NA	NA	NA	NA
Danish Krone	8.357490	8.334940	8.366700	8.354190	8.374420	8.353620	8.372070	8.360990	8.335750	8.328620	8.329050
Hungarian Forint	NA	NA	NA	NA	NA	NA	NA	NA	NA	NA	NA
Icelandic Krona	97.166500	97.118900	97.239600	97.133900	97.183000	97.114000	97.209000	97.092500	97.047800	97.031700	96.951600
Indian Rupee	50.359900	50.434400	50.383100	49.993400	49.840400	49.792700	49.802800	49.742800	49.885600	49.973200	50.370900
Indonesian Rupiah	3,393.880000	3,399.890000	3,399.360000	3,398.730000	3,394.760000	3,398.480000	3,396.180000	3,395.470000	3,414.540000	3,418.450000	3,418.550000
Iranian Rial	2,574.850000	2,555.280000	NA	2,557.200000	2,556.730000	2,556.730000	2,555.440000	2,553.710000	2,549.880000	2,558.710000	NA
Israeli New Sheqel	NA	NA	NA	NA	NA	NA	NA	NA	NA	NA	NA
Kazakhstani Tenge	NA	NA	NA	NA	NA	NA	NA	NA	NA	NA	NA
Korean Won	NA	1,146.820000	1,142.730000	1,140.320000	1,137.620000	1,137.850000	1,136.780000	1,136.830000	1,142.820000	1,142.700000	1,142.200000
Kuwaiti Dinar	NA	0.437636	0.437337	0.437066	0.436732	NA	0.436914	0.436260	0.437316	0.437441	NA
Libyan Dinar	0.525000	0.525000	0.525000	0.525000	0.525000	0.525000	0.525000	0.525000	0.525000	0.525000	0.525000
Malaysian Ringgit	3.725670	3.728750	3.727880	3.721050	3.709400	3.718440	3.720740	3.711370	3.721290	3.724110	3.718840
Mauritian Rupee	NA	NA	NA	NA	NA	NA	NA	NA	NA	NA	NA
Mexican Peso	NA	NA	NA	NA	NA	NA	NA	NA	NA	NA	NA
Nepalese Rupee	81.900600	82.075000	81.991500	81.976400	81.187900	81.203700	81.148800	81.027200	81.307600	81.330900	81.263700
New Zealand Dollar	2.168870	2.177230	2.170180	2.166240	2.163100	2.167710	2.166890	2.147090	2.143480	2.141900	2.124590
Norwegian Krone	9.412500	9.396950	9.429100	9.413460	9.434920	9.404310	9.424250	9.407200	9.384120	9.383880	9.365890
Rial Omani	0.562235	0.563231	0.562658	0.562554	0.561655	0.562270	0.561889	0.561047	0.562989	0.563150	0.562685
Pakistani Rupee	50.427200	50.516500	50.465100	50.455800	50.463000	50.518300	50.484100	50.408400	50.670900	50.685400	50.643600
Nuevo Sol	NA	NA	NA	NA	NA	NA	NA	NA	NA	NA	NA
Philippine Peso	NA	NA	NA	NA	NA	NA	NA	NA	NA	NA	NA
Polish Zloty	NA	NA	NA	NA	NA	NA	NA	NA	NA	NA	NA
Qatar Riyal	5.322590	5.332020	5.326590	5.325610	5.317090	5.322920	5.319310	5.311340	5.329720	5.331250	5.326850
Russian Ruble	NA	NA	NA	NA	NA	NA	NA	NA	NA	NA	NA
Saudi Arabian Riyal	5.476130	5.485830	5.480250	5.479230	5.470470	5.476460	5.472760	5.464550	5.483470	5.485040	5.480510
Singapore Dollar	2.066160	2.065420	2.068740	2.065580	2.063300	2.060730	2.058750	2.053910	2.060440	2.061760	2.060350
South African Rand	5.684500	5.716540	5.681460	5.673090	5.688850	5.728720	5.758450	5.730850	5.721400	5.762590	5.765870
Sri Lanka Rupee	79.173500	NA	79.236700	79.214800	79.088100	79.174700	79.132100	79.006200	79.279700	79.302400	79.251500
Swedish Krona	NA	9.895290	NA	9.993570	9.955820	9.958540	10.014300	9.952050	9.951210	9.941620	9.918910
Swiss Franc	1.762740	1.757370	1.761140	1.759650	1.760630	1.758460	1.755080	1.755370	1.737290	1.739250	1.739570
Thai Baht	NA	36.943300	36.905700	36.884200	36.839900	36.865600	36.884500	36.800000	36.912700	36.923300	36.907500
Trinidad And Tobago Dollar	8.704480	8.715510	8.706490	8.706940	8.687750	8.700920	8.690500	8.684770	8.706780	8.714550	8.713790
Tunisian Dinar	NA	NA	NA	NA	NA	NA	NA	NA	NA	NA	NA
U.A.E. Dirham	5.367920	5.377430	5.371960	5.370970	5.362380	5.368250	5.364620	5.356580	5.375110	5.376660	5.372210
Peso Uruguayo	NA	NA	NA	NA	NA	NA	NA	NA	NA	NA	NA
Bolivar Fuerte	NA	NA	NA	NA	NA	NA	NA	NA	NA	NA	NA

Currency units per SDR for March 1996 Continued

Currency	March 18, 1996	March 19, 1996	March 20, 1996	March 21, 1996	March 22, 1996	March 25, 1996	March 26, 1996	March 27, 1996	March 28, 1996	March 29, 1996
Chinese Yuan	NA	NA	NA	NA	NA	NA	NA	NA	NA	12.177400
Euro	NA	NA	NA	NA	NA	NA	NA	NA	NA	NA
Japanese Yen	154.991000	154.942000	155.213000	155.437000	156.347000	155.597000	155.296000	155.127000	NA	155.297000
U.K. Pound Sterling	0.957076	0.954610	0.952108	0.950156	0.950890	0.958800	0.957713	0.958113	0.959324	0.957919
U.S. Dollar	1.463560	1.461030	1.463580	1.461150	1.459140	1.461690	1.461470	1.457960	1.457980	1.461210
Algerian Dinar	NA	NA	NA	NA	NA	NA	NA	NA	NA	NA
Australian Dollar	1.892620	1.883260	1.891170	1.884870	1.877920	1.887030	1.890160	1.880750	1.862760	1.875030
Bahrain Dinar	0.550299	0.549347	0.550306	0.549392	0.548637	0.549595	0.549513	0.548193	0.548200	0.549415
Botswana Pula	NA	NA	NA	NA	NA	NA	NA	NA	NA	NA
Brazilian Real	1.443070	1.440280	1.443090	1.442890	1.439590	1.442250	1.442620	1.439440	1.439760	1.442650
Brunei Dollar	NA	NA	NA	NA	NA	NA	NA	NA	NA	NA
Canadian Dollar	1.989420	1.985100	1.990030	1.988630	1.987350	1.991410	1.992710	1.987640	1.987520	1.991920
Chilean Peso	NA	NA	NA	NA	NA	NA	NA	NA	NA	601.507000
Colombian Peso	1,531.020000	1,529.350000	1,532.720000	1,530.770000	1,529.760000	1,531.850000	1,531.620000	1,529.520000	1,529.740000	1,531.960000
Czech Koruna	NA	NA	NA	NA	NA	NA	NA	NA	NA	NA
Danish Krone	8.329120	8.342480	8.325570	8.330020	8.334610	8.329440	8.328920	8.348280	8.358600	8.323050
Hungarian Forint	NA	NA	NA	NA	NA	NA	NA	NA	NA	NA
Icelandic Krona	96.887700	96.866300	96.728000	96.655100	96.682600	96.793100	96.734700	96.823100	96.882800	96.746700
Indian Rupee	50.580600	52.173400	52.264400	51.374000	50.413300	50.486800	49.880000	49.745600	49.746300	50.163300
Indonesian Rupiah	3,418.880000	3,410.040000	3,416.000000	3,410.320000	3,405.630000	3,414.510000	3,416.920000	3,408.710000	3,405.840000	3,414.850000
Iranian Rial	2,557.330000	2,557.330000	2,557.330000	NA	NA	2,549.850000	2,554.300000	2,553.920000	2,547.910000	2,547.910000
Israeli New Sheqel	NA	NA	NA	NA	NA	NA	NA	NA	NA	NA
Kazakhstani Tenge	NA	NA	NA	NA	NA	NA	NA	NA	NA	NA
Korean Won	1,142.600000	1,142.230000	1,144.080000	1,142.910000	1,143.380000	1,146.260000	1,143.600000	1,141.440000	1,140.720000	1,143.400000
Kuwaiti Dinar	0.437107	0.436673	0.437230	0.436635	NA	0.436885	0.436819	0.435930	0.436301	NA
Libyan Dinar	0.525000	0.525000	0.525000	0.525000	0.525000	0.525000	0.525000	0.525000	0.525000	0.525000
Malaysian Ringgit	3.718170	3.714380	3.721150	3.720530	3.715990	3.717810	3.717980	3.703220	3.706910	3.706800
Mauritian Rupee	NA	NA	NA	NA	NA	NA	NA	NA	NA	NA
Mexican Peso	NA	NA	NA	NA	NA	NA	NA	NA	NA	11.024800
Nepalese Rupee	81.271500	81.131000	81.272600	81.795200	81.755600	81.869300	81.856900	80.960500	80.961600	81.141000
New Zealand Dollar	2.140960	2.139450	2.146010	2.130270	2.128270	2.130740	2.130110	2.134330	2.144090	2.154220
Norwegian Krone	9.386540	9.398080	9.372770	9.374740	9.377160	9.377470	9.379710	9.405300	9.409800	9.364890
Rial Omani	0.562739	0.561766	0.562747	0.561812	0.561039	0.562020	0.561935	0.560586	0.560593	0.561835
Pakistani Rupee	50.648400	50.560800	50.649100	50.565000	50.495400	50.583700	50.576100	50.454600	50.455300	50.567100
Nuevo Sol	NA	NA	NA	NA	NA	NA	NA	NA	NA	NA
Philippine Peso	NA	NA	NA	NA	NA	NA	NA	NA	NA	38.254500
Polish Zloty	NA	NA	NA	NA	NA	NA	NA	NA	NA	3.774310
Qatar Riyal	5.327360	5.318150	5.327430	5.318590	5.311270	5.320550	5.319750	5.306970	5.307050	5.318800
Russian Ruble	NA	NA	NA	NA	NA	NA	NA	NA	NA	NA
Saudi Arabian Riyal	5.481030	5.471560	5.481110	5.472010	5.464480	5.474030	5.473210	5.460060	5.460140	5.472230
Singapore Dollar	2.059380	2.057280	2.059700	2.060510	2.058410	2.058500	2.056730	2.052370	NA	2.057380
South African Rand	5.751790	5.739660	5.749670	NA	5.722020	5.742250	5.764770	5.815070	5.815150	5.816350
Sri Lanka Rupee	79.288400	79.224400	79.373600	79.168800	79.023400	79.146900	79.134900	78.948500	78.986100	79.146400
Swedish Krona	9.851950	NA	9.650850	9.693270	9.671180	9.669810	9.670110	9.693980	9.736240	9.783680
Swiss Franc	1.737390	1.743740	1.742100	1.745780	1.746300	1.740140	1.740900	1.744890	1.747390	1.739130
Thai Baht	36.925600	36.876400	36.940800	36.879400	36.857900	36.907700	36.887500	36.798900	36.814000	36.866300
Trinidad And Tobago Dollar	8.705990	8.690790	8.705520	8.688140	8.685820	8.695890	8.700420	8.673400	8.680960	8.698000
Tunisian Dinar	NA	NA	NA	NA	NA	NA	NA	NA	NA	NA
U.A.E. Dirham	5.372730	5.363440	5.372800	5.363880	5.356500	5.365860	5.365060	5.352170	5.352240	5.364100
Peso Uruguayo	NA	NA	NA	NA	NA	NA	NA	NA	NA	NA
Bolivar Fuerte	NA	NA	NA	NA	NA	NA	NA	NA	NA	NA

Notes:


The value of the U.S. dollar in terms of the SDR is the reciprocal of the sum of the dollar values, based on market exchange rates, of specified quantities of the SDR basket currencies. See SDR Valuation.

These rates are the official rates used by the Fund to conduct operations with member countries. The rates are derived from the currency's representative exchange rate, as reported by the central bank, normally against the U.S. dollar at spot market rates and rounded to six significant digits. See Representative Exchange Rates for Selected Currencies.

The value in terms of each national currency of the SDR (shown above) is the reciprocal of the value in terms of the SDR of each national currency, rounded to six significant digits.

Exchange rates are published daily except on IMF holidays or whenever the IMF is closed for business.
