Currency units per SDR for November 1996
Currency	November 01, 1996	November 04, 1996	November 05, 1996	November 06, 1996	November 07, 1996	November 08, 1996	November 11, 1996	November 12, 1996	November 13, 1996	November 14, 1996	November 15, 1996
Chinese Yuan	NA	NA	NA	NA	NA	NA	NA	NA	NA	NA	NA
Euro	NA	NA	NA	NA	NA	NA	NA	NA	NA	NA	NA
Japanese Yen	164.820000	NA	164.544000	164.678000	163.775000	162.966000	162.341000	162.271000	162.405000	162.727000	162.219000
U.K. Pound Sterling	0.881311	0.884465	0.876422	0.879598	0.884635	0.881026	0.883852	0.883496	0.881003	0.874577	0.874850
U.S. Dollar	1.445790	1.447780	1.448200	1.445180	1.453190	1.452460	1.455970	1.459270	1.455240	1.456170	1.456450
Algerian Dinar	NA	NA	NA	NA	NA	NA	NA	NA	NA	NA	NA
Australian Dollar	1.830580	1.835890	1.839920	1.827490	1.856400	1.853340	1.848150	1.853280	1.845580	1.842790	1.842210
Bahrain Dinar	0.543617	0.544365	0.544523	0.543388	0.546399	0.546125	0.547445	0.548686	0.547170	0.547520	0.547625
Botswana Pula	NA	NA	NA	NA	NA	NA	NA	NA	NA	NA	NA
Brazilian Real	1.484540	1.487160	1.487590	1.484490	1.492720	1.493130	1.497760	1.501440	1.499330	1.500000	NA
Brunei Dollar	NA	NA	NA	NA	NA	NA	NA	NA	NA	NA	NA
Canadian Dollar	1.930130	1.933800	1.930160	1.922960	1.935790	1.934100	NA	1.947540	1.940710	1.942240	1.947860
Chilean Peso	NA	NA	NA	NA	NA	NA	NA	NA	NA	NA	NA
Colombian Peso	1,445.990000	1,447.040000	1,447.460000	1,454.370000	1,458.640000	1,451.860000	1,457.780000	1,461.080000	1,455.560000	1,452.350000	1,458.900000
Czech Koruna	NA	NA	NA	NA	NA	NA	NA	NA	NA	NA	NA
Danish Krone	8.438350	8.418840	8.413320	8.452860	8.423420	8.425720	8.427880	8.376210	8.415650	8.415930	8.423380
Hungarian Forint	NA	NA	NA	NA	NA	NA	NA	NA	NA	NA	NA
Icelandic Krona	96.116100	96.103600	96.044600	96.263400	96.230200	96.254500	96.327000	96.165900	96.322300	96.296500	96.329600
Indian Rupee	51.571300	51.671300	51.729700	51.636300	51.951500	51.925400	52.007200	NA	52.097600	52.116300	52.170000
Indonesian Rupiah	3,394.710000	3,399.390000	3,400.370000	3,393.280000	3,412.090000	3,410.380000	3,418.620000	3,426.370000	3,416.900000	3,419.090000	3,419.740000
Iranian Rial	2,530.700000	2,533.750000	2,537.230000	2,537.970000	2,532.680000	2,532.680000	2,545.440000	2,551.590000	2,555.370000	2,550.310000	2,550.310000
Israeli New Sheqel	NA	NA	NA	NA	NA	NA	NA	NA	NA	NA	NA
Kazakhstani Tenge	NA	NA	NA	NA	NA	NA	NA	NA	NA	NA	NA
Korean Won	1,198.420000	1,194.420000	1,195.340000	1,193.860000	1,204.690000	1,204.230000	1,207.730000	1,208.570000	1,205.670000	1,207.890000	1,207.540000
Kuwaiti Dinar	NA	0.433132	0.432997	0.432615	0.434010	NA	0.434738	0.435388	0.434724	0.434710	NA
Libyan Dinar	0.525000	0.525000	0.525000	0.525000	0.525000	0.525000	0.525000	0.525000	0.525000	0.525000	0.525000
Malaysian Ringgit	3.655680	3.660420	3.654970	3.651250	3.662770	3.662670	NA	3.678090	3.672300	3.678720	3.678700
Mauritian Rupee	NA	NA	NA	NA	NA	NA	NA	NA	NA	NA	NA
Mexican Peso	NA	NA	NA	NA	NA	NA	NA	NA	NA	NA	NA
Nepalese Rupee	82.453400	82.566900	82.590800	82.418600	82.875400	82.833800	83.034000	83.222200	82.992300	83.045400	83.061300
New Zealand Dollar	2.046410	2.044020	2.042020	2.036330	2.049920	2.049470	2.052690	2.063450	2.046460	2.050650	2.050180
Norwegian Krone	9.246550	9.229600	9.188100	9.254930	9.223400	9.228200	9.187170	9.164220	9.197120	9.184060	9.213500
Rial Omani	0.555906	0.556671	0.556833	0.555672	0.558752	0.558471	0.559820	0.561089	0.559540	0.559897	0.560005
Pakistani Rupee	58.150100	58.230100	58.247000	58.125600	58.447700	58.418400	58.559600	58.692300	58.530200	58.567600	58.578900
Nuevo Sol	NA	NA	NA	NA	NA	NA	NA	NA	NA	NA	NA
Philippine Peso	NA	NA	NA	NA	NA	NA	NA	NA	NA	NA	NA
Polish Zloty	NA	NA	NA	NA	NA	NA	NA	NA	NA	NA	NA
Qatar Riyal	5.262680	5.269920	5.271450	5.260460	5.289610	5.286950	5.299730	5.311740	5.297070	5.300460	5.301480
Russian Ruble	NA	NA	NA	NA	NA	NA	NA	NA	NA	NA	NA
Saudi Arabian Riyal	5.414480	5.421940	5.423510	5.412200	5.442200	5.439460	5.452610	5.464970	5.449870	5.453360	5.454410
Singapore Dollar	2.037550	2.038910	2.038920	2.036550	2.042170	2.037080	NA	2.041080	2.039230	2.040680	2.039610
South African Rand	6.769910	6.798050	6.802920	6.794510	6.830720	6.827290	6.846700	6.830110	6.817070	6.827250	6.818370
Sri Lanka Rupee	81.770300	81.850200	81.866700	81.710500	82.123400	82.096700	82.276900	82.437800	82.239300	82.273600	82.289400
Swedish Krona	9.534260	9.527840	9.562460	9.580820	9.583060	9.620370	NA	9.611190	9.650420	9.639850	9.635290
Swiss Franc	1.839330	1.836510	1.840660	1.845640	1.838290	1.848840	1.841800	1.833570	1.845970	1.849770	1.859160
Thai Baht	36.867600	36.889400	36.900100	36.852100	36.998200	36.965100	37.010800	37.065500	37.006800	37.030400	37.023000
Trinidad And Tobago Dollar	8.718980	8.722440	8.713670	8.736980	8.783660	8.797260	NA	8.844640	8.853970	8.866470	8.878230
Tunisian Dinar	NA	NA	NA	NA	NA	NA	NA	NA	NA	NA	NA
U.A.E. Dirham	5.307500	5.314800	5.316340	5.305260	5.334660	5.331980	5.344870	5.356980	5.342190	5.345600	5.346630
Peso Uruguayo	NA	NA	NA	NA	NA	NA	NA	NA	NA	NA	NA
Bolivar Fuerte	NA	NA	NA	NA	NA	NA	NA	NA	NA	NA	NA

Currency units per SDR for November 1996 Continued

Currency	November 18, 1996	November 19, 1996	November 20, 1996	November 21, 1996	November 22, 1996	November 25, 1996	November 26, 1996	November 27, 1996	November 28, 1996	November 29, 1996
Chinese Yuan	NA	NA	NA	NA	NA	NA	NA	NA	NA	11.992100
Euro	NA	NA	NA	NA	NA	NA	NA	NA	NA	NA
Japanese Yen	161.858000	162.837000	162.707000	162.831000	162.660000	162.506000	162.879000	163.642000	163.558000	164.354000
U.K. Pound Sterling	0.873813	0.871347	0.870344	0.867615	0.866552	0.864252	0.867861	0.863182	0.861317	0.858615
U.S. Dollar	1.456210	1.458460	1.461220	1.460370	1.459880	1.454190	1.448460	1.448160	1.444860	1.444620
Algerian Dinar	NA	NA	NA	NA	NA	NA	NA	NA	NA	NA
Australian Dollar	1.841440	1.835930	1.834090	1.810080	1.803210	1.792860	1.785800	1.786970	1.783560	1.781940
Bahrain Dinar	0.547535	0.548381	0.549419	0.549099	0.548915	0.546775	0.544621	0.544508	0.543267	0.543177
Botswana Pula	NA	NA	NA	NA	NA	NA	NA	NA	NA	NA
Brazilian Real	1.499460	1.501630	1.504330	1.504180	1.504110	1.498250	1.492350	1.493340	1.490520	1.490850
Brunei Dollar	NA	NA	NA	NA	NA	NA	NA	NA	NA	NA
Canadian Dollar	1.953800	1.957400	1.961400	NA	1.955220	1.950070	1.943980	1.950240	1.946520	1.948500
Chilean Peso	NA	NA	NA	NA	NA	NA	NA	NA	NA	608.980000
Colombian Peso	1,455.740000	1,452.570000	1,452.480000	NA	1,451.660000	1,447.410000	1,441.290000	1,440.990000	1,438.980000	1,437.310000
Czech Koruna	NA	NA	NA	NA	NA	NA	NA	NA	NA	NA
Danish Krone	8.416890	8.414580	8.419550	8.404430	8.407450	8.451750	8.468420	8.473910	8.496500	8.503030
Hungarian Forint	NA	NA	NA	NA	NA	NA	NA	NA	NA	NA
Icelandic Krona	96.342900	96.389600	96.367500	96.209200	96.220700	96.252800	96.250200	96.288200	96.256600	96.283900
Indian Rupee	52.088600	52.154500	52.180200	52.179000	52.103100	NA	51.739000	51.684800	51.610400	51.659600
Indonesian Rupiah	3,419.180000	3,424.460000	3,430.940000	3,428.950000	3,427.800000	3,414.440000	3,400.980000	3,400.280000	3,392.530000	3,391.970000
Iranian Rial	2,552.430000	2,552.000000	2,555.950000	2,560.790000	2,560.790000	2,558.440000	2,548.470000	2,538.430000	2,537.900000	2,537.900000
Israeli New Sheqel	NA	NA	NA	NA	NA	NA	NA	NA	NA	NA
Kazakhstani Tenge	NA	NA	NA	NA	NA	NA	NA	NA	NA	NA
Korean Won	1,205.600000	1,206.730000	1,209.890000	1,210.500000	1,211.410000	NA	1,200.050000	1,200.520000	1,199.090000	1,197.300000
Kuwaiti Dinar	0.434722	0.435234	0.435911	0.435482	NA	0.434148	0.432959	0.433043	0.432056	NA
Libyan Dinar	0.525000	0.525000	0.525000	0.525000	0.525000	0.525000	0.525000	0.525000	0.525000	0.525000
Malaysian Ringgit	3.676200	3.680860	3.684170	3.678090	3.679630	3.668340	3.658520	3.658780	3.653040	3.650550
Mauritian Rupee	NA	NA	NA	NA	NA	NA	NA	NA	NA	NA
Mexican Peso	NA	NA	NA	NA	NA	NA	NA	NA	NA	11.404600
Nepalese Rupee	83.047700	83.176000	83.333400	83.284900	83.257000	82.932500	82.605700	82.588600	82.400400	82.386700
New Zealand Dollar	2.055050	2.049840	2.043950	2.040190	2.039790	2.034690	2.037500	2.043120	2.039320	2.037550
Norwegian Krone	9.214900	9.242260	9.241490	9.214200	9.237390	9.275550	9.290420	9.283430	9.247830	9.247730
Rial Omani	0.559913	0.560778	0.561839	0.561512	0.561324	0.559136	0.556933	0.556818	0.555549	0.555456
Pakistani Rupee	58.569200	58.659700	58.770700	58.736500	58.716800	58.488000	58.257500	58.245400	58.112700	58.103000
Nuevo Sol	NA	NA	NA	NA	NA	NA	NA	NA	NA	NA
Philippine Peso	NA	NA	NA	NA	NA	NA	NA	NA	NA	37.921300
Polish Zloty	NA	NA	NA	NA	NA	NA	NA	NA	NA	4.113560
Qatar Riyal	5.300600	5.308790	5.318840	5.315750	5.313960	5.293250	5.272390	5.271300	5.259290	5.258420
Russian Ruble	NA	NA	NA	NA	NA	NA	NA	NA	NA	NA
Saudi Arabian Riyal	5.453510	5.461930	5.472270	5.469090	5.467250	5.445940	5.424480	5.423360	5.411000	5.410100
Singapore Dollar	2.038110	2.041840	2.046440	2.048750	2.044710	2.037320	2.032040	2.030030	2.025550	2.026080
South African Rand	6.782300	6.767250	6.810020	6.740340	6.751220	6.707450	6.641910	6.599990	6.606620	6.651750
Sri Lanka Rupee	82.268600	82.388400	82.555300	82.459800	82.428500	82.139900	81.863300	81.868100	81.703200	81.718500
Swedish Krona	9.632830	9.626570	9.675470	9.644140	9.672730	9.657280	9.639500	9.646190	9.641260	9.671010
Swiss Franc	1.858120	1.851080	1.850640	1.848830	1.852880	1.855400	1.873290	1.869140	1.873410	1.876130
Thai Baht	37.016900	37.074100	37.158800	37.108000	37.081000	36.980100	36.877800	36.899100	36.829500	36.852300
Trinidad And Tobago Dollar	8.972730	9.000300	9.034280	9.010920	8.969650	8.940210	8.913100	8.903140	8.883580	8.912010
Tunisian Dinar	NA	NA	NA	NA	NA	NA	NA	NA	NA	NA
U.A.E. Dirham	5.345750	5.354010	5.364140	5.361020	5.359220	5.338330	5.317300	5.316200	5.304080	5.303200
Peso Uruguayo	NA	NA	NA	NA	NA	NA	NA	NA	NA	NA
Bolivar Fuerte	NA	NA	NA	NA	NA	NA	NA	NA	NA	NA

Notes:


The value of the U.S. dollar in terms of the SDR is the reciprocal of the sum of the dollar values, based on market exchange rates, of specified quantities of the SDR basket currencies. See SDR Valuation.

These rates are the official rates used by the Fund to conduct operations with member countries. The rates are derived from the currency's representative exchange rate, as reported by the central bank, normally against the U.S. dollar at spot market rates and rounded to six significant digits. See Representative Exchange Rates for Selected Currencies.

The value in terms of each national currency of the SDR (shown above) is the reciprocal of the value in terms of the SDR of each national currency, rounded to six significant digits.

Exchange rates are published daily except on IMF holidays or whenever the IMF is closed for business.
