Currency units per SDR for February 1996
Currency	February 01, 1996	February 02, 1996	February 05, 1996	February 06, 1996	February 07, 1996	February 08, 1996	February 09, 1996	February 12, 1996	February 13, 1996	February 14, 1996	February 15, 1996
Chinese Yuan	NA	NA	NA	NA	NA	NA	NA	NA	NA	NA	NA
Euro	NA	NA	NA	NA	NA	NA	NA	NA	NA	NA	NA
Japanese Yen	155.158000	155.587000	155.365000	154.166000	154.744000	154.805000	156.772000	NA	156.111000	156.114000	155.683000
U.K. Pound Sterling	0.960845	0.958157	0.956478	0.953119	0.951786	0.951317	0.951468	0.953627	0.953227	0.949753	0.952323
U.S. Dollar	1.453470	1.455440	1.463220	1.466850	1.462610	1.459320	1.461740	1.460670	1.459390	1.462430	1.465530
Algerian Dinar	NA	NA	NA	NA	NA	NA	NA	NA	NA	NA	NA
Australian Dollar	1.948870	1.939810	1.930880	NA	1.942890	1.933900	1.932750	1.931080	1.931180	1.939310	1.941610
Bahrain Dinar	0.546505	0.547245	0.550171	0.551536	0.549941	0.548704	0.549614	0.549212	0.548731	0.549874	0.551039
Botswana Pula	NA	NA	NA	NA	NA	NA	NA	NA	NA	NA	NA
Brazilian Real	1.420910	1.422840	1.430440	1.434140	1.429850	1.426920	1.429140	1.428240	1.426850	1.432600	1.436660
Brunei Dollar	NA	NA	NA	NA	NA	NA	NA	NA	NA	NA	NA
Canadian Dollar	1.996630	2.000650	2.015730	2.014720	1.997780	1.998540	2.005650	2.004920	2.002280	2.016250	2.020530
Chilean Peso	NA	NA	NA	NA	NA	NA	NA	NA	NA	NA	NA
Colombian Peso	1,491.700000	1,491.670000	1,494.370000	1,500.480000	1,493.760000	1,491.830000	1,497.070000	1,494.370000	1,499.580000	1,504.230000	1,505.930000
Czech Koruna	NA	NA	NA	NA	NA	NA	NA	NA	NA	NA	NA
Danish Krone	8.385800	8.377510	8.357910	8.328770	8.350040	8.362630	8.351650	8.325820	8.330200	8.318300	8.311750
Hungarian Forint	NA	NA	NA	NA	NA	NA	NA	NA	NA	NA	NA
Icelandic Krona	97.440600	97.383500	97.377300	97.237500	97.234300	97.322100	97.337300	97.163800	97.151600	97.163800	97.164600
Indian Rupee	53.080700	53.400100	NA	55.652300	54.950300	54.491000	54.084400	54.015600	53.953600	53.539600	53.887500
Indonesian Rupiah	3,357.520000	3,363.520000	3,382.960000	3,391.360000	3,381.550000	3,375.410000	3,382.470000	3,379.990000	3,378.490000	3,385.530000	3,394.170000
Iranian Rial	2,536.830000	2,536.830000	2,543.380000	2,556.980000	2,563.320000	2,555.910000	2,555.910000	2,554.390000	2,552.520000	2,550.280000	2,555.600000
Israeli New Sheqel	NA	NA	NA	NA	NA	NA	NA	NA	NA	NA	NA
Kazakhstani Tenge	NA	NA	NA	NA	NA	NA	NA	NA	NA	NA	NA
Korean Won	1,142.280000	1,141.210000	1,145.410000	1,142.970000	1,137.620000	1,137.690000	1,153.310000	1,140.780000	1,136.430000	1,138.650000	1,141.060000
Kuwaiti Dinar	0.435213	NA	0.437474	0.437987	0.437072	0.436556	NA	0.436959	0.436445	0.437091	0.437402
Libyan Dinar	0.525000	0.525000	0.525000	0.525000	0.525000	0.525000	0.525000	0.525000	0.525000	0.525000	0.525000
Malaysian Ringgit	NA	3.714280	3.733410	3.729320	3.715470	3.712510	3.727440	3.723980	3.719260	3.721880	3.726110
Mauritian Rupee	NA	NA	NA	NA	NA	NA	NA	NA	NA	NA	NA
Mexican Peso	NA	NA	NA	NA	NA	NA	NA	NA	NA	NA	NA
Nepalese Rupee	84.344900	84.459200	84.910700	88.055000	87.800500	87.603000	87.748300	87.464900	86.877500	87.058500	85.777500
New Zealand Dollar	2.162580	2.156210	2.163570	NA	2.167790	2.170640	2.166180	2.168780	2.169130	2.172030	2.170510
Norwegian Krone	9.472260	9.456720	9.442890	9.412780	9.417010	9.419910	9.422380	9.400140	9.405770	9.396840	9.392580
Rial Omani	0.558859	0.559617	0.562608	0.564004	0.562374	0.561109	0.562039	0.561628	0.561135	0.562304	0.563496
Pakistani Rupee	50.022500	50.090300	50.358000	50.483000	50.337000	50.223800	50.307100	50.270300	50.226200	50.330800	50.437500
Nuevo Sol	NA	NA	NA	NA	NA	NA	NA	NA	NA	NA	NA
Philippine Peso	NA	NA	NA	NA	NA	NA	NA	NA	NA	NA	NA
Polish Zloty	NA	NA	NA	NA	NA	NA	NA	NA	NA	NA	NA
Qatar Riyal	5.290630	5.297800	5.326120	5.339330	5.323900	5.311920	5.320730	5.316840	5.312180	5.323250	5.334530
Russian Ruble	NA	NA	NA	NA	NA	NA	NA	NA	NA	NA	NA
Saudi Arabian Riyal	5.443250	5.450620	5.479760	5.493350	5.477470	5.465150	5.474220	5.470210	5.465420	5.476800	5.488410
Singapore Dollar	2.063200	2.064690	2.072500	2.074130	2.069450	2.063620	2.070990	2.067870	2.063430	2.068750	2.070500
South African Rand	5.308800	5.315990	5.335630	5.343000	5.330480	5.322870	5.330230	5.329250	5.324580	5.331290	5.354310
Sri Lanka Rupee	NA	NA	NA	79.510600	79.284400	79.109700	79.240900	79.179300	79.109900	79.271000	79.431700
Swedish Krona	10.116700	10.144400	10.208700	10.215900	10.230200	NA	10.216800	10.179700	10.112100	10.195200	10.190600
Swiss Franc	1.766690	1.773890	1.765370	1.755380	1.762880	1.763300	1.759500	1.756020	1.757840	1.755650	1.752770
Thai Baht	36.801900	36.866300	37.004800	37.038000	36.916300	36.877000	36.982000	36.940300	36.893400	36.955600	37.004600
Trinidad And Tobago Dollar	8.640880	8.661320	8.708060	8.728930	8.704580	8.687190	8.694870	8.692160	8.680160	8.706430	8.723860
Tunisian Dinar	NA	NA	NA	NA	NA	NA	NA	NA	NA	NA	NA
U.A.E. Dirham	5.335690	5.342920	5.371480	5.384810	5.369240	5.357160	5.366050	5.362120	5.357420	5.368580	5.379960
Peso Uruguayo	NA	NA	NA	NA	NA	NA	NA	NA	NA	NA	NA
Bolivar Fuerte	NA	NA	NA	NA	NA	NA	NA	NA	NA	NA	NA

Currency units per SDR for February 1996 Continued

Currency	February 16, 1996	February 19, 1996	February 20, 1996	February 21, 1996	February 22, 1996	February 23, 1996	February 26, 1996	February 27, 1996	February 28, 1996	February 29, 1996
Chinese Yuan	NA	NA	NA	NA	NA	NA	NA	NA	NA	12.219400
Euro	NA	NA	NA	NA	NA	NA	NA	NA	NA	NA
Japanese Yen	155.007000	154.942000	155.534000	154.844000	155.403000	154.204000	154.804000	154.086000	153.828000	153.771000
U.K. Pound Sterling	0.951827	0.952776	0.952901	0.953158	0.954502	0.955938	0.958099	0.958265	0.957719	0.958043
U.S. Dollar	1.466480	1.474230	1.471470	1.471200	1.472320	1.470710	1.476430	1.475920	1.473450	1.468680
Algerian Dinar	NA	NA	NA	NA	NA	NA	NA	NA	NA	NA
Australian Dollar	1.941330	1.945920	1.943560	1.950160	1.955270	1.947440	1.948050	1.946350	1.940280	1.923610
Bahrain Dinar	0.551396	0.554310	0.553273	0.553171	0.553592	0.552987	0.555138	0.554946	0.554017	0.552224
Botswana Pula	NA	NA	NA	NA	NA	NA	NA	NA	NA	NA
Brazilian Real	1.440670	NA	NA	1.445010	1.444790	1.443350	1.448670	1.450240	1.448400	NA
Brunei Dollar	NA	NA	NA	NA	NA	NA	NA	NA	NA	NA
Canadian Dollar	2.026240	2.043280	2.032250	2.028050	2.025180	2.025310	2.030390	2.028650	2.025700	2.015320
Chilean Peso	NA	NA	NA	NA	NA	NA	NA	NA	NA	605.243000
Colombian Peso	1,511.460000	1,517.720000	1,520.630000	1,521.720000	1,524.480000	1,522.240000	1,530.630000	1,532.730000	1,531.000000	1,527.150000
Czech Koruna	NA	NA	NA	NA	NA	NA	NA	NA	NA	NA
Danish Krone	8.324470	8.263060	8.281430	8.267410	8.280330	8.281570	8.245120	8.282130	8.294050	8.326680
Hungarian Forint	NA	NA	NA	NA	NA	NA	NA	NA	NA	NA
Icelandic Krona	97.213000	96.989600	97.117000	96.922700	96.937500	96.949200	96.809500	96.982700	96.953000	97.094400
Indian Rupee	53.746500	54.045300	53.796900	NA	53.931100	53.783900	53.328700	52.631300	52.071700	51.447900
Indonesian Rupiah	3,396.370000	3,414.320000	3,407.920000	3,407.300000	3,412.840000	3,409.110000	3,422.360000	3,427.090000	3,436.090000	3,408.810000
Iranian Rial	2,555.600000	2,562.670000	2,562.670000	2,571.390000	2,570.920000	2,570.920000	2,570.070000	NA	NA	2,574.850000
Israeli New Sheqel	NA	NA	NA	NA	NA	NA	NA	NA	NA	NA
Kazakhstani Tenge	NA	NA	NA	NA	NA	NA	NA	NA	NA	NA
Korean Won	1,140.770000	1,148.720000	1,146.570000	1,146.360000	1,147.820000	1,145.830000	1,151.910000	1,151.510000	1,148.410000	1,146.600000
Kuwaiti Dinar	NA	0.439306	NA	NA	NA	NA	NA	0.439691	0.439177	0.438328
Libyan Dinar	0.525000	0.525000	0.525000	0.525000	0.525000	0.525000	0.525000	0.525000	0.525000	0.525000
Malaysian Ringgit	3.738790	NA	NA	NA	NA	3.755460	3.767110	3.754000	3.754060	3.739260
Mauritian Rupee	NA	NA	NA	NA	NA	NA	NA	NA	NA	NA
Mexican Peso	NA	NA	NA	NA	NA	NA	NA	NA	NA	11.147300
Nepalese Rupee	85.833100	86.286700	86.125100	86.109300	86.174900	86.080700	86.415400	85.647600	85.504300	82.260800
New Zealand Dollar	2.162950	2.173740	2.159800	2.173760	2.181860	2.181420	2.186330	2.184610	2.191000	2.186190
Norwegian Krone	9.401600	9.342930	9.359280	9.349480	9.357330	9.350770	9.316270	9.353640	9.357880	9.385600
Rial Omani	0.563862	0.566841	0.565780	0.565676	0.566107	0.565488	0.567687	0.567491	0.566542	0.564707
Pakistani Rupee	50.470200	50.737000	50.642000	50.632700	50.671200	50.615800	50.916200	50.898600	50.813400	50.648900
Nuevo Sol	NA	NA	NA	NA	NA	NA	NA	NA	NA	NA
Philippine Peso	NA	NA	NA	NA	NA	NA	NA	NA	NA	38.450000
Polish Zloty	NA	NA	NA	NA	NA	NA	NA	NA	NA	3.770100
Qatar Riyal	5.337990	5.366200	5.356150	5.355170	5.359240	5.353380	5.374210	5.372350	5.363360	5.346000
Russian Ruble	NA	NA	NA	NA	NA	NA	NA	NA	NA	NA
Saudi Arabian Riyal	5.491970	5.520990	5.510660	5.509640	5.513840	5.507810	5.529230	5.527320	5.518070	5.500210
Singapore Dollar	2.071990	NA	NA	NA	2.069200	2.070020	2.078520	2.076470	2.074470	2.073780
South African Rand	5.565290	5.638930	5.672520	5.848020	5.778860	5.654880	5.648080	5.646130	5.610160	5.669840
Sri Lanka Rupee	79.479500	79.848000	79.698500	NA	79.740900	79.642600	79.952400	79.917400	79.768900	79.521700
Swedish Krona	10.156500	10.151500	10.177900	9.997540	9.931980	9.944650	9.905960	9.910800	9.860180	9.891710
Swiss Franc	1.754350	1.737380	1.736040	1.744110	1.741460	1.743530	1.734070	1.743060	1.746480	1.756980
Thai Baht	36.999300	37.150600	37.066300	37.089000	37.117200	37.047200	37.191300	37.163700	37.101500	NA
Trinidad And Tobago Dollar	8.723940	NA	NA	NA	8.766930	8.754840	8.784610	8.781720	8.766730	8.736740
Tunisian Dinar	NA	NA	NA	NA	NA	NA	NA	NA	NA	NA
U.A.E. Dirham	5.383450	5.411900	5.401770	5.400780	5.404890	5.398980	5.419970	5.418100	5.409030	5.391520
Peso Uruguayo	NA	NA	NA	NA	NA	NA	NA	NA	NA	NA
Bolivar Fuerte	NA	NA	NA	NA	NA	NA	NA	NA	NA	NA

Notes:


The value of the U.S. dollar in terms of the SDR is the reciprocal of the sum of the dollar values, based on market exchange rates, of specified quantities of the SDR basket currencies. See SDR Valuation.

These rates are the official rates used by the Fund to conduct operations with member countries. The rates are derived from the currency's representative exchange rate, as reported by the central bank, normally against the U.S. dollar at spot market rates and rounded to six significant digits. See Representative Exchange Rates for Selected Currencies.

The value in terms of each national currency of the SDR (shown above) is the reciprocal of the value in terms of the SDR of each national currency, rounded to six significant digits.

Exchange rates are published daily except on IMF holidays or whenever the IMF is closed for business.
