Currency units per SDR for September 1996
Currency	September 02, 1996	September 03, 1996	September 04, 1996	September 05, 1996	September 06, 1996	September 09, 1996	September 10, 1996	September 11, 1996	September 12, 1996	September 13, 1996	September 16, 1996
Chinese Yuan	NA	NA	NA	NA	NA	NA	NA	NA	NA	NA	NA
Euro	NA	NA	NA	NA	NA	NA	NA	NA	NA	NA	NA
Japanese Yen	158.611000	158.860000	159.185000	158.669000	158.990000	158.730000	158.521000	158.745000	159.096000	159.148000	NA
U.K. Pound Sterling	0.931849	0.932240	0.929538	0.928973	0.929459	0.931829	0.932673	0.928548	0.929136	0.928727	0.930559
U.S. Dollar	1.456480	1.454760	1.456400	1.457280	1.456090	1.453840	1.449000	1.444450	1.444620	1.444170	1.443670
Algerian Dinar	NA	NA	NA	NA	NA	NA	NA	NA	NA	NA	NA
Australian Dollar	1.845510	1.839610	1.838890	1.843960	1.832940	1.815480	1.813290	1.807140	1.808040	1.812460	1.823280
Bahrain Dinar	0.547636	0.546990	0.547606	0.547937	0.547490	0.546644	0.544824	0.543113	0.543177	0.543008	0.542820
Botswana Pula	NA	NA	NA	NA	NA	NA	NA	NA	NA	NA	NA
Brazilian Real	1.479930	1.477600	1.479560	1.481180	1.480260	1.478700	1.475370	1.472470	1.470620	1.471460	1.471390
Brunei Dollar	NA	NA	NA	NA	NA	NA	NA	NA	NA	NA	NA
Canadian Dollar	NA	1.992730	1.995120	1.996470	1.999940	1.995400	1.986290	1.981210	1.981010	1.978950	1.978410
Chilean Peso	NA	NA	NA	NA	NA	NA	NA	NA	NA	NA	NA
Colombian Peso	1,518.120000	1,519.320000	1,522.330000	1,521.530000	1,520.060000	1,520.530000	1,518.480000	1,519.040000	1,512.890000	1,513.000000	1,507.030000
Czech Koruna	NA	NA	NA	NA	NA	NA	NA	NA	NA	NA	NA
Danish Krone	8.346360	8.361230	8.348080	8.331270	8.343400	8.366120	8.401300	8.429090	8.408410	8.425290	8.399990
Hungarian Forint	NA	NA	NA	NA	NA	NA	NA	NA	NA	NA	NA
Icelandic Krona	96.506400	96.508800	96.544800	96.471900	96.509600	96.607700	96.764200	96.864800	96.746200	96.802700	96.740300
Indian Rupee	51.923500	51.949500	52.066300	52.170600	52.142600	51.916600	51.787300	51.595800	51.645200	51.658000	NA
Indonesian Rupiah	3,409.620000	3,405.590000	3,409.430000	3,411.490000	3,408.710000	3,403.440000	3,392.110000	3,381.460000	3,381.860000	3,380.800000	3,379.630000
Iranian Rial	2,554.550000	2,554.550000	2,549.470000	2,552.340000	2,552.340000	2,551.800000	2,547.850000	2,539.370000	2,531.400000	2,531.400000	2,530.900000
Israeli New Sheqel	NA	NA	NA	NA	NA	NA	NA	NA	NA	NA	NA
Kazakhstani Tenge	NA	NA	NA	NA	NA	NA	NA	NA	NA	NA	NA
Korean Won	1,193.440000	1,191.880000	1,192.940000	1,193.370000	1,191.230000	1,190.110000	1,187.170000	1,184.450000	1,186.180000	1,188.260000	1,187.850000
Kuwaiti Dinar	0.435823	0.435555	0.435901	0.435989	NA	0.435512	0.434280	0.433349	0.433400	NA	0.433231
Libyan Dinar	0.525000	0.525000	0.525000	0.525000	0.525000	0.525000	0.525000	0.525000	0.525000	0.525000	0.525000
Malaysian Ringgit	3.632460	3.628750	3.638090	3.640290	3.638040	3.632420	3.627140	3.617340	3.611980	3.609700	3.605280
Mauritian Rupee	NA	NA	NA	NA	NA	NA	NA	NA	NA	NA	NA
Mexican Peso	NA	NA	NA	NA	NA	NA	NA	NA	NA	NA	NA
Nepalese Rupee	83.063100	82.965000	83.058500	83.108700	83.040800	82.912500	82.636500	82.377000	82.386700	82.361000	82.332500
New Zealand Dollar	2.113900	2.107130	2.103710	2.102550	2.095090	2.093970	2.085490	2.075360	2.075310	2.074360	2.075430
Norwegian Krone	9.344780	9.371560	9.350090	9.319310	9.321890	9.316210	9.326490	9.365090	9.346690	9.374830	9.349210
Rial Omani	0.560017	0.559355	0.559986	0.560324	0.559867	0.559001	0.557141	0.555391	0.555456	0.555283	0.555091
Pakistani Rupee	52.009600	51.948200	52.006700	52.038200	51.995700	51.915300	53.703600	53.534900	53.541200	53.524600	53.506000
Nuevo Sol	NA	NA	NA	NA	NA	NA	NA	NA	NA	NA	NA
Philippine Peso	NA	NA	NA	NA	NA	NA	NA	NA	NA	NA	NA
Polish Zloty	NA	NA	NA	NA	NA	NA	NA	NA	NA	NA	NA
Qatar Riyal	5.301590	5.295330	5.301300	5.304500	5.300170	5.291980	5.274360	5.257800	5.258420	5.256780	5.254960
Russian Ruble	NA	NA	NA	NA	NA	NA	NA	NA	NA	NA	NA
Saudi Arabian Riyal	5.454520	5.448080	5.454220	5.457510	5.453060	5.444630	5.426510	5.409470	5.410100	5.408420	5.406540
Singapore Dollar	2.050290	2.048880	2.050320	2.050390	2.047260	2.045410	2.039610	2.034940	2.035900	2.037150	2.035140
South African Rand	6.514110	6.524600	6.532680	6.554120	6.560410	6.534280	6.509630	6.471860	6.501510	6.499490	6.475580
Sri Lanka Rupee	81.541000	81.506600	81.594800	81.644100	81.624800	81.553200	81.332400	81.138400	81.191300	81.209300	81.184800
Swedish Krona	9.651510	NA	NA	9.686100	9.666980	9.670940	9.674250	9.738630	9.655840	9.655720	9.604740
Swiss Franc	1.754330	1.758800	1.759190	1.758210	1.756480	1.767870	1.780390	1.784910	1.785550	1.787880	1.794910
Thai Baht	36.863500	36.834500	36.876000	36.883800	36.868200	36.825800	36.717700	36.645700	36.664500	36.653000	36.654800
Trinidad And Tobago Dollar	8.663430	8.660480	8.666310	8.677810	8.665480	8.648020	8.625030	8.600830	8.596500	8.595840	8.596190
Tunisian Dinar	NA	NA	NA	NA	NA	NA	NA	NA	NA	NA	NA
U.A.E. Dirham	5.346740	5.340420	5.346440	5.349670	5.345310	5.337050	5.319280	5.302580	5.303200	5.301550	5.299710
Peso Uruguayo	NA	NA	NA	NA	NA	NA	NA	NA	NA	NA	NA
Bolivar Fuerte	NA	NA	NA	NA	NA	NA	NA	NA	NA	NA	NA

Currency units per SDR for September 1996 Continued

Currency	September 17, 1996	September 18, 1996	September 19, 1996	September 20, 1996	September 23, 1996	September 24, 1996	September 25, 1996	September 26, 1996	September 27, 1996	September 30, 1996
Chinese Yuan	NA	NA	NA	NA	NA	NA	NA	NA	NA	11.949200
Euro	NA	NA	NA	NA	NA	NA	NA	NA	NA	NA
Japanese Yen	159.016000	159.347000	158.393000	158.610000	NA	158.876000	158.938000	159.330000	159.528000	159.727000
U.K. Pound Sterling	0.929467	0.926736	0.928603	0.930400	0.930122	0.928729	0.926368	0.924424	0.923721	0.921374
U.S. Dollar	1.445600	1.445060	1.447970	1.445190	1.445130	1.446960	1.448840	1.443210	1.442390	1.439370
Algerian Dinar	NA	NA	NA	NA	NA	NA	NA	NA	NA	NA
Australian Dollar	1.830340	1.830810	1.833800	1.826810	1.822820	1.830200	1.837230	1.823160	1.820510	1.816470
Bahrain Dinar	0.543546	0.543343	0.544437	0.543391	0.543369	0.544057	0.544764	0.542647	0.542339	0.541203
Botswana Pula	NA	NA	NA	NA	NA	NA	NA	NA	NA	NA
Brazilian Real	1.472200	1.472080	1.475190	1.472360	1.472730	1.475030	1.476950	1.471640	1.470810	1.468450
Brunei Dollar	NA	NA	NA	NA	NA	NA	NA	NA	NA	NA
Canadian Dollar	1.981770	1.982330	1.985170	1.976730	1.974340	1.978720	1.979840	1.973730	1.966410	1.960710
Chilean Peso	NA	NA	NA	NA	NA	NA	NA	NA	NA	594.676000
Colombian Peso	1,507.470000	1,501.270000	1,500.010000	1,498.810000	1,498.760000	1,502.070000	NA	1,486.870000	1,482.320000	1,475.440000
Czech Koruna	NA	NA	NA	NA	NA	NA	NA	NA	NA	NA
Danish Krone	8.411950	8.421090	8.418500	8.427630	8.419330	8.406110	8.386610	8.419690	8.437980	8.439030
Hungarian Forint	NA	NA	NA	NA	NA	NA	NA	NA	NA	NA
Icelandic Krona	96.782900	96.790100	96.796800	96.856600	96.809300	96.772700	96.637600	96.911600	96.827600	NA
Indian Rupee	51.651300	51.632000	51.721500	51.622200	51.620000	51.685400	51.665600	51.508200	51.579900	51.471900
Indonesian Rupiah	3,384.150000	3,382.890000	3,389.700000	3,383.190000	3,383.050000	3,387.330000	3,391.730000	3,378.550000	3,376.630000	3,369.570000
Iranian Rial	2,530.030000	2,533.410000	2,532.470000	2,532.470000	2,532.700000	2,532.590000	2,535.800000	2,539.090000	2,539.090000	NA
Israeli New Sheqel	NA	NA	NA	NA	NA	NA	NA	NA	NA	NA
Kazakhstani Tenge	NA	NA	NA	NA	NA	NA	NA	NA	NA	NA
Korean Won	1,195.940000	1,197.380000	1,199.640000	NA	NA	1,188.240000	NA	NA	NA	1,182.010000
Kuwaiti Dinar	0.433463	0.433402	0.433957	NA	0.433380	0.433784	0.433986	0.432804	NA	0.431825
Libyan Dinar	0.525000	0.525000	0.525000	0.525000	0.525000	0.525000	0.525000	0.525000	0.525000	0.525000
Malaysian Ringgit	3.608650	3.597040	3.616020	3.612250	3.617020	3.618560	3.624420	3.615670	3.619530	3.608500
Mauritian Rupee	NA	NA	NA	NA	NA	NA	NA	NA	NA	NA
Mexican Peso	NA	NA	NA	NA	NA	NA	NA	NA	NA	10.868000
Nepalese Rupee	82.442600	82.411800	82.577700	82.419200	82.415800	82.520100	82.627300	82.306300	82.259500	82.087300
New Zealand Dollar	2.080000	2.066730	2.069120	2.061020	2.066540	2.077470	2.076590	2.058790	2.060560	2.059180
Norwegian Krone	9.353030	9.358210	9.356780	9.357610	9.359380	9.350260	9.325460	9.332520	9.371930	9.366700
Rial Omani	0.555833	0.555626	0.556744	0.555676	0.555652	0.556356	0.557079	0.554914	0.554599	0.553438
Pakistani Rupee	53.577600	53.557500	53.665400	53.562400	53.560100	53.628000	53.697600	53.489000	53.458600	53.346700
Nuevo Sol	NA	NA	NA	NA	NA	NA	NA	NA	NA	NA
Philippine Peso	NA	NA	NA	NA	NA	NA	NA	NA	NA	37.711500
Polish Zloty	NA	NA	NA	NA	NA	NA	NA	NA	NA	4.042470
Qatar Riyal	5.261980	5.260020	5.270610	5.260490	5.260270	5.266930	5.273780	5.253280	5.250300	5.239310
Russian Ruble	NA	NA	NA	NA	NA	NA	NA	NA	NA	NA
Saudi Arabian Riyal	5.413770	5.411750	5.422650	5.412240	5.412010	5.418870	5.425910	5.404820	5.401750	5.390440
Singapore Dollar	2.039020	2.039700	2.037290	2.035550	2.035470	2.036450	2.038370	2.031750	2.030890	2.026490
South African Rand	6.487130	6.484710	6.495590	6.499020	6.524040	NA	6.540790	6.545680	6.537630	6.520350
Sri Lanka Rupee	81.286100	81.299100	81.455600	81.360600	81.386100	81.485600	81.584200	NA	81.285900	81.155300
Swedish Krona	9.600090	9.595780	9.592080	9.555600	9.550720	9.542270	9.492800	9.551160	9.589730	9.540140
Swiss Franc	1.793560	1.798380	1.793310	1.795650	1.790520	1.786420	1.782800	1.804730	1.808760	1.809140
Thai Baht	36.689300	36.690100	36.720500	36.678900	36.691900	36.723800	36.742600	36.657500	36.651100	36.588800
Trinidad And Tobago Dollar	8.604360	8.598110	8.617450	8.598880	8.592600	8.612020	8.702310	8.679320	8.682030	8.688610
Tunisian Dinar	NA	NA	NA	NA	NA	NA	NA	NA	NA	NA
U.A.E. Dirham	5.306800	5.304820	5.315500	5.305290	5.305070	5.311790	5.318690	5.298020	5.295010	5.283930
Peso Uruguayo	NA	NA	NA	NA	NA	NA	NA	NA	NA	NA
Bolivar Fuerte	NA	NA	NA	NA	NA	NA	NA	NA	NA	NA

Notes:


The value of the U.S. dollar in terms of the SDR is the reciprocal of the sum of the dollar values, based on market exchange rates, of specified quantities of the SDR basket currencies. See SDR Valuation.

These rates are the official rates used by the Fund to conduct operations with member countries. The rates are derived from the currency's representative exchange rate, as reported by the central bank, normally against the U.S. dollar at spot market rates and rounded to six significant digits. See Representative Exchange Rates for Selected Currencies.

The value in terms of each national currency of the SDR (shown above) is the reciprocal of the value in terms of the SDR of each national currency, rounded to six significant digits.

Exchange rates are published daily except on IMF holidays or whenever the IMF is closed for business.
