Currency units per SDR for June 1996
Currency	June 03, 1996	June 04, 1996	June 05, 1996	June 06, 1996	June 07, 1996	June 10, 1996	June 11, 1996	June 12, 1996	June 13, 1996	June 14, 1996	June 17, 1996
Chinese Yuan	NA	NA	NA	NA	NA	NA	NA	NA	NA	NA	NA
Euro	NA	NA	NA	NA	NA	NA	NA	NA	NA	NA	NA
Japanese Yen	156.593000	156.473000	157.056000	157.664000	156.845000	157.415000	156.835000	157.242000	156.782000	157.133000	157.549000
U.K. Pound Sterling	0.934792	0.930677	0.932738	0.934740	0.932064	0.937388	0.936751	0.936361	0.938175	0.939597	0.935655
U.S. Dollar	1.446590	1.443480	1.442200	1.442490	1.443580	1.438890	1.438850	1.437970	1.439160	1.445570	1.445400
Algerian Dinar	NA	NA	NA	NA	NA	NA	NA	NA	NA	NA	NA
Australian Dollar	1.806660	1.807060	1.815690	1.824320	1.832190	NA	1.813520	1.814930	1.816200	1.837040	1.827080
Bahrain Dinar	0.543918	0.542748	0.542267	0.542376	0.542786	0.541023	0.541008	0.540677	0.541124	0.543534	0.543470
Botswana Pula	NA	NA	NA	NA	NA	NA	NA	NA	NA	NA	NA
Brazilian Real	1.443120	1.440300	1.438880	NA	1.440550	1.436160	1.437410	1.436240	1.439020	1.445140	1.446410
Brunei Dollar	NA	NA	NA	NA	NA	NA	NA	NA	NA	NA	NA
Canadian Dollar	1.980240	1.976120	1.969610	1.967840	1.972940	1.962360	1.964460	1.965130	1.969780	1.974790	1.974850
Chilean Peso	NA	NA	NA	NA	NA	NA	NA	NA	NA	NA	NA
Colombian Peso	1,551.600000	1,551.310000	1,549.960000	1,549.620000	1,548.890000	1,544.020000	1,543.970000	1,543.880000	1,541.050000	1,550.140000	1,548.530000
Czech Koruna	NA	NA	NA	NA	NA	NA	NA	NA	NA	NA	NA
Danish Krone	8.508840	8.512920	NA	8.517180	8.525060	8.530460	8.519430	8.526440	8.514790	8.492000	8.474380
Hungarian Forint	NA	NA	NA	NA	NA	NA	NA	NA	NA	NA	NA
Icelandic Krona	96.964900	96.973000	97.002400	97.036300	97.008600	97.096300	97.064800	97.019800	97.013800	96.968800	NA
Indian Rupee	50.413700	50.334100	NA	50.270800	50.323200	50.231600	50.287800	50.242700	50.298600	50.638300	50.690200
Indonesian Rupiah	3,398.040000	3,390.730000	3,396.380000	3,397.060000	3,399.630000	3,388.590000	3,391.370000	3,389.300000	3,393.540000	3,379.740000	3,380.790000
Iranian Rial	2,527.440000	NA	2,529.700000	2,527.460000	NA	2,529.870000	2,521.650000	2,521.580000	2,520.040000	2,520.040000	2,533.360000
Israeli New Sheqel	NA	NA	NA	NA	NA	NA	NA	NA	NA	NA	NA
Kazakhstani Tenge	NA	NA	NA	NA	NA	NA	NA	NA	NA	NA	NA
Korean Won	1,140.930000	1,135.300000	1,134.430000	NA	1,135.660000	1,132.260000	1,136.400000	1,138.440000	1,143.840000	1,151.830000	1,151.410000
Kuwaiti Dinar	0.432935	0.432366	0.431982	0.432257	NA	0.431566	0.431454	0.431190	0.431503	NA	0.433100
Libyan Dinar	0.525000	0.525000	0.525000	0.525000	0.525000	0.525000	0.525000	0.525000	0.525000	0.525000	0.525000
Malaysian Ringgit	3.612140	3.612310	3.606800	3.604060	3.605340	3.595070	3.592520	3.588450	3.586390	3.605970	3.607570
Mauritian Rupee	NA	NA	NA	NA	NA	NA	NA	NA	NA	NA	NA
Mexican Peso	NA	NA	NA	NA	NA	NA	NA	NA	NA	NA	NA
Nepalese Rupee	81.052400	80.878200	80.806500	80.822700	80.883800	80.621000	80.618800	80.569500	80.636100	80.995300	80.985800
New Zealand Dollar	NA	2.122760	2.128080	2.153290	2.154920	2.145680	2.141460	2.135700	2.138420	2.152430	2.141330
Norwegian Krone	9.405000	9.422320	9.424060	9.431000	9.439570	9.444870	9.430940	9.438120	9.433690	9.429450	9.438460
Rial Omani	0.556214	0.555018	0.554526	0.554637	0.555057	0.553253	0.553238	0.552899	0.553357	0.555822	0.555756
Pakistani Rupee	50.510700	50.503500	50.458700	50.468800	50.507000	50.472700	50.471300	50.440400	50.482100	50.707000	50.701000
Nuevo Sol	NA	NA	NA	NA	NA	NA	NA	NA	NA	NA	NA
Philippine Peso	NA	NA	NA	NA	NA	NA	NA	NA	NA	NA	NA
Polish Zloty	NA	NA	NA	NA	NA	NA	NA	NA	NA	NA	NA
Qatar Riyal	5.265590	5.254270	5.249610	5.250660	5.254630	5.237560	5.237410	5.234210	5.238540	5.261870	5.261260
Russian Ruble	NA	NA	NA	NA	NA	NA	NA	NA	NA	NA	NA
Saudi Arabian Riyal	5.417480	5.405830	5.401040	5.402130	5.406210	5.388640	5.388490	5.385200	5.389650	5.413660	5.413020
Singapore Dollar	2.037380	2.032280	2.033210	2.032320	2.033570	2.027400	2.027200	2.026670	2.027630	2.035800	2.035850
South African Rand	6.296280	6.310890	6.302410	6.292860	6.291840	6.262770	6.264030	6.227130	6.215010	6.290400	NA
Sri Lanka Rupee	79.074200	78.980000	78.964100	79.023200	79.108200	78.926700	78.924500	78.958900	79.020700	79.430500	79.489800
Swedish Krona	9.713130	9.664960	9.646150	9.731040	9.705910	9.716680	9.728780	9.647340	9.653890	9.676650	9.662210
Swiss Franc	1.805340	1.812870	1.813850	1.810610	1.817760	1.823510	1.819860	1.823060	1.816940	1.803640	1.808200
Thai Baht	36.627700	36.563300	36.559800	36.581500	36.609200	NA	36.489200	36.495700	36.497100	36.645200	36.640900
Trinidad And Tobago Dollar	8.557450	8.537610	8.569550	NA	8.574140	8.535500	8.525330	8.519970	8.543430	8.576570	8.568910
Tunisian Dinar	NA	NA	NA	NA	NA	NA	NA	NA	NA	NA	NA
U.A.E. Dirham	5.310430	5.299020	5.294320	5.295380	5.299380	5.282170	5.282020	5.278790	5.283160	5.306690	5.306060
Peso Uruguayo	NA	NA	NA	NA	NA	NA	NA	NA	NA	NA	NA
Bolivar Fuerte	NA	NA	NA	NA	NA	NA	NA	NA	NA	NA	NA

Currency units per SDR for June 1996 Continued

Currency	June 18, 1996	June 19, 1996	June 20, 1996	June 21, 1996	June 24, 1996	June 25, 1996	June 26, 1996	June 27, 1996	June 28, 1996
Chinese Yuan	NA	NA	NA	NA	NA	NA	NA	NA	12.011600
Euro	NA	NA	NA	NA	NA	NA	NA	NA	NA
Japanese Yen	158.076000	156.321000	155.853000	156.633000	156.857000	157.066000	157.268000	157.836000	157.930000
U.K. Pound Sterling	0.937202	0.937336	0.938257	0.936126	0.935801	0.935145	0.935003	0.935933	0.932089
U.S. Dollar	1.449570	1.448090	1.445760	1.442290	1.441040	1.440310	1.440840	1.442740	1.443340
Algerian Dinar	NA	NA	NA	NA	NA	NA	NA	NA	NA
Australian Dollar	1.830500	1.836280	1.833320	1.827530	1.825490	1.819490	1.819010	1.826020	1.829330
Bahrain Dinar	0.545038	0.544482	0.543606	0.542301	0.541831	0.541557	0.541756	0.542470	0.542696
Botswana Pula	NA	NA	NA	NA	NA	NA	NA	NA	NA
Brazilian Real	1.450730	1.449250	1.447490	1.444740	1.444210	1.443480	1.443870	1.447210	1.447380
Brunei Dollar	NA	NA	NA	NA	NA	NA	NA	NA	NA
Canadian Dollar	1.984170	1.980990	1.976640	1.969010	1.961400	1.958100	1.960840	1.966170	1.970300
Chilean Peso	NA	NA	NA	NA	NA	NA	NA	NA	592.275000
Colombian Peso	1,553.000000	1,553.420000	1,548.320000	1,544.490000	1,539.320000	1,541.490000	1,541.430000	1,547.150000	1,543.980000
Czech Koruna	NA	NA	NA	NA	NA	NA	NA	NA	NA
Danish Krone	8.450990	8.451780	8.477940	8.476340	8.505020	8.501430	8.485110	8.490520	8.472410
Hungarian Forint	NA	NA	NA	NA	NA	NA	NA	NA	NA
Icelandic Krona	96.874800	96.848300	96.952700	96.864200	97.082900	97.004900	96.925300	96.908800	96.877000
Indian Rupee	50.865400	50.799000	50.717300	50.465700	50.436400	50.497300	50.544700	50.611300	50.603500
Indonesian Rupiah	3,390.540000	3,387.080000	3,381.630000	3,373.520000	3,373.470000	3,371.770000	3,373.010000	3,377.450000	3,378.860000
Iranian Rial	2,533.060000	2,540.370000	2,537.780000	2,537.780000	2,527.610000	2,525.420000	2,524.140000	2,525.070000	2,525.070000
Israeli New Sheqel	NA	NA	NA	NA	NA	NA	NA	NA	NA
Kazakhstani Tenge	NA	NA	NA	NA	NA	NA	NA	NA	NA
Korean Won	1,155.740000	1,156.880000	1,154.730000	1,157.870000	1,170.990000	1,167.950000	1,168.520000	1,167.750000	1,167.660000
Kuwaiti Dinar	0.434349	0.433703	0.433294	NA	0.432240	0.432021	0.432180	0.432750	NA
Libyan Dinar	0.525000	0.525000	0.525000	0.525000	0.525000	0.525000	0.525000	0.525000	0.525000
Malaysian Ringgit	3.617550	3.611540	3.604570	3.599230	3.597840	3.599330	3.598210	3.598190	3.600410
Mauritian Rupee	NA	NA	NA	NA	NA	NA	NA	NA	NA
Mexican Peso	NA	NA	NA	NA	NA	NA	NA	NA	10.947700
Nepalese Rupee	81.219400	81.136500	81.005900	80.811500	80.741500	80.700600	80.730300	80.836700	80.870300
New Zealand Dollar	2.144330	2.142140	2.136170	2.124760	2.131090	2.124350	2.118260	2.121050	2.113550
Norwegian Krone	9.442500	9.406790	9.415510	9.416710	9.449620	9.416750	9.400040	9.408110	9.382430
Rial Omani	0.557360	0.556791	0.555895	0.554561	0.554080	0.553799	0.554003	0.554734	0.554964
Pakistani Rupee	50.847300	50.795400	50.713600	50.591900	50.548100	50.522500	50.541100	50.680000	50.701100
Nuevo Sol	NA	NA	NA	NA	NA	NA	NA	NA	NA
Philippine Peso	NA	NA	NA	NA	NA	NA	NA	NA	37.801100
Polish Zloty	NA	NA	NA	NA	NA	NA	NA	NA	3.927040
Qatar Riyal	5.276430	5.271050	5.262570	5.249940	5.245390	5.242730	5.244660	5.251570	5.253760
Russian Ruble	NA	NA	NA	NA	NA	NA	NA	NA	NA
Saudi Arabian Riyal	5.428640	5.423100	5.414370	5.401380	5.396690	5.393960	5.395950	5.403060	5.405310
Singapore Dollar	2.041720	2.039060	2.034760	2.031900	2.030710	2.032130	2.033890	2.035990	2.034970
South African Rand	6.299110	6.310050	6.307130	6.286220	6.279330	6.272550	6.264050	6.253560	NA
Sri Lanka Rupee	79.719100	79.634100	79.589100	79.495400	79.469800	79.501500	79.566800	79.700600	79.726500
Swedish Krona	9.662830	9.553480	9.589000	NA	9.603810	9.555450	9.518190	9.543730	9.600810
Swiss Franc	1.806310	1.806640	1.814140	1.814690	1.821910	1.821420	1.815310	1.811360	1.806340
Thai Baht	36.746600	36.651200	36.606600	36.547600	36.530400	36.526300	36.539700	36.602300	36.603100
Trinidad And Tobago Dollar	8.580730	NA	8.587960	8.551050	8.560500	8.549390	8.567520	8.570310	8.568680
Tunisian Dinar	NA	NA	NA	NA	NA	NA	NA	NA	NA
U.A.E. Dirham	5.321370	5.315940	5.307380	5.294650	5.290060	5.287380	5.289320	5.296300	5.298500
Peso Uruguayo	NA	NA	NA	NA	NA	NA	NA	NA	NA
Bolivar Fuerte	NA	NA	NA	NA	NA	NA	NA	NA	NA

Notes:


The value of the U.S. dollar in terms of the SDR is the reciprocal of the sum of the dollar values, based on market exchange rates, of specified quantities of the SDR basket currencies. See SDR Valuation.

These rates are the official rates used by the Fund to conduct operations with member countries. The rates are derived from the currency's representative exchange rate, as reported by the central bank, normally against the U.S. dollar at spot market rates and rounded to six significant digits. See Representative Exchange Rates for Selected Currencies.

The value in terms of each national currency of the SDR (shown above) is the reciprocal of the value in terms of the SDR of each national currency, rounded to six significant digits.

Exchange rates are published daily except on IMF holidays or whenever the IMF is closed for business.
