Currency units per SDR for August 1997
Currency	August 01, 1997	August 04, 1997	August 05, 1997	August 06, 1997	August 07, 1997	August 08, 1997	August 11, 1997	August 12, 1997	August 13, 1997	August 14, 1997	August 15, 1997
Chinese Yuan	NA	NA	NA	NA	NA	NA	NA	NA	NA	NA	NA
Euro	NA	NA	NA	NA	NA	NA	NA	NA	NA	NA	NA
Japanese Yen	160.957000	159.988000	159.511000	160.180000	159.337000	159.513000	156.414000	157.079000	157.711000	157.086000	159.382000
U.K. Pound Sterling	0.826739	0.829115	0.827830	0.839532	0.839338	0.857533	0.849473	0.852011	0.858890	0.856233	0.847442
U.S. Dollar	1.354860	1.348970	1.347790	1.341320	1.344620	1.346670	1.354230	1.351800	1.352580	1.356530	1.351840
Algerian Dinar	NA	NA	NA	NA	NA	NA	NA	NA	NA	NA	NA
Australian Dollar	1.819580	NA	1.822570	1.823440	1.827430	1.841470	1.839490	1.831210	1.815540	1.824270	1.817480
Bahrain Dinar	0.509427	0.507213	0.506769	0.504336	0.505577	0.506348	0.509190	0.508277	0.508570	0.510055	0.508292
Botswana Pula	NA	NA	NA	NA	NA	NA	NA	NA	NA	NA	NA
Brazilian Real	1.466770	1.460530	1.459250	1.453320	1.457160	1.460190	1.469340	1.466700	1.467680	1.472510	1.467560
Brunei Dollar	NA	NA	NA	NA	NA	NA	NA	NA	NA	NA	NA
Canadian Dollar	1.868890	NA	1.861570	1.860010	1.865390	1.875510	1.886440	1.883190	1.885770	1.886250	1.879460
Chilean Peso	NA	NA	NA	NA	NA	NA	NA	NA	NA	NA	NA
Colombian Peso	1,507.320000	1,501.980000	1,499.860000	1,496.150000	1,499.520000	1,501.810000	1,515.330000	1,513.180000	1,515.340000	1,526.940000	1,525.210000
Czech Koruna	NA	NA	NA	NA	NA	NA	NA	NA	NA	NA	NA
Danish Krone	9.528730	9.599270	9.610420	9.652810	9.618070	9.618590	9.577110	9.573450	9.537720	9.472650	9.484510
Hungarian Forint	NA	NA	NA	NA	NA	NA	NA	NA	NA	NA	NA
Icelandic Krona	97.997000	NA	98.510000	98.493100	98.493400	98.441600	98.452500	98.519200	98.467800	98.389100	98.251700
Indian Rupee	48.382100	48.225700	48.170000	47.925400	48.029800	48.103100	48.373100	48.286300	48.327700	48.468800	NA
Indonesian Rupiah	3,534.830000	3,512.720000	3,504.250000	3,482.070000	3,483.910000	3,497.300000	3,537.250000	3,568.750000	3,588.390000	3,744.020000	3,852.740000
Iranian Rial	2,373.380000	2,374.390000	2,364.070000	2,362.000000	2,350.660000	2,350.660000	2,360.040000	2,373.290000	2,369.030000	2,370.400000	2,370.400000
Israeli New Sheqel	NA	NA	NA	NA	NA	NA	NA	NA	NA	NA	NA
Kazakhstani Tenge	NA	NA	NA	NA	NA	NA	NA	NA	NA	NA	NA
Korean Won	1,206.910000	1,199.640000	1,197.920000	1,193.770000	1,200.210000	1,202.310000	1,210.410000	1,207.160000	1,209.750000	1,213.140000	NA
Kuwaiti Dinar	NA	0.411530	0.411170	0.409653	0.410876	NA	0.412742	0.412448	0.412889	0.413457	NA
Libyan Dinar	0.525000	0.525000	0.525000	0.525000	0.525000	0.525000	0.525000	0.525000	0.525000	0.525000	0.525000
Malaysian Ringgit	3.557860	3.518790	3.550080	3.543100	3.546440	3.566660	3.670640	3.750570	3.752060	3.765050	3.770960
Mauritian Rupee	NA	NA	NA	NA	NA	NA	NA	NA	NA	NA	NA
Mexican Peso	NA	NA	NA	NA	NA	NA	NA	NA	NA	NA	NA
Nepalese Rupee	77.267700	76.931800	76.864500	76.495500	76.683700	76.800600	77.231700	77.093200	77.137600	77.362900	77.095400
New Zealand Dollar	2.099260	2.097930	2.091870	2.085390	2.097690	2.117410	2.109390	2.105610	2.105180	2.111990	2.105670
Norwegian Krone	10.354500	10.393800	10.396200	10.383200	10.419500	10.356600	10.297600	10.364300	10.315500	10.360500	10.318600
Rial Omani	0.520944	0.518679	0.518225	0.515738	0.517006	0.517795	0.520701	0.519767	0.520067	0.521586	0.519782
Pakistani Rupee	55.036200	54.796900	54.749000	54.486200	54.620200	54.703500	55.010600	54.911900	54.943600	55.104000	54.913500
Nuevo Sol	NA	NA	NA	NA	NA	NA	NA	NA	NA	NA	NA
Philippine Peso	NA	NA	NA	NA	NA	NA	NA	NA	NA	NA	NA
Polish Zloty	NA	NA	NA	NA	NA	NA	NA	NA	NA	NA	NA
Qatar Riyal	4.931690	4.910250	4.905960	4.882400	4.894420	4.901880	4.929400	4.920550	4.923390	4.937770	4.920700
Russian Ruble	NA	NA	NA	NA	NA	NA	NA	NA	NA	NA	NA
Saudi Arabian Riyal	5.073950	5.051890	5.047470	5.023240	5.035600	5.043280	5.071590	5.062490	5.065410	5.080200	5.062640
Singapore Dollar	1.990290	1.976650	1.977480	1.973750	1.979280	1.989700	1.998440	2.039870	2.047130	2.050120	2.055200
South African Rand	6.270970	6.278780	6.273290	6.268660	6.297530	6.301740	6.323580	6.308850	6.306400	6.354660	6.339450
Sri Lanka Rupee	80.522700	80.230000	80.149700	79.822000	80.018300	80.150400	80.576700	80.438900	80.492000	80.713500	80.441200
Swedish Krona	10.830100	10.823500	10.869900	10.821100	10.882000	10.834400	10.728200	10.824500	10.817300	10.876000	10.861400
Swiss Franc	NA	2.070800	2.067240	2.062150	2.059290	2.055960	2.059380	2.064200	2.057680	2.053920	2.052230
Thai Baht	43.266100	42.794700	42.578000	42.409900	42.378400	42.052500	42.585100	NA	42.719900	42.809400	42.795200
Trinidad And Tobago Dollar	NA	8.468290	8.440670	8.416920	8.423370	8.433250	8.481140	8.476600	8.475400	8.519550	8.479820
Tunisian Dinar	NA	NA	NA	NA	NA	NA	NA	NA	NA	NA	NA
U.A.E. Dirham	4.973690	4.952070	4.947740	4.923990	4.936100	4.943630	4.971380	4.962460	4.965320	4.979820	4.962600
Peso Uruguayo	NA	NA	NA	NA	NA	NA	NA	NA	NA	NA	NA
Bolivar Fuerte	NA	NA	NA	NA	NA	NA	NA	NA	NA	NA	NA

Currency units per SDR for August 1997 Continued

Currency	August 18, 1997	August 19, 1997	August 20, 1997	August 21, 1997	August 22, 1997	August 25, 1997	August 26, 1997	August 27, 1997	August 28, 1997	August 29, 1997
Chinese Yuan	NA	NA	NA	NA	NA	NA	NA	NA	NA	11.301900
Euro	NA	NA	NA	NA	NA	NA	NA	NA	NA	NA
Japanese Yen	159.386000	160.144000	159.994000	158.830000	159.365000	160.434000	161.622000	161.370000	161.259000	162.743000
U.K. Pound Sterling	0.845582	0.842943	0.846134	0.847774	0.849962	NA	0.843373	0.844948	0.843742	0.840264
U.S. Dollar	1.359950	1.355200	1.351530	1.350250	1.359770	1.357310	1.364240	1.360620	1.359690	1.363580
Algerian Dinar	NA	NA	NA	NA	NA	NA	NA	NA	NA	NA
Australian Dollar	1.832080	1.839060	1.818040	1.812420	1.817870	1.816040	1.826780	1.819980	1.834690	1.856730
Bahrain Dinar	0.511341	0.509555	0.508175	0.507694	0.511274	0.510349	0.512954	0.511593	0.511243	0.512706
Botswana Pula	NA	NA	NA	NA	NA	NA	NA	NA	NA	NA
Brazilian Real	1.477590	1.474050	1.471280	1.469340	1.479430	1.480010	1.488660	1.485390	1.483970	1.487390
Brunei Dollar	NA	NA	NA	NA	NA	NA	NA	NA	NA	NA
Canadian Dollar	1.887880	1.889690	1.883760	1.884000	1.896610	1.888700	1.902710	1.893710	1.886710	1.893330
Chilean Peso	NA	NA	NA	NA	NA	NA	NA	NA	NA	565.886000
Colombian Peso	1,535.450000	1,530.090000	1,537.420000	1,540.010000	1,562.630000	1,566.650000	1,562.760000	1,571.370000	1,578.800000	1,591.680000
Czech Koruna	NA	NA	NA	NA	NA	NA	NA	NA	NA	NA
Danish Krone	9.380260	9.488430	9.535040	9.550990	9.478960	9.426520	9.340950	9.322290	9.397500	9.330980
Hungarian Forint	NA	NA	NA	NA	NA	NA	NA	NA	NA	NA
Icelandic Krona	98.066000	98.333300	98.634700	98.743800	98.393000	98.364300	98.047900	97.923800	98.115200	97.809600
Indian Rupee	48.591000	48.394200	48.438800	48.717000	49.060500	49.351800	49.617400	49.472100	49.438300	49.579800
Indonesian Rupiah	3,991.450000	4,038.500000	3,885.650000	3,652.430000	3,742.090000	3,651.160000	NA	NA	NA	NA
Iranian Rial	2,369.100000	2,383.310000	2,374.990000	2,368.560000	2,368.560000	2,383.000000	2,378.690000	2,390.830000	2,384.490000	2,384.490000
Israeli New Sheqel	NA	NA	NA	NA	NA	NA	NA	NA	NA	NA
Kazakhstani Tenge	NA	NA	NA	NA	NA	NA	NA	NA	NA	NA
Korean Won	1,216.610000	1,216.290000	1,212.730000	1,213.330000	1,221.750000	1,220.630000	1,232.450000	1,230.820000	1,226.580000	1,228.310000
Kuwaiti Dinar	0.413969	0.413214	0.412284	0.412218	NA	0.413437	0.415548	0.414227	0.413944	NA
Libyan Dinar	0.525000	0.525000	0.525000	0.525000	0.525000	0.525000	0.525000	0.525000	0.525000	0.525000
Malaysian Ringgit	3.774540	3.793880	3.761980	3.723310	3.769960	3.760430	3.793950	3.817220	3.905710	4.038920
Mauritian Rupee	NA	NA	NA	NA	NA	NA	NA	NA	NA	NA
Mexican Peso	NA	NA	NA	NA	NA	NA	NA	NA	NA	10.616800
Nepalese Rupee	77.557900	77.287100	77.077800	77.004800	77.547700	77.407400	77.802600	78.276500	78.562900	78.787700
New Zealand Dollar	2.114020	2.122470	2.101910	2.110760	2.118020	2.099470	2.115100	2.104920	2.112960	2.120650
Norwegian Krone	10.271000	10.352400	10.400700	10.394900	10.385200	10.293200	10.348400	10.192400	10.207200	10.093200
Rial Omani	0.522901	0.521074	0.519663	0.519171	0.522832	0.521886	0.524550	0.523158	0.522801	0.524297
Pakistani Rupee	55.242900	55.050000	54.900900	54.848900	55.235600	55.135700	55.417200	55.270200	55.232400	55.390400
Nuevo Sol	NA	NA	NA	NA	NA	NA	NA	NA	NA	NA
Philippine Peso	NA	NA	NA	NA	NA	NA	NA	NA	NA	41.043800
Polish Zloty	NA	NA	NA	NA	NA	NA	NA	NA	NA	4.738100
Qatar Riyal	4.950220	4.932930	4.919570	4.914910	4.949560	4.940610	4.965830	4.952660	4.949270	4.963430
Russian Ruble	NA	NA	NA	NA	NA	NA	NA	NA	NA	NA
Saudi Arabian Riyal	5.093010	5.075220	5.061480	5.056690	5.092340	5.083130	5.109080	5.095520	5.092040	5.106610
Singapore Dollar	2.058280	2.056520	2.044590	2.021320	2.043730	2.031210	2.037490	2.039980	2.058570	2.084230
South African Rand	6.368650	6.364020	6.388010	6.404910	6.380720	6.369180	6.401700	6.387430	6.383060	6.399960
Sri Lanka Rupee	NA	80.634400	80.416000	80.366900	80.930100	80.776900	81.206400	80.984100	80.932100	81.163700
Swedish Krona	10.794600	10.917100	10.901400	10.870900	10.864600	10.806900	NA	10.706700	10.768100	10.644800
Swiss Franc	2.045090	2.050010	2.061220	2.054810	2.047540	2.039630	2.025620	2.026640	2.032460	2.021920
Thai Baht	43.491200	44.136200	44.049100	44.128900	45.463900	46.197400	46.421000	46.178100	46.475600	46.811700
Trinidad And Tobago Dollar	8.533140	8.491280	8.476530	8.476330	8.530110	8.517800	8.560470	8.538840	8.541980	8.570370
Tunisian Dinar	NA	NA	NA	NA	NA	NA	NA	NA	NA	NA
U.A.E. Dirham	4.992380	4.974940	4.961470	4.956770	4.991720	4.982690	5.008130	4.994840	4.991420	5.005700
Peso Uruguayo	NA	NA	NA	NA	NA	NA	NA	NA	NA	NA
Bolivar Fuerte	NA	NA	NA	NA	NA	NA	NA	NA	NA	NA

Notes:


The value of the U.S. dollar in terms of the SDR is the reciprocal of the sum of the dollar values, based on market exchange rates, of specified quantities of the SDR basket currencies. See SDR Valuation.

These rates are the official rates used by the Fund to conduct operations with member countries. The rates are derived from the currency's representative exchange rate, as reported by the central bank, normally against the U.S. dollar at spot market rates and rounded to six significant digits. See Representative Exchange Rates for Selected Currencies.

The value in terms of each national currency of the SDR (shown above) is the reciprocal of the value in terms of the SDR of each national currency, rounded to six significant digits.

Exchange rates are published daily except on IMF holidays or whenever the IMF is closed for business.
