Currency units per SDR for June 1997
Currency	June 02, 1997	June 03, 1997	June 04, 1997	June 05, 1997	June 06, 1997	June 09, 1997	June 10, 1997	June 11, 1997	June 12, 1997	June 13, 1997	June 16, 1997
Chinese Yuan	NA	NA	NA	NA	NA	NA	NA	NA	NA	NA	NA
Euro	NA	NA	NA	NA	NA	NA	NA	NA	NA	NA	NA
Japanese Yen	161.094000	161.422000	160.651000	160.945000	160.040000	157.293000	157.558000	155.657000	155.585000	158.416000	159.311000
U.K. Pound Sterling	0.846833	0.847764	0.849957	0.849528	0.851218	0.853495	0.852845	0.854729	0.851381	0.850205	0.848833
U.S. Dollar	1.386350	1.387620	1.383730	1.386260	1.383230	1.394440	1.396790	1.397910	1.390390	1.387790	1.388690
Algerian Dinar	NA	NA	NA	NA	NA	NA	NA	NA	NA	NA	NA
Australian Dollar	1.828960	1.828220	1.821180	1.830050	1.820760	NA	1.834740	1.839600	1.848430	1.844480	1.839080
Bahrain Dinar	0.521268	0.521745	0.520282	0.521234	0.520094	0.524309	0.525193	0.525614	0.522787	0.521809	0.522147
Botswana Pula	NA	NA	NA	NA	NA	NA	NA	NA	NA	NA	NA
Brazilian Real	1.484640	1.484890	1.481560	1.485790	1.482820	1.494840	1.497640	1.498700	1.491330	1.489100	1.491040
Brunei Dollar	NA	NA	NA	NA	NA	NA	NA	NA	NA	NA	NA
Canadian Dollar	1.909840	1.906310	1.903600	1.907630	1.914250	1.933390	1.936370	1.938760	1.921940	1.913070	1.922220
Chilean Peso	NA	NA	NA	NA	NA	NA	NA	NA	NA	NA	NA
Colombian Peso	1,493.220000	1,494.590000	1,493.180000	1,493.270000	1,489.030000	1,500.670000	1,503.200000	1,507.840000	1,502.470000	1,499.450000	1,500.600000
Czech Koruna	NA	NA	NA	NA	NA	NA	NA	NA	NA	NA	NA
Danish Krone	9.068810	9.122910	9.127080	NA	9.140380	9.125220	9.109860	9.114370	9.120260	9.138600	9.161190
Hungarian Forint	NA	NA	NA	NA	NA	NA	NA	NA	NA	NA	NA
Icelandic Krona	97.793100	97.924300	97.815900	97.897700	97.918900	98.029100	98.082600	98.021400	97.994700	97.978000	98.208200
Indian Rupee	49.603600	49.690700	49.509900	49.586500	49.492000	49.893100	49.977100	50.045200	49.859400	49.710600	49.742900
Indonesian Rupiah	3,384.080000	3,388.570000	3,345.860000	NA	3,379.230000	3,406.620000	3,412.360000	3,416.490000	3,399.500000	3,393.150000	3,396.740000
Iranian Rial	2,439.110000	2,429.580000	NA	NA	NA	2,424.110000	2,443.760000	2,447.810000	2,449.840000	NA	2,432.100000
Israeli New Sheqel	NA	NA	NA	NA	NA	NA	NA	NA	NA	NA	NA
Kazakhstani Tenge	NA	NA	NA	NA	NA	NA	NA	NA	NA	NA	NA
Korean Won	1,236.350000	1,236.650000	1,232.900000	1,235.160000	1,232.460000	1,242.310000	1,243.140000	1,245.680000	1,238.280000	1,236.380000	1,235.520000
Kuwaiti Dinar	0.419371	0.420116	0.418938	0.419704	NA	0.421372	0.421942	0.422057	0.420885	NA	0.420162
Libyan Dinar	0.525000	0.525000	0.525000	0.525000	0.525000	0.525000	0.525000	0.525000	0.525000	0.525000	0.525000
Malaysian Ringgit	3.487360	3.491530	3.482710	3.487140	3.477160	3.502140	3.504690	3.512950	3.490300	3.488210	3.494360
Mauritian Rupee	NA	NA	NA	NA	NA	NA	NA	NA	NA	NA	NA
Mexican Peso	NA	NA	NA	NA	NA	NA	NA	NA	NA	NA	NA
Nepalese Rupee	79.063500	79.136000	78.914100	79.058400	78.885600	79.524900	79.658900	79.722800	79.293900	79.145700	79.197000
New Zealand Dollar	NA	2.016010	2.007730	2.017550	2.013140	2.018590	2.025210	2.022150	2.017400	2.012750	2.016390
Norwegian Krone	9.869430	9.901360	9.893670	9.906910	9.920530	9.953510	9.934670	9.982480	9.973960	10.012900	10.098600
Rial Omani	0.533052	0.533540	0.532044	0.533017	0.531852	0.536162	0.537066	0.537496	0.534605	0.533605	0.533951
Pakistani Rupee	56.134700	56.186100	56.028600	56.131100	56.008400	56.462300	56.557400	56.602800	56.298300	56.193000	56.229400
Nuevo Sol	NA	NA	NA	NA	NA	NA	NA	NA	NA	NA	NA
Philippine Peso	NA	NA	NA	NA	NA	NA	NA	NA	NA	NA	NA
Polish Zloty	NA	NA	NA	NA	NA	NA	NA	NA	NA	NA	NA
Qatar Riyal	5.046310	5.050940	5.036780	5.045990	5.034960	5.075760	5.084320	5.088390	5.061020	5.051560	5.054830
Russian Ruble	NA	NA	NA	NA	NA	NA	NA	NA	NA	NA	NA
Saudi Arabian Riyal	5.191880	5.196640	5.182070	5.191540	5.180200	5.222180	5.230980	5.235170	5.207010	5.197270	5.200640
Singapore Dollar	1.984010	1.987210	1.980120	1.981660	1.977330	1.989170	1.985960	1.985450	1.978250	1.976490	1.982350
South African Rand	6.201840	6.204740	6.190120	6.215300	6.203090	6.279860	6.290440	6.285700	6.257450	6.247140	NA
Sri Lanka Rupee	81.645600	81.786300	81.557000	81.720000	81.527600	82.170900	82.295400	82.357900	81.914800	81.831000	81.936200
Swedish Krona	10.731700	10.806100	10.751600	10.738100	10.735200	10.849400	10.864200	10.833800	10.810300	10.803900	10.792200
Swiss Franc	1.976800	1.982080	2.000600	2.000370	2.015780	2.011480	2.014310	2.011730	2.007720	2.004390	2.003880
Thai Baht	35.781700	35.856100	35.727900	35.793200	35.701200	35.906800	35.925400	35.940300	35.746900	35.791100	35.842100
Trinidad And Tobago Dollar	8.689640	NA	8.659240	8.676880	8.659570	8.729330	8.743770	8.747980	8.695920	8.678130	8.687640
Tunisian Dinar	NA	NA	NA	NA	NA	NA	NA	NA	NA	NA	NA
U.A.E. Dirham	5.089290	5.093950	5.079670	5.088960	5.077840	5.118990	5.127620	5.131730	5.104120	5.094580	5.097880
Peso Uruguayo	NA	NA	NA	NA	NA	NA	NA	NA	NA	NA	NA
Bolivar Fuerte	NA	NA	NA	NA	NA	NA	NA	NA	NA	NA	NA

Currency units per SDR for June 1997 Continued

Currency	June 17, 1997	June 18, 1997	June 19, 1997	June 20, 1997	June 23, 1997	June 24, 1997	June 25, 1997	June 26, 1997	June 27, 1997	June 30, 1997
Chinese Yuan	NA	NA	NA	NA	NA	NA	NA	NA	NA	11.508700
Euro	NA	NA	NA	NA	NA	NA	NA	NA	NA	NA
Japanese Yen	157.264000	157.647000	157.867000	159.107000	160.389000	159.606000	158.849000	159.065000	157.774000	158.803000
U.K. Pound Sterling	0.848403	0.850354	0.847706	0.843448	0.838269	0.834314	0.836968	0.835980	0.834334	0.834570
U.S. Dollar	1.389260	1.392030	1.391510	1.389580	1.389850	1.392720	1.394640	1.394080	1.391920	1.388140
Algerian Dinar	NA	NA	NA	NA	NA	NA	NA	NA	NA	NA
Australian Dollar	1.858040	1.852580	1.860310	1.850310	1.849680	1.852510	1.858030	1.856550	1.857130	1.862030
Bahrain Dinar	0.522362	0.523403	0.523208	0.522482	0.522584	0.523663	0.524385	0.524174	0.523362	0.521941
Botswana Pula	NA	NA	NA	NA	NA	NA	NA	NA	NA	NA
Brazilian Real	1.491090	1.494070	1.494760	1.493660	1.496730	1.498710	1.500910	1.500170	1.497710	1.494190
Brunei Dollar	NA	NA	NA	NA	NA	NA	NA	NA	NA	NA
Canadian Dollar	1.925100	1.930610	1.931690	1.935130	1.930780	1.936990	1.945240	1.925640	1.922520	1.917160
Chilean Peso	NA	NA	NA	NA	NA	NA	NA	NA	NA	577.536000
Colombian Peso	1,503.780000	1,511.740000	1,508.930000	1,506.690000	1,509.880000	1,515.500000	1,515.230000	1,516.370000	1,518.000000	1,511.700000
Czech Koruna	NA	NA	NA	NA	NA	NA	NA	NA	NA	NA
Danish Krone	9.183700	9.146330	9.163090	9.139960	9.146600	9.142510	9.143260	9.162590	9.158140	9.215860
Hungarian Forint	NA	NA	NA	NA	NA	NA	NA	NA	NA	NA
Icelandic Krona	NA	98.082400	98.101500	97.854200	97.706500	97.629700	97.722400	97.725000	97.726700	97.988800
Indian Rupee	49.763300	49.876400	49.843900	49.774800	49.784400	49.887200	49.956000	49.949900	49.886400	49.723200
Indonesian Rupiah	3,398.130000	3,404.910000	3,405.020000	3,401.690000	3,402.350000	3,409.380000	3,414.080000	3,414.100000	3,408.810000	3,400.940000
Iranian Rial	2,433.680000	2,434.680000	2,439.540000	2,439.540000	2,435.240000	2,435.710000	2,440.740000	2,440.740000	2,440.740000	2,439.340000
Israeli New Sheqel	NA	NA	NA	NA	NA	NA	NA	NA	NA	NA
Kazakhstani Tenge	NA	NA	NA	NA	NA	NA	NA	NA	NA	NA
Korean Won	1,234.360000	1,236.820000	1,236.360000	1,234.500000	1,234.740000	1,237.150000	1,238.020000	1,237.520000	1,236.440000	1,232.810000
Kuwaiti Dinar	0.420140	0.420811	0.420918	NA	0.420527	0.420699	0.421279	0.421110	NA	0.419774
Libyan Dinar	0.525000	0.525000	0.525000	0.525000	0.525000	0.525000	0.525000	0.525000	0.525000	0.525000
Malaysian Ringgit	3.494680	3.494000	3.503130	3.493270	3.497840	3.506310	3.516310	3.514750	3.511950	3.502970
Mauritian Rupee	NA	NA	NA	NA	NA	NA	NA	NA	NA	NA
Mexican Peso	NA	NA	NA	NA	NA	NA	NA	NA	NA	11.035700
Nepalese Rupee	79.229500	79.387500	79.357800	79.247700	79.263100	79.426800	79.536300	79.504400	79.381200	79.165600
New Zealand Dollar	2.017220	2.019780	2.020780	2.023860	2.035520	2.033170	2.031520	2.031300	2.039440	2.048010
Norwegian Krone	10.111700	10.028200	10.077300	10.070300	10.070200	10.091000	10.083900	10.129400	10.104600	10.123000
Rial Omani	0.534170	0.535236	0.535036	0.534294	0.534397	0.535501	0.536239	0.536024	0.535193	0.533740
Pakistani Rupee	56.252500	56.364700	56.343600	56.265500	56.276400	56.392600	56.470400	56.447700	56.360200	56.304600
Nuevo Sol	NA	NA	NA	NA	NA	NA	NA	NA	NA	NA
Philippine Peso	NA	NA	NA	NA	NA	NA	NA	NA	NA	36.577500
Polish Zloty	NA	NA	NA	NA	NA	NA	NA	NA	NA	4.559350
Qatar Riyal	5.056910	5.066990	5.065100	5.058070	5.059050	5.069500	5.076490	5.074450	5.066590	5.052830
Russian Ruble	NA	NA	NA	NA	NA	NA	NA	NA	NA	NA
Saudi Arabian Riyal	5.202780	5.213150	5.211200	5.203980	5.204990	5.215740	5.222930	5.220830	5.212740	5.198580
Singapore Dollar	1.982340	1.985170	1.983600	1.982930	1.986230	1.987830	1.991270	1.989350	1.985570	1.985040
South African Rand	6.263480	6.285710	NA	6.264920	6.253630	6.267940	6.289130	6.289390	6.283820	6.288970
Sri Lanka Rupee	81.949000	82.105400	82.116500	NA	82.032400	82.160000	82.273300	82.275100	82.133700	81.966200
Swedish Krona	10.805000	10.700500	10.785600	NA	10.699800	10.720500	10.740800	10.700300	10.699700	10.706000
Swiss Franc	2.009840	2.010510	2.009760	2.003910	1.999300	1.999530	2.005910	2.007610	2.005760	2.025020
Thai Baht	35.801200	35.858700	35.859200	35.837300	35.872000	35.904300	35.939900	35.925400	35.841900	35.800100
Trinidad And Tobago Dollar	8.688290	8.712580	NA	8.696960	NA	8.725250	8.734350	8.742970	8.729840	8.697670
Tunisian Dinar	NA	NA	NA	NA	NA	NA	NA	NA	NA	NA
U.A.E. Dirham	5.099970	5.110140	5.108230	5.101150	5.102140	5.112680	5.119720	5.117670	5.109740	5.095860
Peso Uruguayo	NA	NA	NA	NA	NA	NA	NA	NA	NA	NA
Bolivar Fuerte	NA	NA	NA	NA	NA	NA	NA	NA	NA	NA

Notes:


The value of the U.S. dollar in terms of the SDR is the reciprocal of the sum of the dollar values, based on market exchange rates, of specified quantities of the SDR basket currencies. See SDR Valuation.

These rates are the official rates used by the Fund to conduct operations with member countries. The rates are derived from the currency's representative exchange rate, as reported by the central bank, normally against the U.S. dollar at spot market rates and rounded to six significant digits. See Representative Exchange Rates for Selected Currencies.

The value in terms of each national currency of the SDR (shown above) is the reciprocal of the value in terms of the SDR of each national currency, rounded to six significant digits.

Exchange rates are published daily except on IMF holidays or whenever the IMF is closed for business.
