Currency units per SDR for March 1997
Currency	March 03, 1997	March 04, 1997	March 05, 1997	March 06, 1997	March 07, 1997	March 10, 1997	March 11, 1997	March 12, 1997	March 13, 1997	March 14, 1997	March 17, 1997
Chinese Yuan	NA	NA	NA	NA	NA	NA	NA	NA	NA	NA	NA
Euro	NA	NA	NA	NA	NA	NA	NA	NA	NA	NA	NA
Japanese Yen	166.259000	167.513000	167.740000	167.443000	166.683000	167.700000	167.033000	167.781000	168.263000	169.548000	170.339000
U.K. Pound Sterling	0.853541	0.851824	0.853894	0.853611	0.856581	0.860275	0.857501	0.863088	0.858850	0.859299	0.864426
U.S. Dollar	1.383760	1.377570	1.376050	1.374740	1.375840	1.375150	1.376460	1.373000	1.377510	1.372300	1.377030
Algerian Dinar	NA	NA	NA	NA	NA	NA	NA	NA	NA	NA	NA
Australian Dollar	1.773140	1.741110	1.747140	1.750590	1.742230	1.748440	1.745670	1.729440	1.738620	1.717950	1.725600
Bahrain Dinar	0.520294	0.517966	0.517395	0.516902	0.517316	0.517056	0.517549	0.516248	0.517944	0.515985	0.517763
Botswana Pula	NA	NA	NA	NA	NA	NA	NA	NA	NA	NA	NA
Brazilian Real	1.453920	1.447410	1.446090	NA	1.447660	1.447210	1.448590	1.445910	1.451340	1.447640	1.452220
Brunei Dollar	NA	NA	NA	NA	NA	NA	NA	NA	NA	NA	NA
Canadian Dollar	1.891880	1.887130	1.882570	1.875700	1.882150	1.885330	1.881070	1.872220	1.877680	1.870720	1.885700
Chilean Peso	NA	NA	NA	NA	NA	NA	NA	NA	NA	NA	NA
Colombian Peso	1,490.410000	1,482.070000	1,469.300000	1,461.950000	1,455.060000	1,449.480000	1,454.810000	1,459.130000	1,464.750000	1,455.120000	1,460.840000
Czech Koruna	NA	NA	NA	NA	NA	NA	NA	NA	NA	NA	NA
Danish Krone	8.932170	8.972110	8.984920	9.007980	8.987670	8.955660	8.953870	8.947150	8.910420	8.927500	8.874270
Hungarian Forint	NA	NA	NA	NA	NA	NA	NA	NA	NA	NA	NA
Icelandic Krona	97.956400	98.220700	98.332500	98.376400	98.276300	98.158200	98.086500	98.128300	97.968500	98.078300	97.893100
Indian Rupee	49.594000	49.358300	49.358900	49.311900	49.351400	49.312900	49.346100	49.208300	49.383700	49.197000	49.380300
Indonesian Rupiah	3,249.070000	3,234.530000	3,230.970000	3,227.890000	3,230.470000	3,228.850000	3,231.930000	3,223.800000	3,234.390000	3,222.160000	3,233.270000
Iranian Rial	2,427.110000	2,425.040000	NA	2,411.540000	2,411.540000	2,411.160000	2,409.950000	2,412.250000	2,406.180000	2,406.180000	2,404.960000
Israeli New Sheqel	NA	NA	NA	NA	NA	NA	NA	NA	NA	NA	NA
Kazakhstani Tenge	NA	NA	NA	NA	NA	NA	NA	NA	NA	NA	NA
Korean Won	1,195.850000	1,189.670000	1,189.600000	NA	1,195.600000	1,195.690000	1,203.850000	1,205.080000	1,209.180000	1,204.600000	1,210.410000
Kuwaiti Dinar	0.419238	0.417913	0.417838	0.417440	NA	0.417551	0.417811	0.416980	0.417964	NA	0.418094
Libyan Dinar	0.525000	0.525000	0.525000	0.525000	0.525000	0.525000	0.525000	0.525000	0.525000	0.525000	0.525000
Malaysian Ringgit	3.436570	3.413070	3.405590	3.401930	3.407680	3.405970	3.407840	3.393920	3.407270	3.401930	3.409530
Mauritian Rupee	NA	NA	NA	NA	NA	NA	NA	NA	NA	NA	NA
Mexican Peso	NA	NA	NA	NA	NA	NA	NA	NA	NA	NA	NA
Nepalese Rupee	78.915800	78.562800	78.476100	78.401400	78.464200	78.424800	78.499500	78.302200	78.559400	78.262300	78.532000
New Zealand Dollar	1.989300	1.963190	1.960740	1.958880	1.953760	1.957230	1.961890	1.942830	1.963380	1.968020	1.972260
Norwegian Krone	9.346610	9.540360	9.553920	9.583310	9.530440	9.479600	9.355110	9.357680	9.356740	9.417410	9.407870
Rial Omani	0.532056	0.529676	0.529091	0.528588	0.529010	0.528745	0.529249	0.527919	0.529653	0.527649	0.529468
Pakistani Rupee	55.655200	55.406300	55.345100	55.292500	55.336700	55.308900	55.361600	55.222500	55.403900	55.194300	55.384600
Nuevo Sol	NA	NA	NA	NA	NA	NA	NA	NA	NA	NA	NA
Philippine Peso	NA	NA	NA	NA	NA	NA	NA	NA	NA	NA	NA
Polish Zloty	NA	NA	NA	NA	NA	NA	NA	NA	NA	NA	NA
Qatar Riyal	5.036890	5.014350	5.008820	5.004050	5.008060	5.005550	5.010310	4.997720	5.014140	4.995170	5.012390
Russian Ruble	NA	NA	NA	NA	NA	NA	NA	NA	NA	NA	NA
Saudi Arabian Riyal	5.182180	5.159000	5.153310	5.148400	5.152520	5.149940	5.154840	5.141890	5.158770	5.139260	5.156980
Singapore Dollar	1.972550	1.964410	1.961970	1.963540	1.969240	1.971140	1.970820	1.966550	1.976450	1.969660	1.974660
South African Rand	6.187480	6.122610	6.125490	6.125150	6.139690	6.117350	6.095650	6.072090	6.054850	6.092330	6.109190
Sri Lanka Rupee	79.609800	79.326000	79.296900	79.219400	79.315800	79.320700	79.389400	79.224200	79.498200	79.273000	79.546200
Swedish Krona	10.434200	10.481900	10.490300	10.532600	10.535200	10.533200	10.448000	10.546000	10.525700	10.620200	10.658900
Swiss Franc	2.041740	2.041280	2.043430	2.044240	2.035560	2.029720	2.030690	2.024490	2.002210	2.014260	1.998350
Thai Baht	35.797900	35.706600	35.694700	35.647000	35.675500	35.685100	35.691600	35.615600	35.718800	35.638600	35.761500
Trinidad And Tobago Dollar	8.587890	8.554990	8.544720	8.533560	8.557170	8.568280	8.575760	8.549120	8.577340	8.547100	8.585510
Tunisian Dinar	NA	NA	NA	NA	NA	NA	NA	NA	NA	NA	NA
U.A.E. Dirham	5.079780	5.057060	5.051480	5.046670	5.050710	5.048180	5.052980	5.040280	5.056840	5.037710	5.055080
Peso Uruguayo	NA	NA	NA	NA	NA	NA	NA	NA	NA	NA	NA
Bolivar Fuerte	NA	NA	NA	NA	NA	NA	NA	NA	NA	NA	NA

Currency units per SDR for March 1997 Continued

Currency	March 18, 1997	March 19, 1997	March 20, 1997	March 21, 1997	March 24, 1997	March 25, 1997	March 26, 1997	March 27, 1997	March 28, 1997	March 31, 1997
Chinese Yuan	NA	NA	NA	NA	NA	NA	NA	11.475400	NA	11.504900
Euro	NA	NA	NA	NA	NA	NA	NA	NA	NA	NA
Japanese Yen	170.137000	169.144000	NA	169.924000	168.728000	169.808000	170.806000	172.040000	170.947000	172.044000
U.K. Pound Sterling	0.867798	0.864113	0.866706	0.862534	0.856477	0.853472	0.850448	0.848941	NA	NA
U.S. Dollar	1.377630	1.378520	1.381530	1.375570	1.378500	1.379210	1.377470	1.383180	1.382510	1.386890
Algerian Dinar	NA	NA	NA	NA	NA	NA	NA	NA	NA	NA
Australian Dollar	1.743170	1.750060	1.754990	1.754330	1.750920	1.747160	1.759450	1.758650	NA	NA
Bahrain Dinar	0.517989	0.518324	0.519455	0.517214	0.518316	0.518583	0.517929	0.520076	0.519824	0.521471
Botswana Pula	NA	NA	NA	NA	NA	NA	NA	NA	NA	NA
Brazilian Real	1.456710	1.458610	1.464010	1.457280	1.461620	1.462930	1.460670	NA	NA	1.470240
Brunei Dollar	NA	NA	NA	NA	NA	NA	NA	NA	NA	NA
Canadian Dollar	1.892730	1.900290	1.904850	1.898150	1.899570	1.899860	1.892920	1.904780	NA	1.919870
Chilean Peso	NA	NA	NA	NA	NA	NA	NA	573.328000	NA	576.461000
Colombian Peso	1,460.110000	1,459.320000	1,464.850000	1,459.010000	1,461.250000	1,462.000000	1,459.470000	NA	NA	1,469.940000
Czech Koruna	NA	NA	NA	NA	NA	NA	NA	NA	NA	NA
Danish Krone	8.882960	8.856300	8.839030	8.873110	8.886500	8.855220	8.878480	NA	NA	NA
Hungarian Forint	NA	NA	NA	NA	NA	NA	NA	NA	NA	NA
Icelandic Krona	97.977000	97.750900	97.660400	97.706700	97.708100	97.551500	97.662600	NA	NA	NA
Indian Rupee	49.429400	49.475100	49.596900	49.355500	49.460600	49.499800	49.451200	49.670000	49.645900	49.803200
Indonesian Rupiah	3,234.680000	3,236.760000	3,243.830000	3,229.840000	3,236.720000	3,238.390000	3,234.300000	3,344.530000	NA	3,353.500000
Iranian Rial	2,413.250000	2,413.250000	NA	NA	NA	2,415.820000	2,417.070000	2,414.020000	NA	2,422.850000
Israeli New Sheqel	NA	NA	NA	NA	NA	NA	NA	NA	NA	NA
Kazakhstani Tenge	NA	NA	NA	NA	NA	NA	NA	NA	NA	NA
Korean Won	1,212.040000	1,216.680000	1,221.830000	1,215.320000	1,219.010000	1,223.770000	1,224.160000	1,230.340000	1,234.440000	1,244.180000
Kuwaiti Dinar	0.418455	0.418160	0.419073	NA	0.418154	0.418370	0.418021	0.419325	NA	0.420450
Libyan Dinar	0.525000	0.525000	0.525000	0.525000	0.525000	0.525000	0.525000	0.525000	0.525000	0.525000
Malaysian Ringgit	3.411840	3.408800	3.418600	3.406600	3.417720	3.416990	3.411580	3.428900	3.431110	3.438100
Mauritian Rupee	NA	NA	NA	NA	NA	NA	NA	NA	NA	NA
Mexican Peso	NA	NA	NA	NA	NA	NA	NA	10.957600	NA	10.999400
Nepalese Rupee	78.566200	78.617000	78.788700	78.448800	78.615900	78.656300	78.557100	78.882800	78.844500	79.094300
New Zealand Dollar	1.984770	1.994100	1.993550	1.988970	1.985450	1.982760	1.987690	1.990760	NA	NA
Norwegian Krone	9.442960	9.374630	9.337070	9.275470	9.233190	9.224850	9.178770	NA	NA	NA
Rial Omani	0.529699	0.530041	0.531198	0.528907	0.530033	0.530306	0.529637	0.531833	0.531575	0.533259
Pakistani Rupee	55.408700	55.444500	55.565600	55.325800	55.443700	55.472200	55.402300	55.631900	55.605000	55.781100
Nuevo Sol	NA	NA	NA	NA	NA	NA	NA	NA	NA	NA
Philippine Peso	NA	NA	NA	NA	NA	NA	NA	36.470300	NA	NA
Polish Zloty	NA	NA	NA	NA	NA	NA	NA	4.250510	NA	4.263990
Qatar Riyal	5.014570	5.017810	5.028770	5.007070	5.017740	5.020320	5.013990	5.034780	5.032340	5.048280
Russian Ruble	NA	NA	NA	NA	NA	NA	NA	NA	NA	NA
Saudi Arabian Riyal	5.159220	5.162560	5.173830	5.151510	5.162480	5.165140	5.158630	5.180010	5.177500	5.193900
Singapore Dollar	1.978690	1.984100	1.989400	1.989760	1.987930	1.983990	1.989070	2.002570	NA	2.004190
South African Rand	6.091190	6.102020	6.127780	NA	6.106070	6.092660	6.094620	6.117110	NA	NA
Sri Lanka Rupee	79.629100	79.677100	79.906300	79.675100	79.841300	79.928700	79.938000	80.265900	NA	80.481200
Swedish Krona	10.649200	10.588000	10.611700	10.526300	10.507200	10.546700	10.585200	10.498300	NA	NA
Swiss Franc	2.001420	1.993340	1.980420	2.006270	2.014680	2.009100	2.021020	2.007270	NA	NA
Thai Baht	35.777100	35.745000	35.836900	35.723600	35.758300	35.804300	35.800400	35.948800	35.890000	36.017500
Trinidad And Tobago Dollar	8.582630	8.609960	8.618540	8.585350	8.621690	8.613030	8.599680	8.650410	NA	NA
Tunisian Dinar	NA	NA	NA	NA	NA	NA	NA	NA	NA	NA
U.A.E. Dirham	5.057280	5.060550	5.071600	5.049720	5.060470	5.063080	5.056690	5.077650	5.075190	5.091270
Peso Uruguayo	NA	NA	NA	NA	NA	NA	NA	NA	NA	NA
Bolivar Fuerte	NA	NA	NA	NA	NA	NA	NA	NA	NA	NA

Notes:


The value of the U.S. dollar in terms of the SDR is the reciprocal of the sum of the dollar values, based on market exchange rates, of specified quantities of the SDR basket currencies. See SDR Valuation.

These rates are the official rates used by the Fund to conduct operations with member countries. The rates are derived from the currency's representative exchange rate, as reported by the central bank, normally against the U.S. dollar at spot market rates and rounded to six significant digits. See Representative Exchange Rates for Selected Currencies.

The value in terms of each national currency of the SDR (shown above) is the reciprocal of the value in terms of the SDR of each national currency, rounded to six significant digits.

Exchange rates are published daily except on IMF holidays or whenever the IMF is closed for business.
