Currency units per SDR for February 1997
Currency	February 03, 1997	February 04, 1997	February 05, 1997	February 06, 1997	February 07, 1997	February 10, 1997	February 11, 1997	February 12, 1997	February 13, 1997	February 14, 1997	February 17, 1997
Chinese Yuan	NA	NA	NA	NA	NA	NA	NA	NA	NA	NA	NA
Euro	NA	NA	NA	NA	NA	NA	NA	NA	NA	NA	NA
Japanese Yen	168.850000	169.692000	170.969000	171.349000	171.489000	170.394000	NA	171.512000	171.630000	172.080000	171.543000
U.K. Pound Sterling	0.867066	0.858410	0.854065	0.847682	0.850448	0.851215	0.845431	0.844567	0.846060	0.851589	0.849537
U.S. Dollar	1.390860	1.393200	1.389990	1.389690	1.385210	1.390970	1.386000	1.382050	1.380770	1.380170	1.376420
Algerian Dinar	NA	NA	NA	NA	NA	NA	NA	NA	NA	NA	NA
Australian Dollar	1.821450	1.819990	1.820310	1.818490	1.821210	1.829020	1.827050	1.826900	1.799520	1.806980	1.801360
Bahrain Dinar	0.522963	0.523843	0.522636	0.522523	0.520839	0.523005	0.521136	0.519651	0.519170	0.518944	0.517534
Botswana Pula	NA	NA	NA	NA	NA	NA	NA	NA	NA	NA	NA
Brazilian Real	1.453870	1.455750	1.453230	1.453890	1.449480	NA	NA	1.447280	1.445390	1.446280	1.443450
Brunei Dollar	NA	NA	NA	NA	NA	NA	NA	NA	NA	NA	NA
Canadian Dollar	1.868200	1.871210	1.866900	1.873580	1.868930	1.880310	1.878860	1.873230	1.868040	1.862950	1.860370
Chilean Peso	NA	NA	NA	NA	NA	NA	NA	NA	NA	NA	NA
Colombian Peso	1,479.880000	1,485.120000	1,495.980000	1,489.580000	1,482.290000	1,483.390000	1,488.910000	1,485.940000	1,485.030000	1,481.420000	1,479.650000
Czech Koruna	NA	NA	NA	NA	NA	NA	NA	NA	NA	NA	NA
Danish Krone	8.720690	8.726310	8.725660	8.747400	8.773920	8.760330	8.805260	8.834750	8.860400	8.871040	8.886860
Hungarian Forint	NA	NA	NA	NA	NA	NA	NA	NA	NA	NA	NA
Icelandic Krona	97.123800	97.050300	97.021300	97.097600	97.144800	97.173200	97.324900	97.310100	97.482400	97.716000	97.643200
Indian Rupee	49.904100	49.974100	49.872800	49.848200	49.687500	49.894100	49.729700	49.588000	49.597300	49.630900	49.413500
Indonesian Rupiah	3,265.740000	3,271.230000	3,263.700000	3,262.990000	3,252.470000	3,266.000000	3,254.330000	3,245.050000	3,242.050000	3,240.640000	3,231.830000
Iranian Rial	2,444.140000	2,437.480000	2,441.580000	2,435.960000	2,435.960000	2,427.580000	2,437.670000	2,428.970000	2,422.040000	2,422.040000	2,418.750000
Israeli New Sheqel	NA	NA	NA	NA	NA	NA	NA	NA	NA	NA	NA
Kazakhstani Tenge	NA	NA	NA	NA	NA	NA	NA	NA	NA	NA	NA
Korean Won	1,202.400000	NA	1,207.350000	1,208.890000	NA	1,207.080000	1,202.770000	1,201.420000	1,199.470000	1,206.270000	1,204.370000
Kuwaiti Dinar	0.420874	0.421359	0.420583	0.420492	NA	NA	0.419376	0.418955	0.418567	NA	0.417881
Libyan Dinar	0.525000	0.525000	0.525000	0.525000	0.525000	0.525000	0.525000	0.525000	0.525000	0.525000	0.525000
Malaysian Ringgit	3.454340	3.472410	3.465940	3.461580	NA	NA	NA	3.436470	3.430250	3.430410	3.425910
Mauritian Rupee	NA	NA	NA	NA	NA	NA	NA	NA	NA	NA	NA
Mexican Peso	NA	NA	NA	NA	NA	NA	NA	NA	NA	NA	NA
Nepalese Rupee	79.320700	79.454200	79.271100	79.254000	78.998500	79.327000	79.043600	78.818300	78.745300	78.711100	78.497200
New Zealand Dollar	2.017200	2.023820	2.008950	NA	2.013680	2.025880	2.023060	2.015240	2.007220	1.992160	1.990480
Norwegian Krone	9.039890	9.000070	8.958490	8.999630	9.005250	9.062170	9.124730	9.129130	9.132410	9.253350	9.235090
Rial Omani	0.534786	0.535685	0.534451	0.534336	0.532613	0.534828	0.532917	0.531398	0.530906	0.530675	0.529233
Pakistani Rupee	55.940800	56.034900	55.905800	55.893700	55.713600	55.945200	55.745300	55.586500	55.535000	55.510900	55.360000
Nuevo Sol	NA	NA	NA	NA	NA	NA	NA	NA	NA	NA	NA
Philippine Peso	NA	NA	NA	NA	NA	NA	NA	NA	NA	NA	NA
Polish Zloty	NA	NA	NA	NA	NA	NA	NA	NA	NA	NA	NA
Qatar Riyal	5.062730	5.071250	5.059560	5.058470	5.042160	5.063130	5.045040	5.030660	5.026000	5.023820	5.010170
Russian Ruble	NA	NA	NA	NA	NA	NA	NA	NA	NA	NA	NA
Saudi Arabian Riyal	5.208770	5.217530	5.205510	5.204390	5.187610	5.209180	5.190570	5.175780	5.170980	5.168740	5.154690
Singapore Dollar	1.958470	1.962320	1.959610	1.962940	NA	NA	1.956750	1.961130	1.958620	1.957500	1.953140
South African Rand	6.305460	6.306320	6.243140	6.215390	6.156570	6.141830	6.148990	6.089310	6.091270	6.092760	6.076210
Sri Lanka Rupee	79.585000	NA	79.559600	79.556300	79.372500	79.699100	79.462800	79.305500	79.263100	79.266600	79.078800
Swedish Krona	10.121300	10.178700	10.221300	10.275400	10.253600	10.200000	10.221100	10.294600	10.223200	10.241600	10.176300
Swiss Franc	1.985040	1.982520	1.987270	1.981000	1.990550	1.976570	1.982670	1.994570	1.997840	2.011180	2.033110
Thai Baht	35.967600	36.028200	35.986800	35.993000	35.904600	36.026100	35.911300	35.878000	35.872400	35.856800	35.773200
Trinidad And Tobago Dollar	8.548230	8.575010	8.568870	8.576890	8.556440	NA	NA	8.554610	8.550970	8.556640	8.532010
Tunisian Dinar	NA	NA	NA	NA	NA	NA	NA	NA	NA	NA	NA
U.A.E. Dirham	5.105850	5.114440	5.102650	5.101550	5.085110	5.106250	5.088010	5.073510	5.068810	5.066600	5.052840
Peso Uruguayo	NA	NA	NA	NA	NA	NA	NA	NA	NA	NA	NA
Bolivar Fuerte	NA	NA	NA	NA	NA	NA	NA	NA	NA	NA	NA

Currency units per SDR for February 1997 Continued

Currency	February 18, 1997	February 19, 1997	February 20, 1997	February 21, 1997	February 24, 1997	February 25, 1997	February 26, 1997	February 27, 1997	February 28, 1997
Chinese Yuan	NA	NA	NA	NA	NA	NA	NA	NA	11.488600
Euro	NA	NA	NA	NA	NA	NA	NA	NA	NA
Japanese Yen	170.798000	170.879000	170.614000	169.503000	169.991000	169.626000	168.775000	167.875000	167.273000
U.K. Pound Sterling	0.856317	0.851125	0.856520	0.852290	0.850734	0.847160	0.847906	0.850559	0.849761
U.S. Dollar	1.372420	1.376950	1.378140	1.380880	1.385420	1.386970	1.388870	1.384540	1.384940
Algerian Dinar	NA	NA	NA	NA	NA	NA	NA	NA	NA
Australian Dollar	1.789800	1.801350	1.792590	1.784770	1.783730	1.787330	1.793710	1.784890	1.785180
Bahrain Dinar	0.516030	0.517733	0.518181	0.519211	0.520918	0.521501	0.522215	0.520587	0.520737
Botswana Pula	NA	NA	NA	NA	NA	NA	NA	NA	NA
Brazilian Real	1.438710	1.444010	1.446500	1.449510	NA	1.456180	1.458730	1.455010	1.455160
Brunei Dollar	NA	NA	NA	NA	NA	NA	NA	NA	NA
Canadian Dollar	1.863060	1.871960	1.873720	1.881030	1.886800	1.885720	1.897060	1.893220	1.892520
Chilean Peso	NA	NA	NA	NA	NA	NA	NA	NA	572.188000
Colombian Peso	1,476.780000	1,480.370000	1,480.810000	1,483.200000	1,487.140000	1,495.470000	1,505.660000	1,496.590000	1,496.440000
Czech Koruna	NA	NA	NA	NA	NA	NA	NA	NA	NA
Danish Krone	8.914550	8.871690	8.877290	8.883200	8.849370	8.868980	8.856130	8.921280	8.932860
Hungarian Forint	NA	NA	NA	NA	NA	NA	NA	NA	NA
Icelandic Krona	97.812400	97.694600	97.710100	97.766300	97.561300	97.642700	97.526500	97.859300	97.984500
Indian Rupee	49.256200	49.418700	49.461400	49.559800	49.736600	49.778400	49.804900	49.691100	49.705500
Indonesian Rupiah	3,222.440000	3,233.080000	3,235.870000	3,242.310000	3,252.970000	3,256.610000	3,261.070000	3,250.900000	3,251.840000
Iranian Rial	2,418.750000	2,405.170000	2,413.100000	2,413.100000	2,420.000000	2,427.950000	2,430.660000	2,434.000000	2,434.000000
Israeli New Sheqel	NA	NA	NA	NA	NA	NA	NA	NA	NA
Kazakhstani Tenge	NA	NA	NA	NA	NA	NA	NA	NA	NA
Korean Won	NA	1,209.930000	1,184.240000	1,181.340000	1,186.890000	1,198.900000	1,197.760000	1,194.030000	1,196.450000
Kuwaiti Dinar	0.416914	0.418014	0.418279	NA	0.419907	NA	NA	NA	NA
Libyan Dinar	0.525000	0.525000	0.525000	0.525000	0.525000	0.525000	0.525000	0.525000	0.525000
Malaysian Ringgit	3.420760	3.424890	3.428810	3.431350	3.432660	3.435940	3.445790	3.438920	3.439080
Mauritian Rupee	NA	NA	NA	NA	NA	NA	NA	NA	NA
Mexican Peso	NA	NA	NA	NA	NA	NA	NA	NA	10.989500
Nepalese Rupee	78.269100	78.527500	78.595300	78.751600	79.010500	79.098900	79.207300	78.960300	78.983100
New Zealand Dollar	1.990170	1.992120	1.991530	1.986310	1.985700	1.990490	1.997510	1.996160	2.006000
Norwegian Krone	9.278930	9.259710	9.261100	9.304370	9.263610	9.203240	9.244320	9.268110	9.337270
Rial Omani	0.527695	0.529437	0.529895	0.530948	0.532694	0.533290	0.534021	0.532356	0.532509
Pakistani Rupee	55.199100	55.381300	55.429200	55.539400	55.722000	55.784300	55.860800	55.686600	55.702700
Nuevo Sol	NA	NA	NA	NA	NA	NA	NA	NA	NA
Philippine Peso	NA	NA	NA	NA	NA	NA	NA	NA	36.423900
Polish Zloty	NA	NA	NA	NA	NA	NA	NA	NA	4.236190
Qatar Riyal	4.995610	5.012100	5.016430	5.026400	5.042930	5.048570	5.055490	5.039730	5.041180
Russian Ruble	NA	NA	NA	NA	NA	NA	NA	NA	NA
Saudi Arabian Riyal	5.139710	5.156680	5.161130	5.171400	5.188400	5.194200	5.201320	5.185100	5.186600
Singapore Dollar	1.954190	1.964910	1.966190	1.966370	1.972560	1.971990	1.976360	1.976150	1.973260
South African Rand	6.127170	6.164610	6.184400	6.187030	6.149190	6.129710	6.165190	6.185430	6.201070
Sri Lanka Rupee	78.876400	79.126400	79.191400	NA	79.602800	79.688400	79.797500	79.618000	79.636100
Swedish Krona	10.222200	10.214900	10.242300	10.242700	10.228600	10.272600	10.294300	10.337900	10.400500
Swiss Franc	2.037630	2.036100	2.035930	2.035830	2.022020	2.024840	2.031920	2.044970	2.045690
Thai Baht	35.669200	35.773200	35.804100	NA	35.937800	35.936400	35.957800	35.873400	35.856100
Trinidad And Tobago Dollar	8.499670	8.535580	8.537160	8.556350	8.594310	8.602680	8.614880	8.599100	8.601860
Tunisian Dinar	NA	NA	NA	NA	NA	NA	NA	NA	NA
U.A.E. Dirham	5.038150	5.054780	5.059150	5.069210	5.085880	5.091570	5.098540	5.082650	5.084110
Peso Uruguayo	NA	NA	NA	NA	NA	NA	NA	NA	NA
Bolivar Fuerte	NA	NA	NA	NA	NA	NA	NA	NA	NA

Notes:


The value of the U.S. dollar in terms of the SDR is the reciprocal of the sum of the dollar values, based on market exchange rates, of specified quantities of the SDR basket currencies. See SDR Valuation.

These rates are the official rates used by the Fund to conduct operations with member countries. The rates are derived from the currency's representative exchange rate, as reported by the central bank, normally against the U.S. dollar at spot market rates and rounded to six significant digits. See Representative Exchange Rates for Selected Currencies.

The value in terms of each national currency of the SDR (shown above) is the reciprocal of the value in terms of the SDR of each national currency, rounded to six significant digits.

Exchange rates are published daily except on IMF holidays or whenever the IMF is closed for business.
