Currency units per SDR for December 1997
Currency	December 01, 1997	December 02, 1997	December 03, 1997	December 04, 1997	December 05, 1997	December 08, 1997	December 09, 1997	December 10, 1997	December 11, 1997	December 12, 1997	December 15, 1997
Chinese Yuan	NA	NA	NA	NA	NA	NA	NA	NA	NA	NA	NA
Euro	NA	NA	NA	NA	NA	NA	NA	NA	NA	NA	NA
Japanese Yen	173.583000	175.160000	174.716000	174.811000	175.839000	175.100000	175.741000	174.926000	175.064000	176.354000	176.942000
U.K. Pound Sterling	0.807920	0.807517	0.808402	0.808597	0.814748	0.815549	0.819721	0.820767	0.819279	0.815835	0.823688
U.S. Dollar	1.357710	1.359940	1.358600	1.357230	1.355740	1.349000	1.349260	1.352870	1.353940	1.356570	1.348130
Algerian Dinar	NA	NA	NA	NA	NA	NA	NA	NA	NA	NA	NA
Australian Dollar	1.999570	2.006700	2.010660	2.014890	2.013870	2.010130	2.010220	2.031340	2.029290	2.049820	2.046030
Bahrain Dinar	0.510499	0.511337	0.510834	0.510318	0.509758	0.507224	0.507322	0.508679	0.509081	0.510070	0.506897
Botswana Pula	NA	NA	NA	NA	NA	NA	NA	NA	NA	NA	NA
Brazilian Real	1.505700	1.507900	1.506420	1.505980	1.504600	1.496990	1.499160	1.503580	1.505720	1.511630	1.503700
Brunei Dollar	NA	NA	NA	NA	NA	NA	NA	NA	NA	NA	NA
Canadian Dollar	1.934190	1.933290	1.926220	1.930520	NA	1.919220	1.919050	1.926490	1.932880	1.927280	1.915560
Chilean Peso	NA	NA	NA	NA	NA	NA	NA	NA	NA	NA	NA
Colombian Peso	1,772.710000	1,778.180000	1,775.700000	1,763.630000	1,760.620000	1,754.440000	1,754.780000	1,757.080000	1,761.680000	1,770.120000	1,762.570000
Czech Koruna	NA	NA	NA	NA	NA	NA	NA	NA	NA	NA	NA
Danish Krone	9.180160	9.188430	9.161720	9.164020	9.141750	9.176570	9.185760	9.229960	9.162790	9.131750	9.126170
Hungarian Forint	NA	NA	NA	NA	NA	NA	NA	NA	NA	NA	NA
Icelandic Krona	97.239200	97.235700	97.153500	97.191200	97.125200	97.303400	96.876900	97.109000	96.969200	96.899800	96.809200
Indian Rupee	52.652000	53.744800	53.583200	52.945500	52.399400	52.476100	52.634600	52.829600	53.372300	53.896500	53.372500
Indonesian Rupiah	NA	NA	NA	NA	NA	5,476.940000	NA	NA	NA	6,470.840000	7,279.900000
Iranian Rial	NA	2,379.390000	2,383.290000	2,380.950000	2,380.950000	NA	2,364.120000	2,364.580000	2,370.900000	2,370.900000	NA
Israeli New Sheqel	NA	NA	NA	NA	NA	NA	NA	NA	NA	NA	NA
Kazakhstani Tenge	NA	NA	NA	NA	NA	NA	NA	NA	NA	NA	NA
Korean Won	1,580.100000	1,597.110000	1,685.480000	1,695.860000	1,567.370000	1,646.320000	1,797.890000	NA	2,116.890000	2,332.620000	2,342.510000
Kuwaiti Dinar	0.412690	0.413639	0.413476	0.412924	NA	0.411148	0.411619	0.412720	0.412722	NA	0.411153
Libyan Dinar	0.525000	0.525000	0.525000	0.525000	0.525000	0.525000	0.525000	0.525000	0.525000	0.525000	0.525000
Malaysian Ringgit	4.792720	4.899860	4.945300	4.960680	5.149100	4.977810	4.870830	4.960970	5.070510	5.155370	5.143120
Mauritian Rupee	NA	NA	NA	NA	NA	NA	NA	NA	NA	NA	NA
Mexican Peso	NA	NA	NA	NA	NA	NA	NA	NA	NA	NA	NA
Nepalese Rupee	82.888200	83.024300	85.659700	85.573400	85.479400	84.380000	84.396200	84.622000	84.688900	84.853500	85.336600
New Zealand Dollar	2.220290	2.236740	2.236380	2.239650	2.237190	2.252090	2.249890	2.264220	2.264490	2.274980	2.269580
Norwegian Krone	9.811490	9.850050	9.743200	9.727270	9.731500	9.740450	9.749750	9.832660	9.803880	9.780870	9.821130
Rial Omani	0.522039	0.522897	0.522382	0.521855	0.521282	0.518691	0.518790	0.520179	0.520590	0.521601	0.518356
Pakistani Rupee	59.956700	60.055200	59.996000	59.935500	59.869700	59.572100	59.583600	59.743000	59.790300	59.906400	59.533700
Nuevo Sol	NA	NA	NA	NA	NA	NA	NA	NA	NA	NA	NA
Philippine Peso	NA	NA	NA	NA	NA	NA	NA	NA	NA	NA	NA
Polish Zloty	NA	NA	NA	NA	NA	NA	NA	NA	NA	NA	NA
Qatar Riyal	4.942060	4.950180	4.945300	4.940320	4.934890	4.910360	4.911310	4.924450	4.928340	4.937910	4.907190
Russian Ruble	NA	NA	NA	NA	NA	NA	NA	NA	NA	NA	NA
Saudi Arabian Riyal	5.084620	5.092980	5.087960	5.082830	5.077250	5.052010	5.052980	5.066500	5.070510	5.080350	5.048750
Singapore Dollar	2.164870	2.187460	2.196040	2.183100	2.195620	2.176610	2.180400	2.198410	2.206920	2.230200	2.231160
South African Rand	6.600510	6.609310	6.606190	6.603600	6.607200	6.573000	6.570220	6.610800	6.626860	6.635660	6.594380
Sri Lanka Rupee	82.416400	82.681000	82.613100	82.529800	82.483200	82.120400	82.210400	82.443900	82.502300	82.730400	82.300000
Swedish Krona	10.580600	10.595300	10.535900	10.555900	10.547700	10.568100	10.540400	10.580800	10.552600	10.516100	10.490500
Swiss Franc	1.943560	1.938870	1.945790	1.945590	1.940740	1.956720	1.964520	1.954220	1.945880	1.938130	1.937940
Thai Baht	55.295500	56.218600	58.014900	NA	NA	56.280300	56.814600	NA	58.525400	61.037500	62.329400
Trinidad And Tobago Dollar	8.524380	8.550210	8.537580	8.526530	8.514050	8.473340	8.475920	8.498050	8.512900	8.526860	8.474350
Tunisian Dinar	NA	NA	NA	NA	NA	NA	NA	NA	NA	NA	NA
U.A.E. Dirham	4.984150	4.992340	4.987420	4.982390	4.976920	4.952180	4.953130	4.966390	4.970310	4.979970	4.948990
Peso Uruguayo	NA	NA	NA	NA	NA	NA	NA	NA	NA	NA	NA
Bolivar Fuerte	NA	NA	NA	NA	NA	NA	NA	NA	NA	NA	NA

Currency units per SDR for December 1997 Continued

Currency	December 16, 1997	December 17, 1997	December 18, 1997	December 19, 1997	December 22, 1997	December 23, 1997	December 24, 1997	December 29, 1997	December 30, 1997	December 31, 1997
Chinese Yuan	NA	NA	NA	NA	NA	NA	NA	NA	NA	11.171300
Euro	NA	NA	NA	NA	NA	NA	NA	NA	NA	NA
Japanese Yen	176.540000	172.866000	172.767000	175.266000	175.599000	NA	176.340000	176.441000	175.512000	NA
U.K. Pound Sterling	0.826353	0.822596	0.819000	0.811764	0.811989	0.813003	0.812358	0.808321	0.813473	0.815848
U.S. Dollar	1.347120	1.361150	1.356100	1.358650	1.351800	1.353650	1.355420	1.355150	1.350610	1.349250
Algerian Dinar	NA	NA	NA	NA	NA	NA	NA	NA	NA	NA
Australian Dollar	2.073770	2.070510	2.059060	2.088300	2.072680	2.072020	2.067770	2.061060	2.064210	2.067180
Bahrain Dinar	0.506517	0.511792	0.509894	0.510852	0.508277	0.508972	0.509638	0.509536	0.507829	0.507318
Botswana Pula	NA	NA	NA	NA	NA	NA	NA	NA	NA	NA
Brazilian Real	1.500020	1.514420	1.509750	1.512990	1.505910	1.508370	1.510210	1.510040	NA	1.505220
Brunei Dollar	NA	NA	NA	NA	NA	NA	NA	NA	NA	NA
Canadian Dollar	1.917760	1.936640	1.931490	1.947220	1.939160	1.943570	1.945300	1.950330	1.940150	1.928210
Chilean Peso	NA	NA	NA	NA	NA	NA	NA	NA	NA	591.646000
Colombian Peso	1,756.670000	1,764.460000	1,744.950000	1,747.390000	1,740.460000	1,743.930000	1,737.110000	1,743.970000	1,744.880000	1,745.360000
Czech Koruna	NA	NA	NA	NA	NA	NA	NA	NA	NA	NA
Danish Krone	9.115960	9.142840	9.176050	9.155260	9.173310	9.177070	NA	9.165560	9.223320	9.209980
Hungarian Forint	NA	NA	NA	NA	NA	NA	NA	NA	NA	NA
Icelandic Krona	97.113900	97.240600	97.218800	97.265800	97.099800	97.151500	97.115800	97.177800	97.352000	97.388900
Indian Rupee	53.130400	53.711000	53.254000	53.299800	52.950000	53.022500	53.010500	53.135400	53.011400	52.998500
Indonesian Rupiah	7,880.650000	7,690.500000	7,356.840000	7,289.160000	7,096.950000	7,614.280000	7,895.320000	NA	NA	NA
Iranian Rial	NA	NA	NA	NA	2,381.030000	2,369.030000	2,372.270000	2,375.370000	2,374.900000	2,366.940000
Israeli New Sheqel	NA	NA	NA	NA	NA	NA	NA	NA	NA	NA
Kazakhstani Tenge	NA	NA	NA	NA	NA	NA	NA	NA	NA	NA
Korean Won	2,214.260000	1,913.640000	NA	2,019.500000	2,187.210000	2,281.310000	2,663.130000	2,050.210000	1,957.300000	1,909.460000
Kuwaiti Dinar	0.410845	0.414457	0.412919	NA	0.411745	0.412579	0.412942	0.412562	0.411598	0.411386
Libyan Dinar	0.525000	0.525000	0.525000	0.525000	0.525000	0.525000	0.525000	0.525000	0.525000	0.525000
Malaysian Ringgit	5.240300	5.199590	5.176230	5.193440	5.194970	5.265700	5.225140	5.271530	5.253870	5.246290
Mauritian Rupee	NA	NA	NA	NA	NA	NA	NA	NA	NA	NA
Mexican Peso	NA	NA	NA	NA	NA	NA	NA	NA	NA	10.884400
Nepalese Rupee	85.272700	86.160800	85.841100	86.002500	85.568900	85.686000	85.798100	85.781000	85.493600	85.407500
New Zealand Dollar	2.285190	2.346000	2.308260	2.344520	2.332700	2.343980	2.330900	2.326040	2.316660	2.322290
Norwegian Krone	9.790870	9.865620	9.819520	9.826440	9.849890	9.874880	9.871520	9.888530	9.925630	9.870710
Rial Omani	0.517968	0.523362	0.521420	0.522401	0.519767	0.520478	0.521159	0.521055	0.519310	0.518787
Pakistani Rupee	59.489100	60.108700	59.885600	59.998300	59.695800	59.777500	59.855600	59.843700	59.643200	59.583100
Nuevo Sol	NA	NA	NA	NA	NA	NA	NA	NA	NA	NA
Philippine Peso	NA	NA	NA	NA	NA	NA	NA	NA	NA	53.970000
Polish Zloty	NA	NA	NA	NA	NA	NA	NA	NA	NA	4.756110
Qatar Riyal	4.903520	4.954590	4.936200	4.945490	4.920550	4.927290	4.933730	4.932750	4.916220	4.911270
Russian Ruble	NA	NA	NA	NA	NA	NA	NA	NA	NA	NA
Saudi Arabian Riyal	5.044960	5.097510	5.078590	5.088140	5.062490	5.069420	5.076050	5.075040	5.058030	5.052940
Singapore Dollar	2.275960	2.282650	2.269840	2.273840	2.265620	2.269390	2.266940	NA	2.258900	2.263370
South African Rand	NA	6.617230	6.583190	6.606440	6.571780	6.586180	6.589370	6.589420	6.570040	6.567470
Sri Lanka Rupee	82.305700	83.190100	82.840800	83.023700	82.642300	NA	82.921200	82.945300	82.718100	82.688800
Swedish Krona	10.453000	10.523700	10.509100	10.528900	10.532500	10.549700	NA	10.541000	10.638800	NA
Swiss Franc	1.936750	1.947670	1.952780	1.944910	1.942810	1.943710	1.943940	1.946000	1.964460	1.963560
Thai Baht	65.181700	64.793500	61.865300	62.402800	63.548100	65.122700	63.802300	63.361400	63.864900	63.748000
Trinidad And Tobago Dollar	8.462070	8.550470	8.525260	8.529740	8.488490	8.502280	8.514880	8.520780	8.490340	8.471400
Tunisian Dinar	NA	NA	NA	NA	NA	NA	NA	NA	NA	NA
U.A.E. Dirham	4.945280	4.996780	4.978240	4.987600	4.964490	4.971280	4.977780	4.976790	4.960120	4.955120
Peso Uruguayo	NA	NA	NA	NA	NA	NA	NA	NA	NA	NA
Bolivar Fuerte	NA	NA	NA	NA	NA	NA	NA	NA	NA	NA

Notes:


The value of the U.S. dollar in terms of the SDR is the reciprocal of the sum of the dollar values, based on market exchange rates, of specified quantities of the SDR basket currencies. See SDR Valuation.

These rates are the official rates used by the Fund to conduct operations with member countries. The rates are derived from the currency's representative exchange rate, as reported by the central bank, normally against the U.S. dollar at spot market rates and rounded to six significant digits. See Representative Exchange Rates for Selected Currencies.

The value in terms of each national currency of the SDR (shown above) is the reciprocal of the value in terms of the SDR of each national currency, rounded to six significant digits.

Exchange rates are published daily except on IMF holidays or whenever the IMF is closed for business.
