Currency units per SDR for November 1997
Currency	November 03, 1997	November 04, 1997	November 05, 1997	November 06, 1997	November 07, 1997	November 10, 1997	November 11, 1997	November 12, 1997	November 13, 1997	November 14, 1997	November 17, 1997
Chinese Yuan	NA	NA	NA	NA	NA	NA	NA	NA	NA	NA	NA
Euro	NA	NA	NA	NA	NA	NA	NA	NA	NA	NA	NA
Japanese Yen	NA	168.133000	168.212000	169.221000	171.370000	171.021000	172.029000	172.219000	173.863000	172.644000	172.076000
U.K. Pound Sterling	0.824450	0.821739	0.820858	0.822208	0.817149	0.819733	0.809609	0.807183	0.808593	0.811333	0.812590
U.S. Dollar	1.379140	1.382330	1.378220	1.378020	1.384250	1.379200	1.381760	1.379960	1.377680	1.372370	1.372220
Algerian Dinar	NA	NA	NA	NA	NA	NA	NA	NA	NA	NA	NA
Australian Dollar	1.934820	1.949140	1.954640	1.973110	1.988860	1.981320	1.977900	1.979570	1.984560	1.968120	1.954450
Bahrain Dinar	0.518557	0.519756	0.518211	0.518136	0.520478	0.518579	0.519542	0.518865	0.518008	0.516011	0.515955
Botswana Pula	NA	NA	NA	NA	NA	NA	NA	NA	NA	NA	NA
Brazilian Real	1.520230	1.523600	1.520590	1.520370	1.531120	1.527330	1.526150	1.523750	1.523160	1.518120	1.519600
Brunei Dollar	NA	NA	NA	NA	NA	NA	NA	NA	NA	NA	NA
Canadian Dollar	1.940170	1.940380	1.929780	1.931710	1.950960	1.940950	NA	1.944090	1.939640	1.938470	1.941140
Chilean Peso	NA	NA	NA	NA	NA	NA	NA	NA	NA	NA	NA
Colombian Peso	1,771.710000	1,775.810000	1,770.500000	1,765.490000	1,781.160000	1,781.030000	1,790.100000	1,786.370000	1,786.380000	1,781.160000	1,781.200000
Czech Koruna	NA	NA	NA	NA	NA	NA	NA	NA	NA	NA	NA
Danish Krone	9.126460	9.077760	9.054910	9.048080	9.015620	8.996520	8.968310	8.989060	9.032760	9.044600	9.078610
Hungarian Forint	NA	NA	NA	NA	NA	NA	NA	NA	NA	NA	NA
Icelandic Krona	98.443000	98.186900	98.143000	98.101200	97.949500	97.537000	97.731900	97.687400	97.512200	97.767600	97.894200
Indian Rupee	50.117900	50.289200	50.112100	50.187500	50.594300	50.423600	50.600100	50.658300	50.602200	50.407200	50.511400
Indonesian Rupiah	NA	NA	NA	NA	NA	NA	NA	NA	NA	NA	NA
Iranian Rial	2,424.790000	2,416.940000	2,422.530000	NA	2,422.530000	2,425.900000	2,417.050000	2,421.530000	2,418.380000	NA	2,405.800000
Israeli New Sheqel	NA	NA	NA	NA	NA	NA	NA	NA	NA	NA	NA
Kazakhstani Tenge	NA	NA	NA	NA	NA	NA	NA	NA	NA	NA	NA
Korean Won	1,330.320000	1,337.680000	1,331.220000	1,334.750000	1,349.370000	1,350.790000	1,378.720000	1,366.020000	1,361.560000	1,355.080000	1,353.700000
Kuwaiti Dinar	0.417645	0.418805	0.417394	0.417333	NA	0.417691	0.418466	0.417810	0.417409	NA	0.416030
Libyan Dinar	0.525000	0.525000	0.525000	0.525000	0.525000	0.525000	0.525000	0.525000	0.525000	0.525000	0.525000
Malaysian Ringgit	4.516680	4.531280	4.582580	4.595700	4.574950	4.576190	4.577770	4.551520	4.563570	4.563130	4.551650
Mauritian Rupee	NA	NA	NA	NA	NA	NA	NA	NA	NA	NA	NA
Mexican Peso	NA	NA	NA	NA	NA	NA	NA	NA	NA	NA	NA
Nepalese Rupee	81.065800	81.253400	81.011800	81.000000	81.366200	81.069400	81.219900	81.114000	80.980000	80.667900	80.659100
New Zealand Dollar	2.215840	2.190700	2.201630	2.204830	2.220130	2.206720	2.203760	2.200890	2.213140	2.188790	2.192040
Norwegian Krone	9.696730	9.712250	9.710940	9.711600	9.672450	9.593030	9.606690	9.632810	9.702310	9.702660	9.702970
Rial Omani	0.530279	0.531506	0.529926	0.529849	0.532244	0.530302	0.531287	0.530595	0.529718	0.527676	0.527619
Pakistani Rupee	60.903100	61.044000	60.862500	60.853600	61.128800	60.905700	61.018800	60.939300	60.838600	60.604100	60.597500
Nuevo Sol	NA	NA	NA	NA	NA	NA	NA	NA	NA	NA	NA
Philippine Peso	NA	NA	NA	NA	NA	NA	NA	NA	NA	NA	NA
Polish Zloty	NA	NA	NA	NA	NA	NA	NA	NA	NA	NA	NA
Qatar Riyal	5.020070	5.031680	5.016720	5.015990	5.038670	5.020290	5.029610	5.023050	5.014760	4.995430	4.994880
Russian Ruble	NA	NA	NA	NA	NA	NA	NA	NA	NA	NA	NA
Saudi Arabian Riyal	5.164880	5.176830	5.161430	5.160680	5.184020	5.165100	5.174690	5.167950	5.159410	5.139530	5.138960
Singapore Dollar	2.148700	2.153670	2.165600	2.168730	2.177430	2.169480	2.175300	2.171090	2.176050	2.170400	2.163990
South African Rand	6.601250	6.673200	6.639570	6.646880	6.686620	6.659470	6.652480	6.661760	6.663010	6.673150	6.660070
Sri Lanka Rupee	82.876000	83.123000	82.875800	82.912000	83.338800	83.034700	83.182000	83.118400	83.029300	NA	82.741400
Swedish Krona	10.385600	10.400700	10.378700	NA	10.321000	10.326800	10.294100	10.322100	10.355300	10.343600	10.357500
Swiss Franc	1.955760	1.941620	1.946740	1.938870	1.921620	1.925090	1.924790	1.919390	1.929720	1.928040	1.941690
Thai Baht	56.511600	54.127900	54.359800	54.120400	53.117800	51.024900	51.932100	53.226400	53.414000	53.290500	53.409500
Trinidad And Tobago Dollar	8.661690	8.684350	8.645990	8.648180	8.691150	8.660130	8.675790	8.663390	8.655140	8.623840	8.618910
Tunisian Dinar	NA	NA	NA	NA	NA	NA	NA	NA	NA	NA	NA
U.A.E. Dirham	5.062820	5.074530	5.059450	5.058710	5.081580	5.063040	5.072440	5.065830	5.057460	5.037970	5.037420
Peso Uruguayo	NA	NA	NA	NA	NA	NA	NA	NA	NA	NA	NA
Bolivar Fuerte	NA	NA	NA	NA	NA	NA	NA	NA	NA	NA	NA

Currency units per SDR for November 1997 Continued

Currency	November 18, 1997	November 19, 1997	November 20, 1997	November 21, 1997	November 24, 1997	November 25, 1997	November 26, 1997	November 27, 1997	November 28, 1997
Chinese Yuan	NA	NA	NA	NA	NA	NA	NA	NA	11.275500
Euro	NA	NA	NA	NA	NA	NA	NA	NA	NA
Japanese Yen	172.507000	172.741000	173.960000	172.599000	NA	174.749000	173.887000	172.860000	173.703000
U.K. Pound Sterling	0.812148	0.812197	0.808985	0.811607	0.809580	0.810777	0.815731	0.813989	0.812118
U.S. Dollar	1.374560	1.370420	1.373010	1.369830	1.371510	1.368430	1.363820	1.361640	1.361840
Algerian Dinar	NA	NA	NA	NA	NA	NA	NA	NA	NA
Australian Dollar	1.971830	1.972960	1.996820	1.974670	1.976240	1.988130	1.991270	2.000650	2.001820
Bahrain Dinar	0.516835	0.515278	0.516252	0.515056	0.515688	0.514530	0.512796	0.511977	0.512052
Botswana Pula	NA	NA	NA	NA	NA	NA	NA	NA	NA
Brazilian Real	1.520130	1.515410	1.520330	1.516810	1.520460	1.517450	1.513290	1.510880	NA
Brunei Dollar	NA	NA	NA	NA	NA	NA	NA	NA	NA
Canadian Dollar	1.943900	1.939140	1.950770	1.940640	1.948780	1.940160	1.943170	1.939520	1.939530
Chilean Peso	NA	NA	NA	NA	NA	NA	NA	NA	595.124000
Colombian Peso	1,784.230000	1,778.720000	1,780.270000	1,778.300000	1,777.890000	1,773.990000	1,771.860000	1,774.420000	1,774.610000
Czech Koruna	NA	NA	NA	NA	NA	NA	NA	NA	NA
Danish Krone	9.041860	9.033810	9.037150	9.102520	9.050590	9.081590	NA	9.161790	9.149520
Hungarian Forint	NA	NA	NA	NA	NA	NA	NA	NA	NA
Icelandic Krona	97.676200	97.615000	NA	97.353800	97.061800	97.254300	97.363100	97.289200	97.221800
Indian Rupee	51.573500	51.294800	51.350600	51.327500	52.652300	52.479300	52.588900	NA	52.526200
Indonesian Rupiah	NA	NA	NA	NA	NA	NA	NA	NA	NA
Iranian Rial	2,404.820000	2,408.920000	2,401.660000	2,401.660000	2,400.630000	2,403.570000	2,398.170000	2,390.090000	2,390.090000
Israeli New Sheqel	NA	NA	NA	NA	NA	NA	NA	NA	NA
Kazakhstani Tenge	NA	NA	NA	NA	NA	NA	NA	NA	NA
Korean Won	1,361.640000	1,387.960000	1,421.750000	1,560.240000	NA	1,505.960000	1,524.070000	1,516.590000	1,514.770000
Kuwaiti Dinar	0.416739	0.415621	0.416571	NA	0.416116	0.415182	0.414315	NA	NA
Libyan Dinar	0.525000	0.525000	0.525000	0.525000	0.525000	0.525000	0.525000	0.525000	0.525000
Malaysian Ringgit	4.652890	4.734800	4.805540	4.806730	4.761880	4.786080	4.788370	4.758930	4.767800
Mauritian Rupee	NA	NA	NA	NA	NA	NA	NA	NA	NA
Mexican Peso	NA	NA	NA	NA	NA	NA	NA	NA	11.201100
Nepalese Rupee	80.796600	82.293700	82.449300	82.258300	82.359200	82.872100	83.261200	83.128100	83.140300
New Zealand Dollar	2.190530	2.187420	2.214530	2.198760	2.197930	2.203590	2.211480	2.206870	2.209340
Norwegian Krone	9.673470	9.645700	9.674910	9.692920	9.673950	9.681640	9.746540	9.813340	9.801160
Rial Omani	0.528518	0.526926	0.527922	0.526700	0.527346	0.526161	0.524389	0.523551	0.523627
Pakistani Rupee	60.700800	60.518000	60.632400	60.492000	60.566200	60.430100	60.226600	60.130300	60.139100
Nuevo Sol	NA	NA	NA	NA	NA	NA	NA	NA	NA
Philippine Peso	NA	NA	NA	NA	NA	NA	NA	NA	47.596300
Polish Zloty	NA	NA	NA	NA	NA	NA	NA	NA	4.809340
Qatar Riyal	5.003400	4.988330	4.997760	4.986180	4.992300	4.981090	4.964300	4.956370	4.957100
Russian Ruble	NA	NA	NA	NA	NA	NA	NA	NA	NA
Saudi Arabian Riyal	5.147730	5.132220	5.141920	5.130010	5.136300	5.124770	5.107510	5.099340	5.100090
Singapore Dollar	2.185280	2.185130	2.195440	2.182820	2.183440	2.189210	2.178700	2.170050	2.167640
South African Rand	6.670740	6.663670	6.668020	6.618330	6.636050	6.634150	6.628170	6.606000	6.612410
Sri Lanka Rupee	82.916900	82.732300	82.922900	82.744600	82.914600	82.810500	82.633900	82.546000	82.588800
Swedish Krona	10.347700	10.397400	10.391600	10.392900	10.350800	10.397300	NA	10.532300	10.559700
Swiss Franc	1.936760	1.922700	1.925100	1.943380	1.922860	1.927430	1.935260	1.943740	1.942120
Thai Baht	54.494400	55.119700	54.865500	54.646600	54.317300	54.296600	54.739600	54.281800	54.657400
Trinidad And Tobago Dollar	8.639110	8.599520	8.624560	8.606780	8.618710	8.596890	8.564930	8.553690	8.553040
Tunisian Dinar	NA	NA	NA	NA	NA	NA	NA	NA	NA
U.A.E. Dirham	5.046010	5.030810	5.040320	5.028650	5.034810	5.023510	5.006580	4.998580	4.999310
Peso Uruguayo	NA	NA	NA	NA	NA	NA	NA	NA	NA
Bolivar Fuerte	NA	NA	NA	NA	NA	NA	NA	NA	NA

Notes:


The value of the U.S. dollar in terms of the SDR is the reciprocal of the sum of the dollar values, based on market exchange rates, of specified quantities of the SDR basket currencies. See SDR Valuation.

These rates are the official rates used by the Fund to conduct operations with member countries. The rates are derived from the currency's representative exchange rate, as reported by the central bank, normally against the U.S. dollar at spot market rates and rounded to six significant digits. See Representative Exchange Rates for Selected Currencies.

The value in terms of each national currency of the SDR (shown above) is the reciprocal of the value in terms of the SDR of each national currency, rounded to six significant digits.

Exchange rates are published daily except on IMF holidays or whenever the IMF is closed for business.
