Currency units per SDR for August 1998
Currency	August 03, 1998	August 04, 1998	August 05, 1998	August 06, 1998	August 07, 1998	August 10, 1998	August 11, 1998	August 12, 1998	August 13, 1998	August 14, 1998	August 17, 1998
Chinese Yuan	NA	NA	NA	NA	NA	NA	NA	NA	NA	NA	NA
Euro	NA	NA	NA	NA	NA	NA	NA	NA	NA	NA	NA
Japanese Yen	191.669000	192.462000	191.530000	192.188000	192.887000	193.766000	194.397000	194.026000	194.850000	193.109000	193.053000
U.K. Pound Sterling	0.815181	0.813881	0.813039	0.814728	0.812671	0.813098	0.810665	0.815525	0.815097	0.815492	0.818845
U.S. Dollar	1.325240	1.326870	1.331920	1.330940	1.328880	1.325350	1.323330	1.328490	1.325510	1.324930	1.320470
Algerian Dinar	NA	NA	NA	NA	NA	NA	NA	NA	NA	NA	NA
Australian Dollar	NA	2.189550	2.197890	2.193010	2.211110	2.212240	2.219610	2.223410	2.243960	2.217830	2.230150
Bahrain Dinar	0.498290	0.498903	0.500802	0.500433	0.499659	0.498332	0.497572	0.499512	0.498392	0.498174	0.496497
Botswana Pula	NA	NA	NA	NA	NA	NA	NA	NA	NA	NA	NA
Brazilian Real	1.540720	1.543810	1.551820	1.552280	1.551200	1.547350	1.546180	1.551810	1.549790	1.551230	1.546010
Brunei Dollar	NA	NA	NA	NA	NA	NA	NA	NA	NA	NA	NA
Canadian Dollar	NA	2.008620	2.019190	2.034610	2.022560	2.011350	2.012920	2.012660	2.011060	2.012170	2.012400
Chilean Peso	NA	NA	NA	NA	NA	NA	NA	NA	NA	NA	NA
Colombian Peso	1,818.410000	1,819.350000	1,822.390000	1,818.650000	NA	1,808.970000	1,798.700000	1,814.160000	1,817.580000	1,824.530000	1,830.200000
Czech Koruna	NA	NA	NA	NA	NA	NA	NA	NA	NA	NA	NA
Danish Krone	9.017200	9.013560	8.985130	8.960820	8.972070	8.991170	9.001690	8.989090	9.026460	9.023570	9.055120
Hungarian Forint	NA	NA	NA	NA	NA	NA	NA	NA	NA	NA	NA
Icelandic Krona	NA	94.765100	94.566300	94.802900	94.616300	94.722800	94.816600	94.933900	95.224600	95.090200	94.955000
Indian Rupee	56.389000	56.458300	56.566600	56.551600	56.543800	56.579200	56.519400	57.045400	57.248800	57.078000	57.057500
Indonesian Rupiah	NA	NA	NA	NA	NA	NA	NA	NA	NA	NA	NA
Iranian Rial	2,339.450000	2,322.480000	2,325.340000	2,334.190000	2,334.190000	2,328.860000	2,322.680000	2,319.140000	2,328.180000	2,328.180000	2,321.940000
Israeli New Sheqel	NA	NA	NA	NA	NA	NA	NA	NA	NA	NA	NA
Kazakhstani Tenge	NA	NA	NA	NA	NA	NA	NA	NA	NA	NA	NA
Korean Won	1,626.600000	1,648.500000	1,647.320000	1,669.000000	1,736.450000	1,757.550000	1,782.530000	1,772.340000	1,767.970000	1,770.640000	1,748.570000
Kuwaiti Dinar	0.406637	0.407309	0.408393	0.408359	NA	0.406988	0.406368	0.407833	0.407382	NA	0.406097
Libyan Dinar	0.525000	0.525000	0.525000	0.525000	0.525000	0.525000	0.525000	0.525000	0.525000	0.525000	0.525000
Malaysian Ringgit	5.506370	5.499880	5.517480	5.523400	5.554720	5.579720	5.614890	5.602910	5.603590	5.554110	5.556540
Mauritian Rupee	NA	NA	NA	NA	NA	NA	NA	NA	NA	NA	NA
Mexican Peso	NA	NA	NA	NA	NA	NA	NA	NA	NA	NA	NA
Nepalese Rupee	90.016900	90.127600	90.470700	90.404100	90.264200	90.024400	89.887200	90.237700	90.366600	90.327100	90.419200
New Zealand Dollar	2.590890	2.586490	2.581240	2.581840	2.587890	2.558590	2.625650	2.630670	2.651020	2.623620	2.625190
Norwegian Krone	10.046000	10.066300	10.048000	10.043300	10.043000	10.062700	10.080500	10.067000	10.097100	10.074800	10.149800
Rial Omani	0.509555	0.510182	0.512123	0.511746	0.510954	0.509597	0.508820	0.510804	0.509659	0.509436	0.507721
Pakistani Rupee	61.113400	NA	NA	NA	61.281300	61.118500	61.025400	61.263300	61.125900	61.099100	60.893500
Nuevo Sol	NA	NA	NA	NA	NA	NA	NA	NA	NA	NA	NA
Philippine Peso	NA	NA	NA	NA	NA	NA	NA	NA	NA	NA	NA
Polish Zloty	NA	NA	NA	NA	NA	NA	NA	NA	NA	NA	NA
Qatar Riyal	4.823870	4.829810	4.848190	4.844620	4.837120	4.824270	4.816920	4.835700	4.824860	4.822750	4.806510
Russian Ruble	8.326480	8.336720	8.371120	8.363630	NA	8.332480	8.328380	8.364170	8.349390	8.360310	8.490620
Saudi Arabian Riyal	4.963020	4.969130	4.988040	4.984370	4.976660	4.963440	4.955870	4.975200	4.964030	4.961860	4.945160
Singapore Dollar	2.293990	2.286600	2.295560	2.301200	2.316240	NA	2.319140	2.324860	2.328920	2.315980	2.315440
South African Rand	8.182690	8.206030	8.226600	8.287100	8.360650	NA	8.405130	8.384760	8.326190	8.322550	8.307740
Sri Lanka Rupee	87.142900	87.306500	87.572100	87.600900	NA	87.392000	87.232300	87.612300	87.551700	87.443800	87.291400
Swedish Krona	NA	10.595700	10.578100	10.569700	NA	10.662400	10.746800	10.763400	10.800900	10.749800	10.846300
Swiss Franc	1.987330	1.992300	1.984560	1.983770	1.982290	1.983920	1.977720	1.973870	1.971300	1.977460	1.983480
Thai Baht	54.142700	53.990300	54.359700	54.753500	55.747800	55.371800	55.751900	NA	55.867600	55.354300	55.141500
Trinidad And Tobago Dollar	8.304480	8.333940	8.361660	8.351520	8.344830	8.310080	8.314220	8.335740	8.321680	8.321620	8.293870
Tunisian Dinar	NA	NA	NA	NA	NA	NA	NA	NA	NA	NA	NA
U.A.E. Dirham	4.866940	4.872930	4.891480	4.887880	4.880310	4.867350	4.859930	4.878880	4.867940	4.865810	4.849430
Peso Uruguayo	NA	NA	NA	NA	NA	NA	NA	NA	NA	NA	NA
Bolivar Fuerte	NA	NA	NA	NA	NA	NA	NA	NA	NA	NA	NA

Currency units per SDR for August 1998 Continued

Currency	August 18, 1998	August 19, 1998	August 20, 1998	August 21, 1998	August 24, 1998	August 25, 1998	August 26, 1998	August 27, 1998	August 28, 1998	August 31, 1998
Chinese Yuan	NA	NA	NA	NA	NA	10.974300	NA	NA	NA	11.113600
Euro	NA	NA	NA	NA	NA	NA	NA	NA	NA	NA
Japanese Yen	192.600000	190.843000	191.248000	189.826000	191.761000	190.662000	191.463000	190.683000	187.556000	189.870000
U.K. Pound Sterling	0.818305	0.816584	0.816079	0.811013	0.809054	0.808873	0.808537	0.804909	0.804860	NA
U.S. Dollar	1.320990	1.322540	1.327190	1.325600	1.325230	1.325420	1.323170	1.326490	1.329710	1.342220
Algerian Dinar	NA	NA	NA	NA	NA	NA	NA	NA	NA	NA
Australian Dollar	2.238590	2.221260	2.241120	2.254420	2.278200	2.284030	2.300770	2.359880	2.358480	2.358500
Bahrain Dinar	0.496692	0.497275	0.499023	0.498426	0.498286	0.498358	0.497512	0.498760	0.499971	0.504675
Botswana Pula	NA	NA	NA	NA	NA	NA	0.279255	0.273989	0.275317	0.281262
Brazilian Real	1.548460	1.551470	1.557320	1.554930	1.556480	1.556310	1.553270	1.554650	1.561740	1.577780
Brunei Dollar	NA	NA	NA	NA	NA	NA	NA	NA	NA	NA
Canadian Dollar	2.019130	2.027720	2.030200	2.043810	2.052780	2.055200	2.067060	2.091210	2.084990	2.110240
Chilean Peso	NA	NA	NA	NA	NA	628.302000	627.540000	629.061000	629.910000	634.535000
Colombian Peso	1,830.920000	1,832.740000	1,837.150000	1,844.640000	1,864.960000	1,879.740000	NA	1,897.320000	1,912.340000	1,933.960000
Czech Koruna	NA	NA	NA	NA	NA	NA	NA	NA	NA	NA
Danish Krone	9.045880	9.065480	9.059000	9.069760	9.073190	9.073690	NA	9.129040	9.055590	9.057300
Hungarian Forint	NA	NA	NA	NA	NA	NA	NA	NA	NA	NA
Icelandic Krona	95.045200	95.064200	94.920600	94.979200	95.005700	95.178400	95.519600	96.343000	95.872100	96.223800
Indian Rupee	57.146000	57.424700	56.737400	56.430800	56.295800	56.330400	56.234700	56.415600	56.565900	57.111500
Indonesian Rupiah	NA	NA	NA	NA	NA	NA	NA	NA	NA	NA
Iranian Rial	2,314.120000	2,315.030000	2,317.750000	2,317.750000	2,323.110000	2,322.470000	2,322.800000	2,318.860000	2,318.860000	2,330.320000
Israeli New Sheqel	NA	NA	NA	NA	NA	NA	NA	NA	NA	NA
Kazakhstani Tenge	NA	NA	NA	NA	NA	NA	NA	NA	NA	NA
Korean Won	1,757.180000	1,752.500000	1,731.720000	1,720.500000	1,723.990000	1,729.010000	1,728.060000	1,735.710000	1,749.370000	1,787.570000
Kuwaiti Dinar	0.406072	0.406549	0.407580	NA	0.406978	0.406785	0.406359	0.407378	NA	0.410303
Libyan Dinar	0.525000	0.525000	0.525000	0.525000	0.525000	0.525000	0.525000	0.525000	0.525000	0.525000
Malaysian Ringgit	5.581180	5.567890	5.554290	5.560890	5.608370	5.558150	5.583780	5.587840	5.611380	NA
Mauritian Rupee	NA	NA	NA	NA	NA	NA	NA	NA	NA	NA
Mexican Peso	NA	NA	NA	NA	NA	NA	NA	NA	NA	13.543000
Nepalese Rupee	90.454800	90.560900	91.542900	91.274200	90.533100	90.546100	90.392400	90.619200	90.852400	91.707200
New Zealand Dollar	2.631450	2.621490	2.651730	2.667200	2.696300	2.691210	2.694850	2.715440	2.719240	2.717040
Norwegian Krone	10.137900	10.194800	10.190200	10.215100	10.261900	10.340300	10.502700	10.661300	NA	10.506900
Rial Omani	0.507921	0.508517	0.510305	0.509693	0.509551	0.509624	0.508759	0.510035	0.511273	0.516084
Pakistani Rupee	60.917500	60.988900	61.203400	61.130000	61.113000	61.121700	61.018000	61.171100	61.319600	61.896500
Nuevo Sol	NA	NA	NA	NA	NA	NA	NA	NA	NA	NA
Philippine Peso	NA	NA	NA	NA	NA	NA	NA	NA	NA	58.520800
Polish Zloty	NA	NA	NA	NA	NA	NA	NA	NA	NA	4.972930
Qatar Riyal	4.808400	4.814050	4.830970	4.825180	4.823840	4.824530	4.816340	4.828420	4.840140	4.885680
Russian Ruble	9.095020	9.244550	9.283690	9.285830	9.462140	10.417800	10.400100	NA	NA	NA
Saudi Arabian Riyal	4.947110	4.952910	4.970330	4.964370	4.962990	4.963700	4.955270	4.967710	4.979760	5.026610
Singapore Dollar	2.333530	2.321720	2.328550	2.326430	2.343670	2.341090	2.349690	2.350540	2.351590	2.389150
South African Rand	8.258170	8.376310	8.385850	8.382430	8.344310	8.267310	8.419330	8.348260	8.611870	8.609000
Sri Lanka Rupee	87.269600	87.329000	87.636100	87.475000	87.586400	87.549300	87.523100	87.699600	87.842600	88.612700
Swedish Krona	10.788400	10.799900	10.763500	10.824800	10.834400	10.927400	11.002800	11.053600	11.104400	10.831000
Swiss Franc	1.993240	1.996640	1.996760	1.989060	1.986920	1.989720	1.990050	1.989740	1.966910	1.956150
Thai Baht	55.024500	54.967400	54.702800	54.694300	55.266100	54.989000	55.214600	55.556100	55.870400	56.312800
Trinidad And Tobago Dollar	8.294360	8.300130	8.327720	8.308860	8.323900	8.320320	8.303950	8.321740	8.337680	NA
Tunisian Dinar	NA	NA	NA	NA	NA	NA	NA	NA	NA	NA
U.A.E. Dirham	4.851340	4.857030	4.874110	4.868270	4.866910	4.867600	4.859340	4.871530	4.883360	4.929300
Peso Uruguayo	NA	NA	NA	NA	NA	NA	NA	NA	NA	NA
Bolivar Fuerte	NA	NA	NA	NA	NA	NA	NA	NA	NA	NA

Notes:


The value of the U.S. dollar in terms of the SDR is the reciprocal of the sum of the dollar values, based on market exchange rates, of specified quantities of the SDR basket currencies. See SDR Valuation.

These rates are the official rates used by the Fund to conduct operations with member countries. The rates are derived from the currency's representative exchange rate, as reported by the central bank, normally against the U.S. dollar at spot market rates and rounded to six significant digits. See Representative Exchange Rates for Selected Currencies.

The value in terms of each national currency of the SDR (shown above) is the reciprocal of the value in terms of the SDR of each national currency, rounded to six significant digits.

Exchange rates are published daily except on IMF holidays or whenever the IMF is closed for business.
