Currency units per SDR for May 1998
Currency	May 01, 1998	May 04, 1998	May 05, 1998	May 06, 1998	May 07, 1998	May 08, 1998	May 11, 1998	May 12, 1998	May 13, 1998	May 14, 1998	May 15, 1998
Chinese Yuan	NA	NA	NA	NA	NA	NA	NA	NA	NA	NA	NA
Euro	NA	NA	NA	NA	NA	NA	NA	NA	NA	NA	NA
Japanese Yen	179.090000	NA	NA	178.332000	180.020000	179.622000	179.046000	179.097000	180.041000	179.531000	179.652000
U.K. Pound Sterling	0.805755	NA	0.811851	0.812778	0.817110	0.822007	0.822467	0.825254	0.820258	0.827064	0.823134
U.S. Dollar	1.345530	1.348300	1.350270	1.351000	1.351500	1.348010	1.347530	1.345990	1.343090	1.342490	1.343190
Algerian Dinar	NA	NA	NA	NA	NA	NA	NA	NA	NA	NA	NA
Australian Dollar	2.056440	2.088770	2.105520	2.105670	2.125670	2.112870	2.127120	2.119340	2.123130	2.141130	2.152890
Bahrain Dinar	0.505919	0.506961	0.507702	0.507976	0.508164	0.506852	0.506671	0.506092	0.505002	0.504776	0.505039
Botswana Pula	NA	NA	NA	NA	NA	NA	NA	NA	NA	NA	NA
Brazilian Real	NA	1.541780	1.543900	1.545680	1.546660	1.542530	1.542520	1.541290	1.538510	1.539300	1.539970
Brunei Dollar	NA	NA	NA	NA	NA	NA	NA	NA	NA	NA	NA
Canadian Dollar	1.928950	1.934680	1.942630	1.943680	1.946020	1.936820	1.931550	1.927460	1.939960	1.943660	1.948300
Chilean Peso	NA	NA	NA	NA	NA	NA	NA	NA	NA	NA	NA
Colombian Peso	NA	1,839.180000	1,848.940000	1,858.150000	1,868.140000	1,864.350000	1,866.840000	1,867.940000	1,864.260000	1,862.240000	1,860.280000
Czech Koruna	NA	NA	NA	NA	NA	NA	NA	NA	NA	NA	NA
Danish Krone	9.202350	9.178690	9.112300	9.134650	9.096000	NA	9.089490	9.089340	9.111520	9.076440	9.100520
Hungarian Forint	NA	NA	NA	NA	NA	NA	NA	NA	NA	NA	NA
Icelandic Krona	NA	96.416900	96.287800	96.380300	96.307900	96.490600	96.200200	95.915200	95.883200	95.719500	95.742600
Indian Rupee	53.457900	53.568000	53.659700	53.742800	53.762700	53.623800	53.604700	53.543500	53.428100	54.209700	54.748400
Indonesian Rupiah	NA	NA	NA	NA	NA	NA	NA	NA	NA	NA	NA
Iranian Rial	2,358.650000	2,358.040000	2,362.900000	NA	NA	2,362.900000	2,362.390000	2,361.550000	2,358.850000	2,353.770000	2,353.770000
Israeli New Sheqel	NA	NA	NA	NA	NA	NA	NA	NA	NA	NA	NA
Kazakhstani Tenge	NA	NA	NA	NA	NA	NA	NA	NA	NA	NA	NA
Korean Won	NA	1,800.250000	NA	1,821.960000	1,823.310000	1,878.450000	1,876.300000	1,871.870000	1,868.780000	1,878.680000	1,894.170000
Kuwaiti Dinar	NA	0.411771	0.412116	0.412163	0.412316	NA	0.411617	0.411469	0.410583	0.410654	NA
Libyan Dinar	0.525000	0.525000	0.525000	0.525000	0.525000	0.525000	0.525000	0.525000	0.525000	0.525000	0.525000
Malaysian Ringgit	NA	4.968490	4.979120	5.053420	5.264090	5.142660	5.178560	5.172640	5.211190	5.211550	5.055770
Mauritian Rupee	NA	NA	NA	NA	NA	NA	NA	NA	NA	NA	NA
Mexican Peso	NA	NA	NA	NA	NA	NA	NA	NA	NA	NA	NA
Nepalese Rupee	85.306600	85.482200	85.607100	85.653400	85.685100	85.463800	85.433400	85.335800	85.151900	85.113900	86.635800
New Zealand Dollar	2.426560	2.438160	2.455040	NA	2.483460	2.482520	2.497740	2.501840	2.501100	2.516380	2.517690
Norwegian Krone	NA	9.980120	9.990650	9.947410	9.953120	9.969210	9.952180	9.976480	9.990570	10.002900	10.013500
Rial Omani	0.517356	0.518421	0.519179	0.519460	0.519652	0.518310	0.518125	0.517533	0.516418	0.516187	0.516457
Pakistani Rupee	59.567000	59.689600	59.776900	59.809200	59.831300	59.676800	59.655600	59.587400	59.459000	59.432400	59.463400
Nuevo Sol	NA	NA	NA	NA	NA	NA	NA	NA	NA	NA	NA
Philippine Peso	NA	NA	NA	NA	NA	NA	NA	NA	NA	NA	NA
Polish Zloty	NA	NA	NA	NA	NA	NA	NA	NA	NA	NA	NA
Qatar Riyal	4.897730	4.907810	4.914980	4.917640	4.919460	4.906760	4.905010	4.899400	4.888850	4.886660	4.889210
Russian Ruble	NA	NA	8.251500	8.253260	8.283340	8.260610	NA	8.241500	8.264030	8.244230	8.263980
Saudi Arabian Riyal	5.039010	5.049380	5.056760	5.059500	5.061370	5.048300	5.046500	5.040730	5.029870	5.027630	5.030250
Singapore Dollar	NA	2.140430	2.135720	2.144710	2.197540	2.186470	NA	2.195980	2.216770	2.224510	2.213580
South African Rand	NA	6.826440	6.827640	6.834030	6.846020	6.828340	6.820520	6.827530	6.824910	6.821860	6.826760
Sri Lanka Rupee	NA	85.585100	85.700000	85.746300	85.896300	85.772300	NA	NA	85.590200	85.545200	85.697300
Swedish Krona	NA	10.381900	10.357200	10.289900	10.256500	10.288700	NA	10.249000	10.257200	10.320400	10.347300
Swiss Franc	2.015870	2.013690	2.002860	2.001240	1.979950	1.992760	1.995830	1.992870	1.991800	1.983260	1.986850
Thai Baht	NA	52.198100	NA	52.163500	53.266700	52.177400	NA	51.824700	52.309300	52.000000	52.135900
Trinidad And Tobago Dollar	8.453160	8.468270	8.488610	8.486170	8.481340	8.471430	8.465320	8.469910	8.431110	8.434860	8.440070
Tunisian Dinar	NA	NA	NA	NA	NA	NA	NA	NA	NA	NA	NA
U.A.E. Dirham	4.941460	4.951630	4.958870	4.961550	4.963380	4.950570	4.948800	4.943150	4.932500	4.930290	4.932870
Peso Uruguayo	NA	NA	NA	NA	NA	NA	NA	NA	NA	NA	NA
Bolivar Fuerte	NA	NA	NA	NA	NA	NA	NA	NA	NA	NA	NA

Currency units per SDR for May 1998 Continued

Currency	May 18, 1998	May 19, 1998	May 20, 1998	May 21, 1998	May 22, 1998	May 25, 1998	May 26, 1998	May 27, 1998	May 28, 1998	May 29, 1998
Chinese Yuan	NA	NA	NA	NA	NA	NA	NA	NA	NA	11.055800
Euro	NA	NA	NA	NA	NA	NA	NA	NA	NA	NA
Japanese Yen	180.693000	182.060000	182.725000	182.048000	181.644000	183.642000	184.049000	184.623000	183.385000	185.682000
U.K. Pound Sterling	0.824635	0.824308	0.823827	0.826174	0.824198	NA	0.819571	0.818200	0.821332	0.819139
U.S. Dollar	1.337970	1.339170	1.340120	1.344020	1.344020	1.342410	1.340490	1.342420	1.335650	1.335360
Algerian Dinar	NA	NA	NA	NA	NA	NA	NA	NA	NA	NA
Australian Dollar	2.149000	2.139590	2.149350	2.137440	2.131000	2.144420	2.148910	2.164150	2.146310	2.141370
Bahrain Dinar	0.503077	0.503528	0.503885	0.505352	0.505352	0.504746	0.504024	0.504750	0.502204	0.502095
Botswana Pula	NA	NA	NA	NA	NA	NA	NA	NA	NA	NA
Brazilian Real	NA	NA	1.538460	NA	1.544140	1.544710	1.542640	1.546870	1.537600	1.534600
Brunei Dollar	NA	NA	NA	NA	NA	NA	NA	NA	NA	NA
Canadian Dollar	NA	1.941800	1.942910	1.945200	1.948290	1.945550	1.949470	1.955230	1.943770	1.945750
Chilean Peso	NA	NA	NA	NA	NA	NA	NA	NA	NA	608.190000
Colombian Peso	1,850.830000	1,857.780000	1,863.960000	1,871.120000	1,873.050000	1,871.760000	1,869.090000	1,874.700000	1,866.060000	1,865.080000
Czech Koruna	NA	NA	NA	NA	NA	NA	NA	NA	NA	NA
Danish Krone	9.103150	9.098720	9.082130	NA	9.017840	9.015090	9.014130	9.014480	9.065460	9.073640
Hungarian Forint	NA	NA	NA	NA	NA	NA	NA	NA	NA	NA
Icelandic Krona	NA	95.590000	95.483600	NA	95.398500	95.458800	95.563500	95.566900	95.766100	95.545000
Indian Rupee	54.120900	54.223000	54.274900	54.540300	54.607500	54.931400	55.134400	55.441900	55.149000	55.417400
Indonesian Rupiah	NA	NA	NA	NA	NA	NA	NA	NA	NA	14,889.300000
Iranian Rial	2,353.940000	NA	2,346.900000	2,348.560000	2,348.560000	2,355.400000	2,355.400000	2,349.210000	2,352.590000	2,352.590000
Israeli New Sheqel	NA	NA	NA	NA	NA	NA	NA	NA	NA	NA
Kazakhstani Tenge	NA	NA	NA	NA	NA	NA	NA	NA	NA	NA
Korean Won	1,919.990000	NA	NA	NA	1,864.420000	1,852.930000	1,855.770000	NA	1,877.520000	1,870.570000
Kuwaiti Dinar	0.409499	0.410067	0.410358	0.411055	NA	0.410428	0.410096	0.410888	0.408816	NA
Libyan Dinar	0.525000	0.525000	0.525000	0.525000	0.525000	0.525000	0.525000	0.525000	0.525000	0.525000
Malaysian Ringgit	5.140480	5.142410	5.125960	5.123400	5.097200	5.104510	5.136620	5.141470	5.140250	5.179190
Mauritian Rupee	NA	NA	NA	NA	NA	NA	NA	NA	NA	NA
Mexican Peso	NA	NA	NA	NA	NA	NA	NA	NA	NA	11.791200
Nepalese Rupee	86.700500	86.778200	86.839800	87.092500	87.092500	86.988200	87.399900	87.525800	88.052700	88.033600
New Zealand Dollar	2.505560	2.505460	2.521390	2.519250	2.509840	2.518590	2.512630	2.523350	NA	2.500670
Norwegian Krone	10.033400	10.021700	10.028800	NA	9.998840	9.970750	9.998040	10.040000	10.080800	10.087300
Rial Omani	0.514449	0.514911	0.515276	0.516776	0.516776	0.516157	0.515418	0.516160	0.513557	0.513446
Pakistani Rupee	59.232300	59.285500	59.327500	59.500200	59.500200	59.428900	59.343900	59.429300	59.129600	59.116800
Nuevo Sol	NA	NA	NA	NA	NA	NA	NA	NA	NA	NA
Philippine Peso	NA	NA	NA	NA	NA	NA	NA	NA	NA	51.878700
Polish Zloty	NA	NA	NA	NA	NA	NA	NA	NA	NA	4.661740
Qatar Riyal	4.870210	4.874580	4.878040	4.892230	4.892230	4.886370	4.879380	4.886410	4.861770	4.860710
Russian Ruble	8.248590	8.262680	8.260500	8.259000	8.271100	NA	8.286910	8.289440	8.212910	8.196440
Saudi Arabian Riyal	5.010700	5.015190	5.018750	5.033350	5.033350	5.027330	5.020140	5.027360	5.002010	5.000920
Singapore Dollar	2.217690	2.212980	2.205170	2.216290	2.199490	2.206250	2.214490	2.224390	2.222520	2.240070
South African Rand	6.822980	6.825080	6.846000	6.836360	6.837700	6.899320	6.861300	6.915480	6.905980	6.887120
Sri Lanka Rupee	85.494700	85.681800	85.742600	85.982100	85.978700	85.959600	85.957300	86.154900	85.810600	85.872100
Swedish Krona	10.391300	10.386600	10.359100	NA	10.301900	10.325800	10.331800	10.365500	10.404700	10.459900
Swiss Franc	1.994910	1.985990	1.982980	NA	1.975570	1.971600	1.972800	1.961010	1.972490	1.978340
Thai Baht	NA	52.835600	52.631900	52.604900	52.809200	52.554000	52.682600	52.706100	53.081400	53.701500
Trinidad And Tobago Dollar	8.405800	8.417490	8.423060	8.443810	8.438830	8.439600	8.417340	8.423820	8.394030	8.390600
Tunisian Dinar	NA	NA	NA	NA	NA	NA	NA	NA	NA	NA
U.A.E. Dirham	4.913690	4.918100	4.921590	4.935910	4.935910	4.930000	4.922950	4.930040	4.905170	4.904110
Peso Uruguayo	NA	NA	NA	NA	NA	NA	NA	NA	NA	NA
Bolivar Fuerte	NA	NA	NA	NA	NA	NA	NA	NA	NA	NA

Notes:


The value of the U.S. dollar in terms of the SDR is the reciprocal of the sum of the dollar values, based on market exchange rates, of specified quantities of the SDR basket currencies. See SDR Valuation.

These rates are the official rates used by the Fund to conduct operations with member countries. The rates are derived from the currency's representative exchange rate, as reported by the central bank, normally against the U.S. dollar at spot market rates and rounded to six significant digits. See Representative Exchange Rates for Selected Currencies.

The value in terms of each national currency of the SDR (shown above) is the reciprocal of the value in terms of the SDR of each national currency, rounded to six significant digits.

Exchange rates are published daily except on IMF holidays or whenever the IMF is closed for business.
