Currency units per SDR for November 1998
Currency	November 02, 1998	November 03, 1998	November 04, 1998	November 05, 1998	November 06, 1998	November 09, 1998	November 10, 1998	November 11, 1998	November 12, 1998	November 13, 1998	November 16, 1998
Chinese Yuan	NA	11.638400	NA	NA	11.601100	NA	NA	NA	NA	NA	NA
Euro	1.190520	1.196330	1.195850	1.190810	1.190670	1.194790	1.193130	1.194470	1.192260	1.196410	1.188540
Japanese Yen	162.487000	NA	162.243000	164.834000	165.586000	166.301000	169.617000	169.195000	169.162000	169.889000	170.814000
U.K. Pound Sterling	0.845080	0.849438	0.847377	0.844673	0.842951	0.838478	0.835828	0.835821	0.835188	0.832514	0.833664
U.S. Dollar	1.409260	1.405990	1.400460	1.401650	1.401490	1.393970	1.386890	1.388550	1.383740	1.388550	1.394970
Algerian Dinar	NA	NA	NA	NA	NA	NA	NA	NA	NA	NA	NA
Australian Dollar	2.251560	2.254270	2.220130	2.219910	2.222820	2.197300	2.203510	2.206500	2.191890	2.183250	2.187160
Bahrain Dinar	0.529880	0.528652	0.526573	0.527020	0.526960	0.524133	0.521471	0.522095	0.520286	0.522095	0.524509
Botswana Pula	0.324834	0.323939	0.322387	0.323150	0.324375	0.322982	0.317875	0.316589	0.312172	0.314507	0.318053
Brazilian Real	NA	1.676500	1.669490	1.669080	1.667350	1.655480	1.649150	1.652790	NA	1.653070	1.660990
Brunei Dollar	2.273130	2.265750	2.255160	2.261560	2.260600	NA	2.292250	2.283750	2.273070	2.277640	2.291940
Canadian Dollar	2.158690	2.142450	2.134020	2.127140	2.146380	2.139330	2.143720	NA	2.142310	2.155310	2.166810
Chilean Peso	657.657000	NA	655.205000	655.510000	NA	653.842000	651.616000	652.188000	650.773000	652.771000	NA
Colombian Peso	2,219.690000	2,214.550000	2,198.620000	2,198.540000	2,190.980000	2,165.830000	2,162.650000	2,182.470000	2,183.000000	2,192.230000	NA
Czech Koruna	NA	NA	NA	NA	NA	NA	NA	NA	NA	NA	NA
Danish Krone	8.829710	8.880940	8.865330	8.855760	8.851950	8.886420	8.878730	8.874080	8.857730	8.903660	8.849550
Hungarian Forint	NA	NA	NA	NA	NA	NA	NA	NA	NA	NA	NA
Icelandic Krona	97.492500	97.941300	97.850100	97.793100	97.263400	97.382700	97.567700	97.448400	97.152400	97.365100	97.159700
Indian Rupee	59.611500	59.459300	59.225500	59.359900	59.325100	58.923100	58.651600	58.707900	58.573700	58.763400	59.049100
Indonesian Rupiah	NA	NA	NA	NA	NA	NA	NA	NA	NA	NA	NA
Iranian Rial	2,468.120000	2,468.130000	2,464.000000	2,452.910000	2,454.310000	2,456.430000	2,442.930000	2,430.520000	2,433.430000	2,433.430000	2,433.430000
Israeli New Sheqel	NA	NA	NA	NA	NA	NA	NA	NA	NA	NA	NA
Kazakhstani Tenge	NA	NA	NA	NA	NA	NA	NA	NA	NA	NA	NA
Korean Won	1,851.480000	1,853.090000	1,844.830000	1,839.670000	1,842.960000	1,833.070000	1,822.650000	1,832.470000	1,821.970000	1,827.190000	NA
Kuwaiti Dinar	0.424171	0.423779	0.422351	0.423242	NA	0.421481	0.420047	0.420370	0.418913	NA	NA
Libyan Dinar	0.525001	0.525000	0.525000	0.525000	0.525000	0.525000	0.525000	0.525000	0.525000	0.525000	0.525000
Malaysian Ringgit	5.355150	5.342760	5.321750	5.326270	5.325660	5.297090	5.270180	5.276490	5.258210	5.276490	5.300890
Mauritian Rupee	NA	NA	NA	NA	NA	NA	NA	NA	NA	NA	NA
Mexican Peso	NA	NA	NA	NA	NA	NA	NA	NA	NA	NA	NA
Nepalese Rupee	95.724000	95.501900	95.126200	95.207100	95.196200	94.685400	94.204500	94.317300	93.423200	93.623000	94.055900
New Zealand Dollar	2.651460	2.647820	2.620130	2.607720	2.595350	2.581430	2.611850	NA	2.605910	2.605160	2.607420
Norwegian Krone	10.309400	10.346700	10.365500	10.374300	10.307300	NA	10.409300	10.368300	10.387700	10.391900	10.370900
Rial Omani	0.541859	0.540603	0.538477	0.538934	0.538873	0.535981	0.533259	0.533897	0.532048	0.533897	0.536366
Pakistani Rupee	64.987800	64.837200	64.582200	64.637100	64.629700	64.282900	63.956400	64.033000	63.811200	64.033000	64.329000
Nuevo Sol	NA	NA	NA	NA	NA	NA	NA	NA	NA	NA	NA
Philippine Peso	NA	NA	NA	NA	NA	NA	NA	NA	NA	NA	NA
Polish Zloty	NA	NA	NA	NA	NA	NA	NA	NA	NA	NA	NA
Qatar Riyal	5.129680	5.117800	5.097670	5.102010	5.101420	5.074050	5.048280	5.054320	5.036810	5.054320	5.077690
Russian Ruble	NA	NA	NA	NA	NA	NA	NA	NA	NA	NA	NA
Saudi Arabian Riyal	5.277660	5.265430	5.244720	5.249180	5.248580	5.220420	5.193900	5.200120	5.182110	5.200120	5.224160
Singapore Dollar	2.281580	2.283330	2.270150	2.276280	2.276300	2.287230	2.300850	2.290970	2.292170	2.298050	2.302400
South African Rand	7.915090	7.875650	7.837670	7.830320	7.781070	7.731650	7.798480	7.868220	7.954430	7.959860	7.921340
Sri Lanka Rupee	93.732100	NA	93.283900	93.461300	93.408600	93.043300	92.685200	92.778700	92.485000	92.924500	93.319300
Swedish Krona	10.920300	10.999800	10.942200	10.944100	10.884700	10.921800	11.052800	11.050800	11.121800	11.205600	NA
Swiss Franc	1.899250	1.906660	1.917090	1.911710	1.914440	1.933850	1.929580	1.932170	1.922430	1.928420	1.916830
Thai Baht	51.695600	51.570300	51.221800	51.078900	51.039500	51.264600	51.582600	50.983400	50.960400	51.331900	NA
Trinidad And Tobago Dollar	8.866030	8.850140	8.781300	8.811330	8.806820	8.760820	8.713000	8.722040	8.688780	8.723570	8.767670
Tunisian Dinar	NA	NA	NA	NA	NA	NA	NA	NA	NA	NA	NA
U.A.E. Dirham	5.175470	5.163500	5.143190	5.147560	5.146970	5.119350	5.093350	5.099450	5.081790	5.099450	5.123030
Peso Uruguayo	NA	NA	NA	NA	NA	NA	NA	NA	NA	NA	NA
Bolivar Fuerte	NA	NA	NA	NA	NA	NA	NA	NA	NA	NA	NA

Currency units per SDR for November 1998 Continued

Currency	November 17, 1998	November 18, 1998	November 19, 1998	November 20, 1998	November 23, 1998	November 24, 1998	November 25, 1998	November 26, 1998	November 27, 1998	November 30, 1998
Chinese Yuan	NA	NA	NA	NA	NA	NA	NA	NA	NA	NA
Euro	1.189520	1.188590	1.194340	1.198130	1.205280	1.203700	1.201770	NA	1.201410	1.198380
Japanese Yen	169.075000	169.460000	170.320000	166.371000	NA	167.495000	167.454000	168.146000	169.150000	170.658000
U.K. Pound Sterling	0.832277	0.834108	0.836963	0.836480	0.837884	0.835482	0.833560	0.834617	0.834899	0.835403
U.S. Dollar	1.397310	1.395880	1.396640	1.390480	1.383430	1.381970	1.386210	1.382210	1.382510	1.380170
Algerian Dinar	NA	NA	NA	NA	NA	NA	NA	NA	NA	NA
Australian Dollar	2.211980	2.212870	2.169370	2.160470	2.158240	2.162030	2.159210	2.166810	2.174440	2.182780
Bahrain Dinar	0.525389	0.524851	0.525137	0.522820	0.520170	0.519621	0.521215	0.519711	0.519824	0.518944
Botswana Pula	0.319705	0.318679	0.319551	0.317725	0.315284	0.313707	0.315224	NA	NA	0.313299
Brazilian Real	1.662940	1.661240	1.662700	1.658010	1.652090	1.653670	1.659290	1.655060	1.656800	NA
Brunei Dollar	NA	2.269700	2.268840	2.246320	2.244340	2.248470	2.255360	2.250650	2.265930	2.265550
Canadian Dollar	2.164710	2.171290	2.163950	2.148010	2.139890	2.139150	2.141000	2.110630	2.123540	2.102970
Chilean Peso	NA	655.170000	655.471000	NA	651.928000	651.240000	653.487000	NA	NA	651.137000
Colombian Peso	2,209.130000	2,210.080000	2,192.170000	2,167.050000	2,129.620000	2,139.180000	2,159.120000	2,136.250000	2,133.840000	2,135.270000
Czech Koruna	NA	NA	NA	NA	NA	NA	NA	NA	NA	NA
Danish Krone	8.829460	8.844570	8.891010	8.914780	8.962000	8.969400	8.963510	8.958520	8.948160	8.956340
Hungarian Forint	NA	NA	NA	NA	NA	NA	NA	NA	NA	NA
Icelandic Krona	97.308700	97.083500	97.373700	97.430900	97.573300	97.442700	97.727800	97.570200	97.632900	97.453800
Indian Rupee	59.204000	59.241100	59.315300	58.956400	58.629800	58.637000	58.803000	58.716300	58.784300	58.836600
Indonesian Rupiah	NA	NA	NA	NA	NA	NA	NA	NA	NA	NA
Iranian Rial	2,433.430000	2,477.790000	NA	NA	2,436.820000	2,424.460000	2,421.980000	2,429.330000	NA	2,429.330000
Israeli New Sheqel	NA	NA	NA	NA	NA	NA	NA	NA	NA	NA
Kazakhstani Tenge	NA	NA	NA	NA	NA	NA	NA	NA	NA	NA
Korean Won	1,840.120000	1,830.420000	1,814.930000	1,795.670000	1,760.830000	1,726.770000	1,734.290000	1,731.490000	1,720.530000	1,716.520000
Kuwaiti Dinar	0.422491	0.422058	0.422581	NA	0.418820	0.418834	0.419911	0.418948	NA	0.418785
Libyan Dinar	0.525000	0.525000	0.525000	0.525000	0.525000	0.525000	NA	NA	NA	NA
Malaysian Ringgit	5.309780	5.304340	5.307230	5.283820	5.257030	5.251490	5.267600	5.252400	5.253540	5.244650
Mauritian Rupee	NA	NA	NA	NA	NA	NA	NA	NA	NA	NA
Mexican Peso	NA	NA	NA	NA	NA	NA	NA	NA	NA	NA
Nepalese Rupee	94.213600	94.117200	94.168500	93.753100	93.277800	93.179300	93.465200	93.195500	93.215700	93.403000
New Zealand Dollar	2.616690	2.621370	2.598400	2.577350	2.588270	2.605030	2.598330	2.598140	NA	2.611980
Norwegian Krone	10.356900	10.390200	10.398700	10.406400	10.361200	10.355100	10.400000	10.401100	10.359800	10.404400
Rial Omani	0.537266	0.536716	0.537008	0.534640	0.531929	0.531367	0.532998	0.531460	0.531575	0.530675
Pakistani Rupee	64.437000	64.371000	64.406100	64.122000	63.796900	63.729500	63.925100	63.740600	63.754400	63.646500
Nuevo Sol	NA	NA	NA	NA	NA	NA	NA	NA	NA	NA
Philippine Peso	NA	NA	NA	NA	NA	NA	NA	NA	NA	NA
Polish Zloty	NA	NA	NA	NA	NA	NA	NA	NA	NA	NA
Qatar Riyal	5.086210	5.081000	5.083770	5.061350	5.035690	5.030370	5.045800	5.031240	5.032340	5.023820
Russian Ruble	NA	NA	NA	NA	NA	NA	NA	NA	NA	NA
Saudi Arabian Riyal	5.232930	5.227570	5.230420	5.207350	5.180950	5.175480	5.191360	5.176380	5.177500	5.168740
Singapore Dollar	2.289490	2.284780	2.281410	2.261340	2.259000	2.266150	2.272690	2.267520	2.283220	2.284180
South African Rand	7.931830	7.919530	7.898700	7.847170	7.819840	7.853040	7.875750	7.846120	7.875470	7.848340
Sri Lanka Rupee	93.451400	93.394100	93.581200	93.168400	92.844800	92.916100	93.159500	93.004800	93.073300	93.026200
Swedish Krona	11.195900	11.201200	11.256200	11.228100	11.185700	11.189100	11.236600	11.350700	11.268100	11.269800
Swiss Franc	1.916410	1.913890	1.921920	1.929010	1.944690	1.950100	1.943740	1.948360	1.940350	1.939690
Thai Baht	50.823000	50.752800	50.526200	50.265900	50.042800	50.079800	50.082400	49.823100	49.831200	49.832400
Trinidad And Tobago Dollar	NA	8.768360	8.770620	8.728320	8.694860	8.686650	8.712050	8.681520	NA	8.660840
Tunisian Dinar	NA	NA	NA	NA	NA	NA	NA	NA	NA	NA
U.A.E. Dirham	5.131620	5.126370	5.129160	5.106540	5.080650	5.075280	5.090860	5.076170	5.077270	5.068670
Peso Uruguayo	NA	NA	NA	NA	NA	NA	NA	NA	NA	NA
Bolivar Fuerte	NA	NA	NA	NA	NA	NA	NA	NA	NA	NA

Notes:


The value of the U.S. dollar in terms of the SDR is the reciprocal of the sum of the dollar values, based on market exchange rates, of specified quantities of the SDR basket currencies. See SDR Valuation.

These rates are the official rates used by the Fund to conduct operations with member countries. The rates are derived from the currency's representative exchange rate, as reported by the central bank, normally against the U.S. dollar at spot market rates and rounded to six significant digits. See Representative Exchange Rates for Selected Currencies.

The value in terms of each national currency of the SDR (shown above) is the reciprocal of the value in terms of the SDR of each national currency, rounded to six significant digits.

Exchange rates are published daily except on IMF holidays or whenever the IMF is closed for business.
