Currency units per SDR for March 1998
Currency	March 02, 1998	March 03, 1998	March 04, 1998	March 05, 1998	March 06, 1998	March 09, 1998	March 10, 1998	March 11, 1998	March 12, 1998	March 13, 1998	March 16, 1998
Chinese Yuan	NA	NA	NA	NA	NA	NA	NA	NA	NA	NA	NA
Euro	NA	NA	NA	NA	NA	NA	NA	NA	NA	NA	NA
Japanese Yen	169.596000	169.312000	169.472000	171.080000	171.662000	172.038000	171.441000	170.606000	173.261000	173.027000	172.289000
U.K. Pound Sterling	0.819520	0.819255	0.819028	0.817951	0.820782	0.820781	0.820874	0.816691	0.811123	0.808722	0.805269
U.S. Dollar	1.353520	1.349640	1.349840	1.349210	1.343210	1.342470	1.342950	1.340190	1.341030	1.344420	1.344960
Algerian Dinar	NA	NA	NA	NA	NA	NA	NA	NA	NA	NA	NA
Australian Dollar	1.989590	1.975180	1.989740	2.000900	2.013810	2.014810	2.008300	2.002080	2.011440	1.998840	2.000830
Bahrain Dinar	0.508924	0.507465	0.507540	0.507303	0.505047	0.504769	0.504949	0.503911	0.504227	0.505502	0.505705
Botswana Pula	NA	NA	NA	NA	NA	NA	NA	NA	NA	NA	NA
Brazilian Real	1.528940	1.524690	1.525050	1.525420	1.518630	1.517930	1.519550	1.516560	1.517640	1.521880	1.523300
Brunei Dollar	NA	NA	NA	NA	NA	NA	NA	NA	NA	NA	NA
Canadian Dollar	1.924160	1.914330	1.919340	1.916420	1.904940	1.898660	1.898930	1.886320	1.892190	1.895090	1.901100
Chilean Peso	NA	NA	NA	NA	NA	NA	NA	NA	NA	NA	NA
Colombian Peso	1,818.930000	1,820.720000	1,825.270000	1,821.160000	1,817.620000	1,817.320000	1,819.560000	1,817.140000	1,819.280000	1,823.970000	1,823.630000
Czech Koruna	NA	NA	NA	NA	NA	NA	NA	NA	NA	NA	NA
Danish Krone	9.308830	9.346260	9.343590	9.314950	9.380310	9.372450	9.363720	9.361230	9.355700	9.368590	9.338060
Hungarian Forint	NA	NA	NA	NA	NA	NA	NA	NA	NA	NA	NA
Icelandic Krona	97.236900	97.403500	97.579900	97.615300	98.242400	98.148000	97.874200	97.686400	97.667200	97.658700	97.549900
Indian Rupee	53.261000	53.391800	53.170200	53.293800	53.029900	53.041000	53.033100	52.977700	52.984100	53.118000	53.125900
Indonesian Rupiah	NA	NA	NA	NA	NA	NA	NA	NA	NA	NA	NA
Iranian Rial	2,366.280000	2,372.040000	2,365.240000	2,377.470000	2,366.890000	2,353.980000	NA	2,353.520000	2,348.680000	2,348.680000	2,356.100000
Israeli New Sheqel	NA	NA	NA	NA	NA	NA	NA	NA	NA	NA	NA
Kazakhstani Tenge	NA	NA	NA	NA	NA	NA	NA	NA	NA	NA	NA
Korean Won	2,219.910000	2,119.740000	2,086.310000	2,109.760000	NA	2,198.430000	2,160.140000	2,124.070000	2,120.030000	2,101.730000	2,068.140000
Kuwaiti Dinar	0.412377	0.411492	0.411553	0.411725	NA	0.410245	0.410392	0.409415	0.409671	NA	0.410428
Libyan Dinar	0.525000	0.525000	0.525000	0.525000	0.525000	0.525000	0.525000	0.525000	0.525000	0.525000	0.525000
Malaysian Ringgit	4.903130	4.845210	5.095650	5.167470	5.433280	5.450430	5.314050	5.195250	5.196490	5.155850	5.057050
Mauritian Rupee	NA	NA	NA	NA	NA	NA	NA	NA	NA	NA	NA
Mexican Peso	NA	NA	NA	NA	NA	NA	NA	NA	NA	NA	NA
Nepalese Rupee	85.136400	84.892400	85.579900	85.539900	85.159500	85.112600	85.143000	84.968000	85.021300	85.236200	85.270500
New Zealand Dollar	2.311730	2.291410	2.305450	2.314250	2.323890	2.328660	2.301540	2.294850	2.316110	2.308020	2.304990
Norwegian Krone	10.177800	10.227600	10.194700	10.173000	10.208400	10.226300	10.196300	10.200200	10.205900	10.216900	10.177300
Rial Omani	0.520428	0.518937	0.519013	0.518771	0.516464	0.516180	0.516364	0.515303	0.515626	0.516929	0.517137
Pakistani Rupee	59.771700	59.600400	59.609200	59.581400	59.316400	59.283700	59.304900	59.183000	59.220100	59.369800	59.393600
Nuevo Sol	NA	NA	NA	NA	NA	NA	NA	NA	NA	NA	NA
Philippine Peso	NA	NA	NA	NA	NA	NA	NA	NA	NA	NA	NA
Polish Zloty	NA	NA	NA	NA	NA	NA	NA	NA	NA	NA	NA
Qatar Riyal	4.926810	4.912690	4.913420	4.911120	4.889280	4.886590	4.888340	4.878290	4.881350	4.893690	4.895650
Russian Ruble	8.185410	8.167350	8.174630	8.182960	8.146570	8.142080	8.144990	8.121550	8.138710	8.155250	8.160540
Saudi Arabian Riyal	5.068930	5.054400	5.055150	5.052790	5.030320	5.027550	5.029350	5.019010	5.022160	5.034850	5.036880
Singapore Dollar	2.190670	2.169550	2.197540	2.217160	2.223010	2.223800	2.207140	2.180490	2.184540	2.183340	2.164710
South African Rand	6.677590	6.659800	6.656740	6.675220	6.691200	6.694230	6.680500	6.682860	6.687050	6.691850	6.685120
Sri Lanka Rupee	83.933500	83.692900	83.712100	83.767500	83.502400	83.496700	83.519800	83.348200	NA	83.668400	83.702000
Swedish Krona	10.775400	10.782900	10.773100	10.753200	10.826300	10.788800	10.747600	10.734900	10.729600	10.736500	10.737500
Swiss Franc	1.978300	1.982760	1.993980	1.986980	2.003670	1.999340	2.002470	2.001040	1.998670	1.997670	1.991620
Thai Baht	59.056800	58.291000	59.163500	60.103300	61.207400	60.604500	59.079100	57.860000	57.929800	56.114700	54.074100
Trinidad And Tobago Dollar	8.503350	8.471290	8.480230	8.474520	8.432940	8.427620	8.436140	8.409830	8.414020	8.438250	8.441910
Tunisian Dinar	NA	NA	NA	NA	NA	NA	NA	NA	NA	NA	NA
U.A.E. Dirham	4.970800	4.956550	4.957290	4.954970	4.932940	4.930220	4.931980	4.921850	4.924930	4.937380	4.939370
Peso Uruguayo	NA	NA	NA	NA	NA	NA	NA	NA	NA	NA	NA
Bolivar Fuerte	NA	NA	NA	NA	NA	NA	NA	NA	NA	NA	NA

Currency units per SDR for March 1998 Continued

Currency	March 17, 1998	March 18, 1998	March 19, 1998	March 20, 1998	March 23, 1998	March 24, 1998	March 25, 1998	March 26, 1998	March 27, 1998	March 30, 1998	March 31, 1998
Chinese Yuan	NA	NA	NA	NA	NA	NA	NA	NA	NA	NA	11.060200
Euro	NA	NA	NA	NA	NA	NA	NA	NA	NA	NA	NA
Japanese Yen	174.057000	174.958000	174.686000	175.638000	175.304000	174.866000	175.002000	173.524000	172.671000	174.741000	176.404000
U.K. Pound Sterling	0.805574	0.804139	0.805771	0.807647	0.801900	0.801588	0.802324	0.803506	0.800303	0.797406	0.795125
U.S. Dollar	1.345630	1.344280	1.343220	1.341260	1.342300	1.343060	1.343170	1.345150	1.347310	1.340040	1.335890
Algerian Dinar	NA	NA	NA	NA	NA	NA	NA	NA	NA	NA	NA
Australian Dollar	2.009300	2.020870	2.025670	2.023630	2.023970	2.005470	2.008030	2.006190	1.999870	2.004850	2.013700
Bahrain Dinar	0.505957	0.505449	0.505051	0.504314	0.504705	0.504991	0.505032	0.505776	0.506589	0.503855	0.502295
Botswana Pula	NA	NA	NA	NA	NA	NA	NA	NA	NA	NA	NA
Brazilian Real	1.524200	1.522670	1.522670	1.520450	1.521900	1.523160	1.523690	1.526750	1.529470	1.521750	1.517170
Brunei Dollar	NA	NA	NA	NA	NA	NA	NA	NA	NA	NA	NA
Canadian Dollar	1.906080	1.907000	1.904420	1.901910	1.908350	1.905940	1.893870	1.899490	1.906440	1.905940	1.892420
Chilean Peso	NA	NA	NA	NA	NA	NA	NA	NA	NA	NA	606.294000
Colombian Peso	1,828.250000	1,828.170000	1,827.530000	1,826.620000	NA	1,829.060000	1,832.620000	1,835.810000	1,839.970000	1,824.450000	1,814.180000
Czech Koruna	NA	NA	NA	NA	NA	NA	NA	NA	NA	NA	NA
Danish Krone	9.336650	9.323250	9.363590	9.372050	9.373280	9.363810	9.358540	9.377040	9.349660	9.357500	9.406670
Hungarian Forint	NA	NA	NA	NA	NA	NA	NA	NA	NA	NA	NA
Icelandic Krona	97.531300	97.393100	97.504300	97.388900	97.249600	97.197300	97.205200	97.254300	97.275800	97.246700	97.332900
Indian Rupee	53.206200	53.152800	53.110900	53.033400	53.034300	53.104600	53.082100	53.146900	53.218700	52.958400	52.767700
Indonesian Rupiah	NA	NA	NA	NA	NA	NA	NA	NA	NA	NA	NA
Iranian Rial	2,357.040000	2,358.220000	2,355.850000	2,355.150000	NA	NA	2,353.710000	2,353.910000	2,353.910000	2,361.160000	2,348.420000
Israeli New Sheqel	NA	NA	NA	NA	NA	NA	NA	NA	NA	NA	NA
Kazakhstani Tenge	NA	NA	NA	NA	NA	NA	NA	NA	NA	NA	NA
Korean Won	1,981.310000	1,956.470000	1,990.110000	1,997.940000	1,955.730000	1,883.370000	1,880.980000	1,856.170000	1,869.930000	1,850.190000	1,841.930000
Kuwaiti Dinar	0.410632	0.410409	0.410273	NA	0.410140	0.410050	0.410218	0.410620	NA	0.409061	0.408542
Libyan Dinar	0.525000	0.525000	0.525000	0.525000	0.525000	0.525000	0.525000	0.525000	0.525000	0.525000	0.525000
Malaysian Ringgit	5.096570	4.967110	4.936330	4.922420	4.845700	4.821590	4.848840	4.862720	4.843580	4.797340	4.866650
Mauritian Rupee	NA	NA	NA	NA	NA	NA	NA	NA	NA	NA	NA
Mexican Peso	NA	NA	NA	NA	NA	NA	NA	NA	NA	NA	11.380400
Nepalese Rupee	85.312900	85.227400	85.160100	85.035900	85.101800	85.150000	85.157000	85.282500	85.419500	84.958500	84.695400
New Zealand Dollar	2.308110	2.358390	2.383710	2.382340	2.388430	2.385540	2.389980	2.395640	2.395220	2.405820	2.409180
Norwegian Krone	10.210000	10.228000	10.198400	10.195600	10.185400	10.130700	10.164400	10.167300	10.114900	10.102600	10.177500
Rial Omani	0.517395	0.516876	0.516468	0.515714	0.516114	0.516407	0.516449	0.517210	0.518041	0.515245	0.513650
Pakistani Rupee	59.423200	59.363600	59.316800	59.230200	59.276200	59.457700	59.462500	59.550200	59.645800	59.324000	59.140300
Nuevo Sol	NA	NA	NA	NA	NA	NA	NA	NA	NA	NA	NA
Philippine Peso	NA	NA	NA	NA	NA	NA	NA	NA	NA	NA	50.429800
Polish Zloty	NA	NA	NA	NA	NA	NA	NA	NA	NA	NA	4.610160
Qatar Riyal	4.898090	4.893180	4.889320	4.882190	4.885970	4.888740	4.889140	4.896350	4.904210	4.877750	4.862640
Russian Ruble	8.166630	8.159780	8.171880	8.156870	8.171920	8.165800	8.175880	8.191960	8.209030	8.160310	8.134230
Saudi Arabian Riyal	5.039380	5.034330	5.030360	5.023020	5.026910	5.029760	5.030170	5.037590	5.045680	5.018450	5.002910
Singapore Dollar	2.162430	2.159990	2.157210	2.158090	2.151040	2.159640	2.155120	2.152910	2.148020	2.129990	2.145440
South African Rand	6.687110	6.688470	6.684530	6.682830	6.686670	6.685080	6.680260	6.690100	6.703540	6.720970	6.725540
Sri Lanka Rupee	83.770600	83.767200	83.748200	83.716500	83.831700	83.869100	83.943200	84.040000	84.174900	83.861400	83.762000
Swedish Krona	10.680300	10.694400	10.672600	10.697200	10.693400	10.646400	10.658100	10.680500	10.610700	10.566200	NA
Swiss Franc	1.992880	1.993430	2.004080	2.005320	2.008750	2.001560	2.009380	2.009390	2.005200	2.021990	2.032020
Thai Baht	53.962500	54.865400	54.353400	52.973100	52.224900	51.882400	51.857100	51.922800	51.758300	51.244500	51.837900
Trinidad And Tobago Dollar	8.448130	8.441810	8.434750	8.424450	8.434610	8.424340	8.434840	8.441760	8.458680	NA	8.396070
Tunisian Dinar	NA	NA	NA	NA	NA	NA	NA	NA	NA	NA	NA
U.A.E. Dirham	4.941830	4.936870	4.932980	4.925780	4.929600	4.932390	4.932790	4.940060	4.948000	4.921300	4.906060
Peso Uruguayo	NA	NA	NA	NA	NA	NA	NA	NA	NA	NA	NA
Bolivar Fuerte	NA	NA	NA	NA	NA	NA	NA	NA	NA	NA	NA

Notes:


The value of the U.S. dollar in terms of the SDR is the reciprocal of the sum of the dollar values, based on market exchange rates, of specified quantities of the SDR basket currencies. See SDR Valuation.

These rates are the official rates used by the Fund to conduct operations with member countries. The rates are derived from the currency's representative exchange rate, as reported by the central bank, normally against the U.S. dollar at spot market rates and rounded to six significant digits. See Representative Exchange Rates for Selected Currencies.

The value in terms of each national currency of the SDR (shown above) is the reciprocal of the value in terms of the SDR of each national currency, rounded to six significant digits.

Exchange rates are published daily except on IMF holidays or whenever the IMF is closed for business.
