Currency units per SDR for October 1998
Currency	October 01, 1998	October 02, 1998	October 05, 1998	October 06, 1998	October 07, 1998	October 08, 1998	October 09, 1998	October 12, 1998	October 13, 1998	October 14, 1998	October 15, 1998
Chinese Yuan	NA	NA	NA	NA	NA	NA	NA	NA	NA	NA	NA
Euro	NA	NA	NA	NA	NA	NA	NA	NA	NA	NA	NA
Japanese Yen	188.685000	187.798000	186.578000	185.143000	183.324000	173.120000	164.163000	162.539000	167.191000	168.251000	167.263000
U.K. Pound Sterling	0.808070	0.811690	0.815699	0.822425	0.830518	0.832389	0.828814	0.832846	0.827555	0.828613	0.828717
U.S. Dollar	1.379780	1.385960	1.381550	1.383730	1.405320	1.428380	1.415200	1.407260	1.407920	1.409140	1.410310
Algerian Dinar	NA	NA	NA	NA	NA	NA	NA	NA	NA	NA	NA
Australian Dollar	2.321690	2.341150	NA	2.370210	2.345720	2.324460	2.290710	2.246580	2.259900	2.241710	2.219910
Bahrain Dinar	0.518797	0.521121	0.519463	0.520282	0.528400	0.537071	0.532115	0.529130	0.529378	0.529837	0.530277
Botswana Pula	0.302103	NA	0.302145	0.303175	0.315143	0.326385	0.319128	NA	NA	0.318607	0.324230
Brazilian Real	1.634760	1.635290	1.634240	1.640000	1.664040	1.688770	1.675310	NA	1.669650	1.672510	1.675450
Brunei Dollar	2.316790	2.331180	2.318930	2.308750	2.341260	2.338260	2.311020	2.293130	NA	2.277870	2.260730
Canadian Dollar	2.119340	2.149350	2.152180	2.147130	2.148450	2.203700	2.188610	NA	2.179460	2.177830	2.180340
Chilean Peso	NA	NA	NA	NA	NA	NA	NA	NA	NA	NA	NA
Colombian Peso	2,147.660000	2,180.420000	2,181.410000	2,194.100000	2,232.550000	2,266.170000	2,246.570000	2,238.440000	2,239.490000	2,243.510000	2,243.820000
Czech Koruna	NA	NA	NA	NA	NA	NA	NA	NA	NA	NA	NA
Danish Krone	8.675500	8.612220	8.627780	8.615930	8.662390	8.665550	8.775230	8.815500	8.761630	8.775140	8.776500
Hungarian Forint	NA	NA	NA	NA	NA	NA	NA	NA	NA	NA	NA
Icelandic Krona	94.928900	94.938300	95.078300	95.186800	95.575800	95.958600	96.332700	96.552100	96.217300	96.596500	96.648500
Indian Rupee	58.626900	58.889400	58.633000	58.670200	59.655800	60.520500	59.947900	59.611500	59.625400	59.663000	59.642000
Indonesian Rupiah	NA	NA	NA	NA	NA	NA	NA	NA	NA	NA	NA
Iranian Rial	2,403.240000	2,403.240000	2,428.890000	2,421.170000	2,424.990000	2,462.820000	2,462.820000	2,480.140000	NA	NA	2,469.520000
Israeli New Sheqel	NA	NA	NA	NA	NA	NA	NA	NA	NA	NA	NA
Kazakhstani Tenge	NA	NA	NA	NA	NA	NA	NA	NA	NA	NA	NA
Korean Won	1,911.550000	1,924.540000	NA	NA	1,948.480000	1,973.590000	1,926.090000	1,881.930000	1,855.080000	1,887.260000	1,905.050000
Kuwaiti Dinar	0.418832	NA	0.418458	0.419118	0.425250	0.429928	NA	0.423135	0.424234	0.424208	0.424376
Libyan Dinar	0.525000	0.525000	0.525000	0.525000	0.525000	0.525000	0.525000	0.525000	0.525000	0.525000	0.525000
Malaysian Ringgit	5.243160	NA	5.249890	5.258170	5.340220	5.427840	5.377760	5.347590	5.350100	5.354730	5.359180
Mauritian Rupee	NA	NA	NA	NA	NA	NA	NA	NA	NA	NA	NA
Mexican Peso	NA	NA	NA	NA	NA	NA	NA	NA	NA	NA	NA
Nepalese Rupee	94.273500	94.695700	94.394400	94.543400	96.018500	97.594100	96.693500	96.151000	96.196100	95.715800	95.795300
New Zealand Dollar	2.756800	2.755390	2.752090	2.792590	2.839030	2.762820	2.677770	2.647710	2.609680	2.609520	2.618960
Norwegian Krone	10.223500	10.254000	10.370600	10.240300	10.397100	10.402900	10.482400	10.565000	10.526300	10.684800	10.756000
Rial Omani	0.530525	0.532902	0.531206	0.532044	0.540346	0.549212	0.544144	0.541091	0.541345	0.541814	0.542264
Pakistani Rupee	63.628600	63.913500	63.710200	63.810700	64.806300	65.869700	65.261900	64.895800	64.926200	64.982500	65.036400
Nuevo Sol	NA	NA	NA	NA	NA	NA	NA	NA	NA	NA	NA
Philippine Peso	NA	NA	NA	NA	NA	NA	NA	NA	NA	NA	NA
Polish Zloty	NA	NA	NA	NA	NA	NA	NA	NA	NA	NA	NA
Qatar Riyal	5.022400	5.044890	5.028840	5.036780	5.115360	5.199300	5.151330	5.122430	5.124830	5.129270	5.133530
Russian Ruble	22.021300	22.168000	21.821600	21.805800	22.492100	22.577500	22.435400	NA	22.899800	18.320400	19.118200
Saudi Arabian Riyal	5.167280	5.190420	5.173900	5.182070	5.262920	5.349280	5.299920	5.270190	5.272660	5.277230	5.281610
Singapore Dollar	2.338040	2.337420	2.329980	2.321210	2.354610	2.347540	2.325880	2.298060	2.300540	2.288440	2.273420
South African Rand	8.322140	8.442580	8.353540	8.297540	8.265390	8.272460	8.245660	8.124820	8.172270	8.104670	7.991520
Sri Lanka Rupee	91.392500	91.756800	NA	91.571100	92.950700	94.415200	93.512200	92.977000	93.179000	93.287900	93.365300
Swedish Krona	10.842300	10.902700	11.132500	11.025600	11.120300	11.042100	11.215500	11.170100	11.052900	11.181500	11.213400
Swiss Franc	1.879950	1.866610	1.868750	1.864920	1.856850	1.832330	1.864810	1.880100	1.876190	1.871480	1.880650
Thai Baht	54.461300	54.886800	54.325300	53.802200	54.584000	55.088300	54.522000	53.855800	53.868400	53.751600	53.598800
Trinidad And Tobago Dollar	8.669850	8.697310	8.673370	8.689690	8.822880	8.975510	8.895380	8.835480	8.835680	8.846580	8.864220
Tunisian Dinar	NA	NA	NA	NA	NA	NA	NA	NA	NA	NA	NA
U.A.E. Dirham	5.067240	5.089940	5.073740	5.081750	5.161040	5.245730	5.197320	5.168160	5.170590	5.175070	5.179360
Peso Uruguayo	NA	NA	NA	NA	NA	NA	NA	NA	NA	NA	NA
Bolivar Fuerte	NA	NA	NA	NA	NA	NA	NA	NA	NA	NA	NA

Currency units per SDR for October 1998 Continued

Currency	October 16, 1998	October 19, 1998	October 20, 1998	October 21, 1998	October 22, 1998	October 23, 1998	October 26, 1998	October 27, 1998	October 28, 1998	October 29, 1998	October 30, 1998
Chinese Yuan	NA	NA	11.711800	NA	NA	NA	NA	NA	11.652100	NA	NA
Euro	NA	NA	NA	NA	NA	NA	NA	NA	NA	NA	1.189500
Japanese Yen	165.719000	162.502000	162.708000	164.706000	165.953000	165.726000	166.500000	166.788000	166.387000	165.986000	163.932000
U.K. Pound Sterling	0.836830	0.835099	0.829483	0.831196	0.831598	0.831645	0.835202	0.839714	0.840149	0.839663	0.839653
U.S. Dollar	1.425540	1.422340	1.414850	1.415610	1.406980	1.408640	1.405060	1.398880	1.407670	1.409290	1.408350
Algerian Dinar	NA	NA	NA	NA	NA	NA	NA	NA	NA	NA	NA
Australian Dollar	2.234740	2.239550	2.235860	2.241660	2.255140	2.253100	2.272090	2.271280	2.286660	2.278930	2.248680
Bahrain Dinar	0.536003	0.534800	0.531984	0.532269	0.529024	0.529649	0.528303	0.525979	0.529284	0.529893	0.529540
Botswana Pula	0.326449	0.327707	0.324425	0.321697	0.320299	0.320536	0.318808	0.317406	0.319470	0.322023	0.322652
Brazilian Real	1.693260	1.689460	1.682400	1.682880	1.673040	1.675860	1.672440	1.665370	1.677100	1.679310	1.677910
Brunei Dollar	2.279440	2.287120	2.279320	2.277010	2.263830	2.269320	2.262150	2.264370	2.271980	2.273180	NA
Canadian Dollar	2.199610	2.203200	2.176750	2.199860	2.171390	2.175790	2.170820	2.154970	2.170770	2.183690	2.172380
Chilean Peso	NA	NA	NA	NA	NA	NA	NA	653.962000	656.946000	657.547000	657.207000
Colombian Peso	2,272.580000	2,270.350000	2,261.180000	2,263.010000	2,248.060000	2,252.630000	2,245.240000	2,225.110000	2,219.020000	2,223.720000	2,221.240000
Czech Koruna	NA	NA	NA	NA	NA	NA	NA	NA	NA	NA	NA
Danish Krone	8.746830	8.747820	8.792160	8.830580	8.839910	8.779070	8.838110	8.827630	8.825250	8.829480	8.853450
Hungarian Forint	NA	NA	NA	NA	NA	NA	NA	NA	NA	NA	NA
Icelandic Krona	96.494800	96.249700	96.209800	96.473800	96.378100	96.351000	96.907000	97.110200	97.241800	97.311500	97.345200
Indian Rupee	60.300300	60.165000	59.848200	59.880300	59.515300	59.571400	59.391900	59.116700	59.502200	59.598900	59.671800
Indonesian Rupiah	NA	NA	NA	NA	NA	NA	NA	NA	NA	NA	NA
Iranian Rial	2,469.520000	2,498.260000	2,492.650000	2,479.520000	2,480.860000	NA	NA	2,467.510000	2,451.540000	2,466.940000	2,466.940000
Israeli New Sheqel	NA	NA	NA	NA	NA	NA	NA	NA	NA	NA	NA
Kazakhstani Tenge	NA	NA	NA	NA	NA	NA	NA	NA	NA	NA	NA
Korean Won	1,905.380000	1,881.610000	1,863.360000	1,879.360000	1,869.170000	1,864.760000	1,852.150000	1,837.150000	1,853.760000	1,861.670000	1,852.120000
Kuwaiti Dinar	NA	0.426915	0.425318	0.425787	0.424022	NA	0.423541	0.422322	0.424483	0.424816	NA
Libyan Dinar	0.525000	0.525000	0.525000	0.525000	0.525000	0.525000	0.525000	0.525000	0.525000	0.525000	0.525000
Malaysian Ringgit	5.417050	5.404890	5.376430	5.379320	5.346520	5.352830	5.339230	5.315740	5.349150	5.355300	5.351730
Mauritian Rupee	NA	NA	NA	NA	NA	NA	NA	NA	NA	NA	NA
Mexican Peso	NA	NA	NA	NA	NA	NA	NA	NA	NA	NA	NA
Nepalese Rupee	96.829800	96.612400	96.103700	96.155300	95.569100	95.681900	95.438700	95.018900	95.616000	95.726000	95.662200
New Zealand Dollar	2.644790	2.650650	2.661490	2.676010	2.687640	2.708920	NA	2.690150	2.686390	2.689480	2.664810
Norwegian Krone	10.774900	10.511800	10.571100	10.479100	10.430600	10.380300	10.336300	10.283900	10.403400	10.370300	10.364000
Rial Omani	0.548120	0.546890	0.544010	0.544302	0.540984	0.541622	0.540246	0.537869	0.541249	0.541872	0.541511
Pakistani Rupee	65.738800	65.591200	65.245800	65.280900	64.882900	64.959400	64.794300	64.509400	64.914700	64.989400	64.946100
Nuevo Sol	NA	NA	NA	NA	NA	NA	NA	NA	NA	NA	NA
Philippine Peso	NA	NA	NA	NA	NA	NA	NA	NA	NA	NA	NA
Polish Zloty	NA	NA	NA	NA	NA	NA	NA	NA	NA	NA	NA
Qatar Riyal	5.188970	5.177320	5.150050	5.152820	5.121410	5.127450	5.114420	5.091920	5.123920	5.129820	5.126390
Russian Ruble	22.116500	24.304500	23.955100	23.819500	23.582500	23.505300	23.450200	23.306600	22.993700	22.631600	NA
Saudi Arabian Riyal	5.338650	5.326660	5.298610	5.301460	5.269140	5.275360	5.261950	5.238810	5.271720	5.277790	5.274270
Singapore Dollar	2.301530	NA	2.297010	2.295840	2.279730	2.289040	2.286030	2.284370	2.287890	2.287280	2.284340
South African Rand	8.141970	8.059690	8.052620	8.125600	8.028930	8.077850	8.067150	8.010690	8.089180	8.013930	NA
Sri Lanka Rupee	94.334400	NA	93.701300	93.847200	93.408700	93.533000	93.372600	93.126200	93.679700	93.787500	93.700300
Swedish Krona	11.199000	11.030200	11.071900	11.016300	10.973700	10.936000	10.867400	10.811200	11.022800	10.972700	11.017500
Swiss Franc	1.864460	1.872510	1.883730	1.903710	1.898650	1.890680	1.893600	1.902900	1.881910	1.886620	1.895500
Thai Baht	54.039400	54.041800	53.564800	53.559600	53.202100	NA	52.859800	52.381100	52.211900	51.761800	51.786400
Trinidad And Tobago Dollar	8.961940	NA	8.885260	8.894420	8.836820	8.847390	8.834460	8.780210	8.841430	8.865140	8.860210
Tunisian Dinar	NA	NA	NA	NA	NA	NA	NA	NA	NA	NA	NA
U.A.E. Dirham	5.235300	5.223540	5.196040	5.198830	5.167130	5.173230	5.160080	5.137390	5.169670	5.175620	5.172170
Peso Uruguayo	NA	NA	NA	NA	NA	NA	NA	NA	NA	NA	NA
Bolivar Fuerte	NA	NA	NA	NA	NA	NA	NA	NA	NA	NA	NA

Notes:


The value of the U.S. dollar in terms of the SDR is the reciprocal of the sum of the dollar values, based on market exchange rates, of specified quantities of the SDR basket currencies. See SDR Valuation.

These rates are the official rates used by the Fund to conduct operations with member countries. The rates are derived from the currency's representative exchange rate, as reported by the central bank, normally against the U.S. dollar at spot market rates and rounded to six significant digits. See Representative Exchange Rates for Selected Currencies.

The value in terms of each national currency of the SDR (shown above) is the reciprocal of the value in terms of the SDR of each national currency, rounded to six significant digits.

Exchange rates are published daily except on IMF holidays or whenever the IMF is closed for business.
