Currency units per SDR for February 1998
Currency	February 02, 1998	February 03, 1998	February 04, 1998	February 05, 1998	February 06, 1998	February 09, 1998	February 10, 1998	February 11, 1998	February 12, 1998	February 13, 1998	February 16, 1998
Chinese Yuan	NA	NA	NA	NA	NA	NA	NA	NA	NA	NA	NA
Euro	NA	NA	NA	NA	NA	NA	NA	NA	NA	NA	NA
Japanese Yen	170.246000	170.244000	169.739000	168.882000	168.436000	168.832000	167.611000	NA	166.818000	167.943000	170.005000
U.K. Pound Sterling	0.824097	0.823415	0.820348	0.822437	0.823380	0.826553	0.833204	0.829085	0.827331	0.824060	0.822211
U.S. Dollar	1.343690	1.349000	1.352180	1.360310	1.357260	1.352820	1.352790	1.349750	1.354920	1.349480	1.348180
Algerian Dinar	NA	NA	NA	NA	NA	NA	NA	NA	NA	NA	NA
Australian Dollar	1.968780	1.971070	1.987920	2.005170	2.009860	2.014320	2.005920	1.978240	1.999000	2.005170	2.022470
Bahrain Dinar	0.505227	0.507224	0.508420	0.511477	0.510330	0.508660	0.508649	0.507506	0.509450	0.507404	0.506916
Botswana Pula	NA	NA	NA	NA	NA	NA	NA	NA	NA	NA	NA
Brazilian Real	1.508830	1.514660	1.519310	1.528580	1.525150	1.521380	1.521480	1.519280	1.525230	1.519510	1.519130
Brunei Dollar	NA	NA	NA	NA	NA	NA	NA	NA	NA	NA	NA
Canadian Dollar	1.951840	1.957260	1.956740	1.957620	1.938850	1.941970	1.933140	1.938920	1.948780	1.947300	1.948790
Chilean Peso	NA	NA	NA	NA	NA	NA	NA	NA	NA	NA	NA
Colombian Peso	1,803.230000	1,812.920000	1,818.700000	1,830.240000	1,826.990000	1,821.460000	1,823.180000	1,819.770000	1,827.600000	1,820.910000	1,819.420000
Czech Koruna	NA	NA	NA	NA	NA	NA	NA	NA	NA	NA	NA
Danish Krone	9.390380	9.329680	9.365870	9.314720	9.276190	9.330400	9.338990	9.341620	9.378760	9.356620	9.353000
Hungarian Forint	NA	NA	NA	NA	NA	NA	NA	NA	NA	NA	NA
Icelandic Krona	98.600000	98.328600	98.384600	97.969500	98.224900	98.458200	97.901400	97.681400	97.852300	97.648400	97.163300
Indian Rupee	52.094900	52.368200	52.248200	52.712000	52.593800	52.394700	52.407100	52.356800	52.570900	52.359800	52.349800
Indonesian Rupiah	NA	NA	NA	NA	NA	NA	NA	NA	NA	NA	NA
Iranian Rial	2,357.740000	2,354.820000	2,364.120000	2,369.700000	2,369.700000	2,378.600000	2,370.820000	2,370.820000	2,365.440000	2,365.440000	NA
Israeli New Sheqel	NA	NA	NA	NA	NA	NA	NA	NA	NA	NA	NA
Kazakhstani Tenge	NA	NA	NA	NA	NA	NA	NA	NA	NA	NA	NA
Korean Won	2,113.490000	2,095.130000	2,118.730000	2,176.500000	2,180.030000	2,130.150000	2,101.290000	2,150.020000	2,171.800000	2,193.980000	2,186.070000
Kuwaiti Dinar	0.410296	0.411405	0.412374	0.414051	NA	0.412258	0.412439	0.411512	0.413088	NA	0.411195
Libyan Dinar	0.525000	0.525000	0.525000	0.525000	0.525000	0.525000	0.525000	0.525000	0.525000	0.525000	0.525000
Malaysian Ringgit	NA	5.537650	5.374920	5.448040	5.293310	5.188060	5.045910	4.670140	4.999650	5.350690	5.318570
Mauritian Rupee	NA	NA	NA	NA	NA	NA	NA	NA	NA	NA	NA
Mexican Peso	NA	NA	NA	NA	NA	NA	NA	NA	NA	NA	NA
Nepalese Rupee	83.711900	84.042700	84.240800	84.747300	84.557300	84.280700	84.278800	84.089400	84.411500	84.072600	83.991600
New Zealand Dollar	2.281310	2.292270	2.307470	2.313450	NA	2.320450	2.310490	2.287710	2.312150	2.318690	2.326450
Norwegian Krone	10.196600	10.158000	10.194800	10.188000	10.120400	10.223900	10.216900	10.184500	10.233000	10.192600	10.232000
Rial Omani	0.516649	0.518691	0.519913	0.523039	0.521866	0.520159	0.520148	0.518979	0.520967	0.518875	0.518375
Pakistani Rupee	59.337600	59.572100	59.712500	60.071600	59.936900	59.740800	59.739500	59.605200	59.833500	59.593300	59.535900
Nuevo Sol	NA	NA	NA	NA	NA	NA	NA	NA	NA	NA	NA
Philippine Peso	NA	NA	NA	NA	NA	NA	NA	NA	NA	NA	NA
Polish Zloty	NA	NA	NA	NA	NA	NA	NA	NA	NA	NA	NA
Qatar Riyal	4.891030	4.910360	4.921940	4.951530	4.940430	4.924260	4.924160	4.913090	4.931910	4.912110	4.907380
Russian Ruble	8.115220	8.135820	8.188800	8.244160	8.225670	8.168330	8.165440	8.147090	8.199980	8.167050	NA
Saudi Arabian Riyal	5.032120	5.052010	5.063910	5.094360	5.082940	5.066310	5.066200	5.054810	5.074180	5.053800	5.048930
Singapore Dollar	2.317870	2.303420	2.273150	2.288040	2.259840	2.244330	2.224660	2.185920	2.221800	2.251610	2.269660
South African Rand	6.630440	6.656640	6.653400	6.677080	6.648540	6.645730	6.668580	6.654940	6.684500	6.665760	6.662030
Sri Lanka Rupee	82.865400	83.192800	NA	83.890300	83.698800	83.513000	NA	83.320100	83.639200	83.350600	83.327600
Swedish Krona	10.922200	10.887100	10.907400	10.951900	10.882500	10.955100	11.000900	10.943800	10.995200	10.923400	10.951300
Swiss Franc	1.988660	1.987080	1.974860	1.969320	1.967350	1.974980	1.977510	1.982380	1.971410	1.975500	1.971440
Thai Baht	69.878600	65.804200	65.083100	66.837500	65.696800	64.663400	62.872300	NA	60.732900	63.005900	64.300100
Trinidad And Tobago Dollar	8.460010	8.480890	8.498720	8.548600	8.541920	8.518030	8.512300	8.467120	8.516620	8.481480	8.470610
Tunisian Dinar	NA	NA	NA	NA	NA	NA	NA	NA	NA	NA	NA
U.A.E. Dirham	4.934700	4.954200	4.965880	4.995740	4.984540	4.968230	4.968120	4.956960	4.975940	4.955970	4.951190
Peso Uruguayo	NA	NA	NA	NA	NA	NA	NA	NA	NA	NA	NA
Bolivar Fuerte	NA	NA	NA	NA	NA	NA	NA	NA	NA	NA	NA

Currency units per SDR for February 1998 Continued

Currency	February 17, 1998	February 18, 1998	February 19, 1998	February 20, 1998	February 23, 1998	February 24, 1998	February 25, 1998	February 26, 1998	February 27, 1998
Chinese Yuan	11.172500	NA	NA	NA	NA	NA	NA	NA	11.178400
Euro	NA	NA	NA	NA	NA	NA	NA	NA	NA
Japanese Yen	169.548000	170.293000	170.295000	170.272000	172.917000	172.939000	172.003000	173.102000	171.817000
U.K. Pound Sterling	0.823289	0.822173	0.823671	0.822600	0.821722	0.820188	0.819358	0.819922	0.821108
U.S. Dollar	1.349370	1.346720	1.348020	1.346020	1.344090	1.350030	1.350630	1.345000	1.350230
Algerian Dinar	NA	NA	NA	NA	NA	NA	NA	NA	NA
Australian Dollar	2.031880	2.007930	2.003890	1.993810	2.019370	2.028900	2.036230	2.010460	2.001820
Bahrain Dinar	0.507363	0.506367	0.506856	0.506104	0.505378	0.507611	0.507837	0.505720	0.507686
Botswana Pula	NA	NA	NA	NA	NA	NA	NA	NA	NA
Brazilian Real	1.520200	1.518560	1.520300	1.518850	NA	NA	1.524460	1.518370	1.524410
Brunei Dollar	NA	NA	NA	NA	NA	NA	NA	NA	NA
Canadian Dollar	1.943360	1.932270	1.918230	1.911750	1.914520	1.920010	1.922760	1.911780	1.922050
Chilean Peso	NA	NA	NA	NA	NA	NA	NA	NA	606.861000
Colombian Peso	1,822.960000	1,818.380000	1,819.760000	1,817.260000	1,811.750000	1,810.280000	1,802.710000	1,803.310000	1,815.050000
Czech Koruna	NA	NA	NA	NA	NA	NA	NA	NA	NA
Danish Krone	9.345060	9.360380	9.334360	9.324550	9.316560	9.280780	9.276800	9.332960	9.310510
Hungarian Forint	NA	NA	NA	NA	NA	NA	NA	NA	NA
Icelandic Krona	97.100700	97.112000	96.976600	97.007700	97.271800	97.283200	97.231900	97.216600	97.176100
Indian Rupee	52.463500	52.333500	52.397500	52.373600	52.648000	53.042700	53.066300	52.818200	53.064000
Indonesian Rupiah	NA	NA	NA	NA	NA	NA	NA	NA	NA
Iranian Rial	2,364.960000	2,364.770000	2,360.130000	2,360.130000	NA	NA	2,365.930000	2,366.980000	2,366.980000
Israeli New Sheqel	NA	NA	NA	NA	NA	NA	NA	NA	NA
Kazakhstani Tenge	NA	NA	NA	NA	NA	NA	NA	NA	NA
Korean Won	2,212.160000	2,299.260000	2,297.570000	2,283.250000	2,211.300000	2,235.920000	2,239.750000	2,208.760000	2,231.390000
Kuwaiti Dinar	0.411571	0.411248	0.411321	NA	0.410646	0.411692	NA	NA	NA
Libyan Dinar	0.525000	0.525000	0.525000	0.525000	0.525000	0.525000	0.525000	0.525000	0.525000
Malaysian Ringgit	5.195070	5.191610	5.019620	5.114880	5.174750	5.177370	5.040550	5.023580	4.962100
Mauritian Rupee	NA	NA	NA	NA	NA	NA	NA	NA	NA
Mexican Peso	NA	NA	NA	NA	NA	NA	NA	NA	11.510000
Nepalese Rupee	84.065800	83.900700	83.981600	83.857000	83.736800	84.106900	84.144200	84.600500	84.929500
New Zealand Dollar	2.338600	2.329970	2.322170	2.306800	2.335520	2.351970	2.350970	2.333040	2.332000
Norwegian Krone	10.221500	10.244500	10.216600	10.182600	10.233900	10.170500	10.148600	10.218000	10.199000
Rial Omani	0.518833	0.517814	0.518314	0.517545	0.516803	0.519087	0.519317	0.517153	0.519163
Pakistani Rupee	59.588400	59.471400	59.528800	59.440500	59.355300	59.617600	59.644100	59.395500	59.626400
Nuevo Sol	NA	NA	NA	NA	NA	NA	NA	NA	NA
Philippine Peso	NA	NA	NA	NA	NA	NA	NA	NA	53.469100
Polish Zloty	NA	NA	NA	NA	NA	NA	NA	NA	4.699480
Qatar Riyal	4.911710	4.902060	4.906790	4.899510	4.892490	4.914110	4.916290	4.895800	4.914840
Russian Ruble	8.158290	8.161120	8.174390	8.138040	8.135780	8.174430	8.182120	8.145320	8.162140
Saudi Arabian Riyal	5.053390	5.043470	5.048330	5.040840	5.033620	5.055860	5.058110	5.037030	5.056610
Singapore Dollar	2.253850	2.237580	2.187840	2.204780	2.231190	2.231600	2.206250	2.185630	2.186020
South African Rand	6.661170	6.662900	6.661240	6.660780	6.657950	6.665770	6.674140	6.659770	6.668110
Sri Lanka Rupee	83.401200	83.298000	83.371700	83.291700	83.263000	83.627600	83.663200	83.425400	83.732900
Swedish Krona	10.952200	10.935400	10.897400	10.836800	10.870300	10.851500	10.797600	10.834600	10.815300
Swiss Franc	1.974400	1.985200	1.977140	1.975550	1.973800	1.961190	1.971380	1.980650	1.982000
Thai Baht	62.849600	61.489900	59.922200	60.352800	60.791800	59.530900	58.032500	57.817500	57.950500
Trinidad And Tobago Dollar	8.469860	8.454710	8.464760	8.444390	NA	NA	8.485330	8.450770	8.479580
Tunisian Dinar	NA	NA	NA	NA	NA	NA	NA	NA	NA
U.A.E. Dirham	4.955560	4.945830	4.950600	4.943260	4.936170	4.957990	4.960190	4.939510	4.958720
Peso Uruguayo	NA	NA	NA	NA	NA	NA	NA	NA	NA
Bolivar Fuerte	NA	NA	NA	NA	NA	NA	NA	NA	NA

Notes:


The value of the U.S. dollar in terms of the SDR is the reciprocal of the sum of the dollar values, based on market exchange rates, of specified quantities of the SDR basket currencies. See SDR Valuation.

These rates are the official rates used by the Fund to conduct operations with member countries. The rates are derived from the currency's representative exchange rate, as reported by the central bank, normally against the U.S. dollar at spot market rates and rounded to six significant digits. See Representative Exchange Rates for Selected Currencies.

The value in terms of each national currency of the SDR (shown above) is the reciprocal of the value in terms of the SDR of each national currency, rounded to six significant digits.

Exchange rates are published daily except on IMF holidays or whenever the IMF is closed for business.
