Currency units per SDR for January 1998
Currency	January 02, 1998	January 05, 1998	January 06, 1998	January 07, 1998	January 08, 1998	January 09, 1998	January 12, 1998	January 13, 1998	January 14, 1998	January 15, 1998	January 16, 1998
Chinese Yuan	NA	NA	NA	NA	NA	NA	NA	NA	NA	NA	NA
Euro	NA	NA	NA	NA	NA	NA	NA	NA	NA	NA	NA
Japanese Yen	NA	177.117000	178.128000	179.284000	176.717000	176.291000	176.456000	177.860000	175.211000	NA	174.541000
U.K. Pound Sterling	0.817947	0.814374	0.819583	0.823281	0.822009	0.825978	0.827836	0.819083	0.821968	0.819841	0.823011
U.S. Dollar	1.343150	1.338750	1.333790	1.334950	1.333710	1.338580	1.336790	1.338300	1.338000	1.339210	1.341590
Algerian Dinar	NA	NA	NA	NA	NA	NA	NA	NA	NA	NA	NA
Australian Dollar	2.064480	2.061840	2.102770	2.106930	2.095710	2.086640	2.083530	2.092400	2.058780	2.055890	2.043240
Bahrain Dinar	0.505024	0.503370	0.501505	0.501941	0.501475	0.503306	0.502633	0.503201	0.503088	0.503543	0.504438
Botswana Pula	NA	NA	NA	NA	NA	NA	NA	NA	NA	NA	NA
Brazilian Real	1.498420	1.493640	1.488110	1.489940	1.489350	1.495460	1.494000	1.496750	1.495750	1.497500	1.502310
Brunei Dollar	NA	NA	NA	NA	NA	NA	NA	NA	NA	NA	NA
Canadian Dollar	1.913990	1.910130	1.908790	1.909250	1.908810	1.909350	1.917360	1.921800	1.919360	1.924040	1.926930
Chilean Peso	NA	NA	NA	NA	NA	NA	NA	NA	NA	NA	NA
Colombian Peso	1,737.470000	1,746.170000	1,756.800000	1,760.230000	1,755.100000	1,758.310000	1,758.810000	1,760.800000	1,763.820000	1,765.790000	1,769.840000
Czech Koruna	NA	NA	NA	NA	NA	NA	NA	NA	NA	NA	NA
Danish Krone	9.223410	9.239380	9.259840	9.289250	9.303960	9.239550	9.233210	9.266390	9.299770	9.293450	9.342830
Hungarian Forint	NA	NA	NA	NA	NA	NA	NA	NA	NA	NA	NA
Icelandic Krona	NA	97.420800	97.300000	97.411300	97.387500	97.154100	97.184600	97.321200	97.567000	97.856100	98.003100
Indian Rupee	52.732100	52.720000	52.858100	52.824000	52.881600	53.155000	53.231000	53.384800	53.760800	53.930000	54.146600
Indonesian Rupiah	NA	NA	NA	NA	NA	NA	NA	NA	NA	NA	NA
Iranian Rial	NA	NA	2,346.160000	2,337.470000	2,339.500000	2,339.500000	NA	2,342.720000	2,345.370000	2,344.850000	2,344.850000
Israeli New Sheqel	NA	NA	NA	NA	NA	NA	NA	NA	NA	NA	NA
Kazakhstani Tenge	NA	NA	NA	NA	NA	NA	NA	NA	NA	NA	NA
Korean Won	NA	2,270.250000	2,289.180000	2,389.560000	2,348.660000	NA	2,413.310000	NA	2,349.130000	2,296.880000	2,142.790000
Kuwaiti Dinar	NA	0.408975	0.408313	0.408842	0.408315	NA	0.409258	0.409560	0.409468	0.409557	NA
Libyan Dinar	0.525000	0.525000	0.525000	0.525000	0.525000	0.525000	0.525000	0.525000	0.525000	0.525000	0.525000
Malaysian Ringgit	5.278580	5.368390	5.728630	6.307640	6.115060	6.190930	6.222760	6.196330	5.840370	5.664860	5.735300
Mauritian Rupee	NA	NA	NA	NA	NA	NA	NA	NA	NA	NA	NA
Mexican Peso	NA	NA	NA	NA	NA	NA	NA	NA	NA	NA	NA
Nepalese Rupee	85.021400	84.742900	84.428900	84.502300	84.423800	84.732100	84.618800	85.055700	85.036600	85.789800	86.465500
New Zealand Dollar	NA	2.321000	2.352360	2.373240	2.336560	2.354580	2.352260	2.361150	2.312480	2.317370	2.314680
Norwegian Krone	9.940650	9.879980	9.948070	10.022800	10.026800	9.935740	10.005900	10.043900	10.093900	10.060800	10.134400
Rial Omani	0.516441	0.514749	0.512842	0.513288	0.512811	0.514684	0.513996	0.514576	0.514461	0.514926	0.515841
Pakistani Rupee	59.313800	59.119500	58.900400	58.951700	58.896900	59.112000	59.032900	59.099600	59.086300	59.139800	59.244900
Nuevo Sol	NA	NA	NA	NA	NA	NA	NA	NA	NA	NA	NA
Philippine Peso	NA	NA	NA	NA	NA	NA	NA	NA	NA	NA	NA
Polish Zloty	NA	NA	NA	NA	NA	NA	NA	NA	NA	NA	NA
Qatar Riyal	4.889070	4.873050	4.855000	4.859220	4.854700	4.872430	4.865920	4.871410	4.870320	4.874720	4.883390
Russian Ruble	NA	7.978950	8.001410	NA	8.000930	8.030140	8.022080	8.049870	8.037370	8.062040	8.082410
Saudi Arabian Riyal	5.030100	5.013620	4.995040	4.999390	4.994740	5.012980	5.006280	5.011930	5.010810	5.015340	5.024250
Singapore Dollar	2.272610	2.283240	2.306790	2.378880	2.355330	2.363260	2.388840	2.391540	2.338160	2.334910	2.355160
South African Rand	6.553900	6.571250	6.590920	6.593990	6.590530	6.611920	6.657880	6.656040	6.618420	6.652530	6.665690
Sri Lanka Rupee	82.402300	82.192600	81.951400	82.069400	81.943100	82.282500	NA	82.295400	NA	82.314500	82.501100
Swedish Krona	10.682100	10.666500	NA	10.793100	10.762400	10.685200	10.716400	10.733200	10.756200	10.721700	10.773000
Swiss Franc	NA	1.973050	1.971740	1.972390	1.968560	1.972130	1.968290	1.977340	1.985730	1.985380	2.003130
Thai Baht	NA	67.261500	69.455800	70.868500	70.790700	72.018300	74.941800	74.888600	71.439800	70.747800	71.577900
Trinidad And Tobago Dollar	8.449490	8.411100	8.377530	8.386960	8.368230	8.403470	8.411220	8.415500	8.407060	8.418540	8.433230
Tunisian Dinar	NA	NA	NA	NA	NA	NA	NA	NA	NA	NA	NA
U.A.E. Dirham	4.932720	4.916560	4.898340	4.902600	4.898050	4.915940	4.909360	4.914910	4.913810	4.918250	4.926990
Peso Uruguayo	NA	NA	NA	NA	NA	NA	NA	NA	NA	NA	NA
Bolivar Fuerte	NA	NA	NA	NA	NA	NA	NA	NA	NA	NA	NA

Currency units per SDR for January 1998 Continued

Currency	January 19, 1998	January 20, 1998	January 21, 1998	January 22, 1998	January 23, 1998	January 26, 1998	January 27, 1998	January 28, 1998	January 29, 1998	January 30, 1998
Chinese Yuan	NA	NA	NA	NA	NA	NA	NA	NA	NA	11.137600
Euro	NA	NA	NA	NA	NA	NA	NA	NA	NA	NA
Japanese Yen	172.354000	173.183000	171.712000	171.458000	172.303000	170.434000	170.894000	169.571000	169.408000	170.726000
U.K. Pound Sterling	0.818641	0.820688	0.826047	0.821554	0.818850	0.815229	0.821353	0.826627	0.822725	0.821243
U.S. Dollar	1.338150	1.338870	1.341500	1.350060	1.354050	1.360210	1.356300	1.351700	1.352560	1.345360
Algerian Dinar	NA	NA	NA	NA	NA	NA	NA	NA	NA	NA
Australian Dollar	2.010140	2.017280	2.026130	2.055510	2.057830	NA	2.017400	1.992190	2.007060	2.010100
Bahrain Dinar	0.503144	0.503415	0.504404	0.507623	0.509123	0.511439	0.509969	0.508239	0.508563	0.505855
Botswana Pula	NA	NA	NA	NA	NA	NA	NA	NA	NA	NA
Brazilian Real	1.498330	1.498600	1.502080	1.511930	1.516270	1.524390	1.520140	1.516070	1.517440	1.509760
Brunei Dollar	NA	NA	NA	NA	NA	NA	NA	NA	NA	NA
Canadian Dollar	1.924530	1.926770	1.936860	1.958670	1.970820	1.972300	1.972330	1.969020	1.980010	1.959250
Chilean Peso	NA	NA	NA	NA	NA	NA	NA	NA	NA	612.139000
Colombian Peso	1,769.250000	1,774.100000	1,780.170000	1,797.580000	1,807.260000	1,812.860000	1,812.530000	1,807.630000	1,811.850000	1,805.270000
Czech Koruna	NA	NA	NA	NA	NA	NA	NA	NA	NA	NA
Danish Krone	9.387120	9.384140	9.357630	9.294490	9.254930	9.192300	9.228270	9.282800	9.316430	9.366400
Hungarian Forint	NA	NA	NA	NA	NA	NA	NA	NA	NA	NA
Icelandic Krona	98.153300	98.353400	98.479500	98.581400	98.222800	97.839900	98.277500	98.498400	98.791000	98.628300
Indian Rupee	52.870300	51.867800	52.264800	52.490300	52.293400	52.531300	52.176900	52.324300	52.641600	NA
Indonesian Rupiah	NA	NA	NA	NA	NA	NA	NA	NA	NA	NA
Iranian Rial	2,351.140000	2,351.140000	2,346.370000	2,350.980000	2,350.980000	2,372.970000	2,383.770000	2,376.920000	2,376.920000	2,376.920000
Israeli New Sheqel	NA	NA	NA	NA	NA	NA	NA	NA	NA	NA
Kazakhstani Tenge	NA	NA	NA	NA	NA	NA	NA	NA	NA	NA
Korean Won	2,170.350000	2,116.890000	2,196.300000	2,314.540000	2,365.250000	2,380.230000	NA	NA	NA	2,272.040000
Kuwaiti Dinar	0.409233	0.409453	0.410123	0.411701	NA	0.413341	0.412776	0.411795	NA	NA
Libyan Dinar	0.525000	0.525000	0.525000	0.525000	0.525000	0.525000	0.525000	0.525000	0.525000	0.525000
Malaysian Ringgit	5.513180	5.629950	5.895890	6.115770	6.160930	6.124350	6.164380	NA	NA	NA
Mauritian Rupee	NA	NA	NA	NA	NA	NA	NA	NA	NA	NA
Mexican Peso	NA	NA	NA	NA	NA	NA	NA	NA	NA	11.395200
Nepalese Rupee	86.243800	86.290200	84.299900	84.783800	85.034300	85.421200	85.175600	84.210900	84.264500	83.815900
New Zealand Dollar	2.273450	2.296520	2.299060	2.326490	2.342650	2.311320	2.312140	2.285210	2.290530	2.319590
Norwegian Krone	10.101700	10.133200	10.129700	10.070800	10.094400	10.019300	10.038700	10.092500	10.180000	10.232800
Rial Omani	0.514519	0.514796	0.515807	0.519098	0.520632	0.523001	0.521497	0.519729	0.520059	0.517291
Pakistani Rupee	59.093000	59.124800	59.240900	59.618900	59.795100	60.067100	59.894500	59.691300	59.729300	59.411400
Nuevo Sol	NA	NA	NA	NA	NA	NA	NA	NA	NA	NA
Philippine Peso	NA	NA	NA	NA	NA	NA	NA	NA	NA	57.312300
Polish Zloty	NA	NA	NA	NA	NA	NA	NA	NA	NA	4.771320
Qatar Riyal	4.870870	4.873490	4.883060	4.914220	4.928740	4.951160	4.936930	4.920190	4.923320	4.897110
Russian Ruble	NA	8.050630	8.065100	8.155710	8.189290	8.222470	8.197480	8.169670	8.183660	8.136060
Saudi Arabian Riyal	5.011370	5.014070	5.023920	5.055970	5.070920	5.093990	5.079340	5.062120	5.065340	5.038370
Singapore Dollar	2.319680	2.354400	2.370160	2.383530	2.391930	2.385130	2.379630	NA	NA	NA
South African Rand	6.661980	6.662890	6.662560	6.669970	6.692390	6.667070	6.662820	6.652390	6.649860	6.642720
Sri Lanka Rupee	82.279500	82.377300	82.532400	82.991600	83.219900	83.584900	83.466700	83.183600	83.321100	NA
Swedish Krona	10.744000	10.800700	10.821200	10.754600	10.749800	10.686500	10.735100	10.804100	10.878000	10.933700
Swiss Franc	2.013250	2.004150	2.003660	1.984860	1.985580	1.967410	1.966770	1.980240	1.975950	1.980240
Thai Baht	70.761400	71.139500	71.577100	73.201600	74.130200	74.487800	74.074300	74.031300	74.338100	73.889900
Trinidad And Tobago Dollar	8.398100	8.411180	8.439110	8.485800	8.509660	8.537220	8.530860	8.493810	8.500160	NA
Tunisian Dinar	NA	NA	NA	NA	NA	NA	NA	NA	NA	NA
U.A.E. Dirham	4.914360	4.917000	4.926660	4.958100	4.972750	4.995370	4.981010	4.964120	4.967280	4.940830
Peso Uruguayo	NA	NA	NA	NA	NA	NA	NA	NA	NA	NA
Bolivar Fuerte	NA	NA	NA	NA	NA	NA	NA	NA	NA	NA

Notes:


The value of the U.S. dollar in terms of the SDR is the reciprocal of the sum of the dollar values, based on market exchange rates, of specified quantities of the SDR basket currencies. See SDR Valuation.

These rates are the official rates used by the Fund to conduct operations with member countries. The rates are derived from the currency's representative exchange rate, as reported by the central bank, normally against the U.S. dollar at spot market rates and rounded to six significant digits. See Representative Exchange Rates for Selected Currencies.

The value in terms of each national currency of the SDR (shown above) is the reciprocal of the value in terms of the SDR of each national currency, rounded to six significant digits.

Exchange rates are published daily except on IMF holidays or whenever the IMF is closed for business.
