Currency units per SDR for February 1999
Currency	February 01, 1999	February 02, 1999	February 03, 1999	February 04, 1999	February 05, 1999	February 08, 1999	February 09, 1999	February 10, 1999	February 11, 1999	February 12, 1999	February 15, 1999
Chinese Yuan	11.510400	11.530900	11.546900	11.506400	11.538100	11.499700	11.501500	11.493400	11.500300	11.476300	NA
Euro	1.226460	1.228700	1.230450	1.234220	1.234420	1.235350	1.226070	1.224200	1.228160	1.232920	1.233890
Japanese Yen	160.749000	160.332000	156.584000	157.568000	156.327000	157.057000	159.488000	158.510000	NA	158.564000	158.480000
U.K. Pound Sterling	0.846509	0.846693	0.852509	0.848553	0.849324	0.850383	0.847572	0.851364	0.855691	0.852420	0.850288
U.S. Dollar	1.390560	1.392980	1.394960	1.390100	1.393910	1.389270	1.389510	1.388490	1.389300	1.386290	1.386650
Algerian Dinar	NA	NA	NA	NA	NA	NA	NA	NA	NA	NA	NA
Australian Dollar	2.202000	2.185410	2.180310	2.176450	2.141840	2.129150	2.145960	2.152700	2.150620	2.146290	2.140550
Bahrain Dinar	0.522851	0.523760	0.524505	0.522678	0.524110	0.522366	0.522456	0.522072	0.522377	0.521245	0.521380
Botswana Pula	0.305923	0.307291	0.307728	0.305683	0.307078	0.307862	0.304442	0.302274	0.305090	0.302627	NA
Brazilian Real	2.756650	2.734420	2.507020	2.460620	2.527440	2.543610	2.584630	2.683260	2.632030	2.614540	NA
Brunei Dollar	2.334750	2.340760	2.337670	2.335370	2.337870	2.331200	2.337160	2.334050	2.335000	NA	2.328600
Canadian Dollar	2.097520	2.106600	2.111130	2.075700	2.073860	2.066680	2.074820	2.073710	2.068670	2.068480	2.071380
Chilean Peso	659.988000	660.955000	661.448000	660.228000	661.633000	660.195000	660.017000	659.797000	660.126000	659.541000	659.824000
Colombian Peso	2,201.120000	2,202.680000	2,198.760000	NA	2,196.370000	2,182.460000	NA	NA	NA	NA	2,170.900000
Czech Koruna	NA	NA	NA	NA	NA	NA	NA	NA	NA	NA	NA
Danish Krone	9.090790	9.168320	9.159450	9.173130	9.158690	9.194880	9.124630	9.124180	9.129370	NA	9.144400
Hungarian Forint	NA	NA	NA	NA	NA	NA	NA	NA	NA	NA	NA
Icelandic Krona	97.380900	97.898600	97.954100	97.904700	97.936100	97.929600	97.640900	97.624700	97.765000	98.052300	97.966800
Indian Rupee	59.098800	59.201700	59.257900	59.023600	59.199400	59.002300	58.970800	58.927500	58.989700	58.848000	58.918800
Indonesian Rupiah	NA	NA	NA	NA	NA	NA	NA	NA	NA	NA	NA
Iranian Rial	2,435.570000	2,436.960000	2,441.200000	2,444.670000	2,444.670000	2,442.830000	2,434.700000	2,435.170000	NA	NA	NA
Israeli New Sheqel	NA	NA	NA	NA	NA	NA	NA	NA	NA	NA	NA
Kazakhstani Tenge	NA	NA	NA	NA	NA	NA	NA	NA	NA	NA	NA
Korean Won	NA	1,637.030000	1,635.310000	1,627.390000	1,631.290000	1,625.580000	1,631.280000	1,633.140000	1,637.290000	NA	NA
Kuwaiti Dinar	0.421034	0.421766	0.421822	0.420700	NA	0.420449	0.420702	0.420393	0.420638	NA	0.419989
Libyan Dinar	0.634115	0.634115	0.634115	0.634115	0.634115	0.634115	0.634115	0.634115	0.634115	0.634115	0.634115
Malaysian Ringgit	5.284130	5.293320	5.300850	5.282380	5.296860	5.279230	5.280140	5.276260	5.279340	5.267900	5.269270
Mauritian Rupee	NA	NA	NA	NA	NA	NA	NA	NA	NA	NA	NA
Mexican Peso	NA	NA	NA	NA	NA	NA	NA	NA	NA	NA	NA
Nepalese Rupee	94.106100	94.269900	94.403900	94.075000	94.332900	94.018800	94.035100	93.966100	94.020900	93.817200	93.841500
New Zealand Dollar	2.575110	NA	2.561910	2.529750	2.525200	2.494200	NA	2.515380	2.514570	2.520530	2.532690
Norwegian Krone	10.473400	10.547800	10.612600	10.666800	10.705500	10.648600	10.606100	10.580200	10.615600	10.612300	10.602900
Rial Omani	0.534670	0.535601	0.536362	0.534493	0.535958	0.534174	0.534267	0.533874	0.534186	0.533029	0.533167
Pakistani Rupee	64.125700	64.237300	64.328600	64.104500	64.280200	64.066200	64.077300	64.030200	64.067600	63.928800	63.945400
Nuevo Sol	NA	NA	NA	NA	NA	NA	NA	NA	NA	NA	NA
Philippine Peso	NA	NA	NA	NA	NA	NA	NA	NA	NA	NA	NA
Polish Zloty	NA	NA	NA	NA	NA	NA	NA	NA	NA	NA	NA
Qatar Riyal	5.061640	5.070450	5.077650	5.059960	5.073830	5.056940	5.057820	5.054100	5.057050	5.046100	5.047410
Russian Ruble	NA	NA	NA	NA	NA	NA	NA	NA	NA	NA	NA
Saudi Arabian Riyal	5.207650	5.216710	5.224130	5.205920	5.220190	5.202820	5.203710	5.199900	5.202930	5.191660	5.193000
Singapore Dollar	2.353520	2.356920	2.352600	2.349130	2.351530	2.345780	2.351050	2.348210	2.349720	2.343520	2.341360
South African Rand	8.373260	8.366930	8.378830	8.363540	8.365550	8.277970	8.457250	8.492700	8.414300	8.440430	8.488380
Sri Lanka Rupee	94.891800	95.070900	95.150200	NA	95.050700	94.859400	94.903500	94.820000	94.930900	94.836100	94.819100
Swedish Krona	10.840800	10.921000	10.981800	10.954000	10.935200	10.937000	10.918100	10.948200	10.947700	11.021000	10.933700
Swiss Franc	1.966810	1.974270	1.967870	1.977700	1.970570	1.976380	1.966570	1.954720	1.960440	1.973380	1.967240
Thai Baht	51.037700	51.165500	51.151800	51.069500	51.202500	51.201500	51.456300	NA	NA	51.202600	50.917800
Trinidad And Tobago Dollar	8.724370	8.733980	8.754630	8.716480	8.754870	8.740450	8.734460	8.719860	8.715910	NA	NA
Tunisian Dinar	NA	NA	NA	NA	NA	NA	NA	NA	NA	NA	NA
U.A.E. Dirham	5.106830	5.115720	5.122990	5.105140	5.119130	5.102090	5.102980	5.099230	5.102200	5.091150	5.092470
Peso Uruguayo	NA	NA	NA	NA	NA	NA	NA	NA	NA	NA	NA
Bolivar Fuerte	NA	NA	NA	NA	NA	NA	NA	NA	NA	NA	NA

Currency units per SDR for February 1999 Continued

Currency	February 16, 1999	February 17, 1999	February 18, 1999	February 19, 1999	February 22, 1999	February 23, 1999	February 24, 1999	February 25, 1999	February 26, 1999
Chinese Yuan	11.411000	NA	NA	NA	11.269500	11.281400	11.276300	11.295600	11.305500
Euro	1.233320	1.226010	1.225370	1.230240	1.238410	1.242300	1.234050	1.236870	1.239390
Japanese Yen	161.268000	163.210000	163.370000	164.524000	165.733000	164.067000	164.695000	165.364000	163.048000
U.K. Pound Sterling	0.844739	0.843604	0.841689	0.841186	0.840647	0.842096	0.850200	0.851360	0.852356
U.S. Dollar	1.378360	1.379630	1.376330	1.373320	1.361260	1.362680	1.362020	1.364390	1.365560
Algerian Dinar	NA	NA	NA	NA	NA	NA	NA	NA	NA
Australian Dollar	2.147310	2.171620	2.164720	2.158630	2.132630	2.133190	2.133820	2.170180	2.193670
Bahrain Dinar	0.518263	0.518741	0.517500	0.516368	0.511834	0.512368	0.512120	0.513011	0.513451
Botswana Pula	0.298553	0.299794	0.296737	0.294577	0.291310	0.292431	0.292971	0.293207	0.294142
Brazilian Real	NA	2.617990	2.638560	2.612190	2.613620	2.636510	2.740380	2.732190	2.777960
Brunei Dollar	NA	2.327850	NA	2.322970	2.314140	NA	2.327420	2.343340	2.340160
Canadian Dollar	2.066850	2.068480	2.046600	2.046660	2.037530	2.039390	2.041120	2.054360	2.058450
Chilean Peso	657.436000	657.725000	656.785000	655.966000	652.343000	653.092000	652.489000	653.284000	653.530000
Colombian Peso	2,147.200000	2,154.330000	2,160.010000	NA	2,124.190000	2,121.220000	2,112.330000	2,125.680000	2,147.290000
Czech Koruna	NA	NA	NA	NA	NA	NA	NA	NA	NA
Danish Krone	9.167750	9.130120	9.092720	9.127630	9.213690	9.224930	9.206300	9.191490	9.205790
Hungarian Forint	NA	NA	NA	NA	NA	NA	NA	NA	NA
Icelandic Krona	98.194400	97.939900	97.870800	97.945200	98.500800	98.780700	98.256100	98.236100	98.593400
Indian Rupee	58.566500	58.620500	58.425200	58.283700	NA	57.832100	57.872200	57.972900	58.022600
Indonesian Rupiah	NA	NA	NA	NA	NA	NA	NA	NA	NA
Iranian Rial	NA	2,421.370000	2,412.020000	2,417.800000	2,406.740000	2,385.610000	2,388.100000	2,386.940000	2,386.940000
Israeli New Sheqel	NA	NA	NA	NA	NA	NA	NA	NA	NA
Kazakhstani Tenge	NA	NA	NA	NA	NA	NA	NA	NA	NA
Korean Won	NA	NA	1,617.740000	1,623.810000	1,629.840000	1,659.610000	1,647.770000	1,656.920000	1,668.300000
Kuwaiti Dinar	0.418374	0.418759	0.417757	NA	0.414653	0.414813	0.414871	NA	NA
Libyan Dinar	0.634115	0.634115	0.634115	0.634115	0.634115	0.634115	0.634115	0.634115	0.634115
Malaysian Ringgit	5.237770	5.242590	5.230050	5.218620	5.172790	5.178180	5.175680	5.184680	5.189130
Mauritian Rupee	NA	NA	NA	NA	NA	NA	NA	NA	NA
Mexican Peso	NA	NA	NA	NA	NA	NA	NA	NA	NA
Nepalese Rupee	93.280500	93.366500	93.143100	92.939400	92.123300	92.219400	92.174700	92.335100	92.414300
New Zealand Dollar	2.545450	2.554870	2.553490	NA	2.518520	2.525820	NA	2.579190	NA
Norwegian Krone	10.631800	10.660800	10.707800	10.712300	10.759900	10.776300	10.679500	10.756400	10.778400
Rial Omani	0.529979	0.530468	0.529199	0.528042	0.523404	0.523950	0.523697	0.524608	0.525058
Pakistani Rupee	63.563100	63.621600	63.469500	63.330700	62.774500	62.840000	62.809600	62.918800	62.972800
Nuevo Sol	NA	NA	NA	NA	NA	NA	NA	NA	NA
Philippine Peso	NA	NA	NA	NA	NA	NA	NA	NA	NA
Polish Zloty	NA	NA	NA	NA	NA	NA	NA	NA	NA
Qatar Riyal	5.017230	5.021850	5.009840	4.998880	4.954990	4.960160	4.957750	4.966380	4.970640
Russian Ruble	NA	NA	NA	NA	NA	NA	NA	NA	NA
Saudi Arabian Riyal	5.161960	5.166710	5.154360	5.143080	5.097920	5.103240	5.100760	5.109640	5.114020
Singapore Dollar	NA	NA	2.338380	2.343300	2.335650	2.346260	2.343360	2.362440	2.354910
South African Rand	8.485870	8.463340	8.517420	8.557840	8.465000	8.469740	8.412520	8.421700	8.434380
Sri Lanka Rupee	94.383200	94.525300	94.368100	94.312800	93.613900	93.670600	93.707000	93.924600	93.964200
Swedish Krona	10.909700	10.943900	10.917700	10.952200	11.002400	11.017300	11.042600	11.078800	11.183900
Swiss Franc	1.971740	1.957830	1.958240	1.964400	1.981310	1.980110	1.970160	1.965400	1.970910
Thai Baht	50.810500	NA	50.924200	51.327800	51.379400	51.202700	50.966800	51.226000	51.119700
Trinidad And Tobago Dollar	NA	8.662560	8.631650	8.613600	8.546530	8.567440	8.541640	8.539440	8.567800
Tunisian Dinar	NA	NA	NA	NA	NA	NA	NA	NA	NA
U.A.E. Dirham	5.062030	5.066690	5.054570	5.043520	4.999230	5.004440	5.002020	5.010720	5.015020
Peso Uruguayo	NA	NA	NA	NA	NA	NA	NA	NA	NA
Bolivar Fuerte	NA	NA	NA	NA	NA	NA	NA	NA	NA

Notes:


The value of the U.S. dollar in terms of the SDR is the reciprocal of the sum of the dollar values, based on market exchange rates, of specified quantities of the SDR basket currencies. See SDR Valuation.

These rates are the official rates used by the Fund to conduct operations with member countries. The rates are derived from the currency's representative exchange rate, as reported by the central bank, normally against the U.S. dollar at spot market rates and rounded to six significant digits. See Representative Exchange Rates for Selected Currencies.

The value in terms of each national currency of the SDR (shown above) is the reciprocal of the value in terms of the SDR of each national currency, rounded to six significant digits.

Exchange rates are published daily except on IMF holidays or whenever the IMF is closed for business.
