Currency units per SDR for October 1999
Currency	October 01, 1999	October 04, 1999	October 05, 1999	October 06, 1999	October 07, 1999	October 08, 1999	October 11, 1999	October 12, 1999	October 13, 1999	October 14, 1999	October 15, 1999
Chinese Yuan	11.512400	11.512000	11.479200	11.487800	11.462400	11.449300	NA	11.473400	11.482800	11.493800	11.559300
Euro	1.296380	1.297430	1.297730	1.292520	1.290620	1.297830	1.302390	1.299350	1.287070	1.290740	1.284820
Japanese Yen	147.281000	145.746000	146.926000	148.978000	149.410000	149.236000	NA	147.902000	147.251000	148.439000	148.864000
U.K. Pound Sterling	0.842374	0.839547	0.838929	0.838386	0.837290	0.836468	0.836699	0.839023	0.838846	0.839123	0.838066
U.S. Dollar	1.390760	1.390710	1.386750	1.387780	1.384710	1.383100	1.384570	1.386150	1.387200	1.388580	1.396470
Algerian Dinar	NA	NA	NA	NA	NA	NA	NA	NA	NA	NA	NA
Australian Dollar	2.132410	NA	2.094790	2.098880	2.092660	2.107420	2.117730	2.126650	2.114310	2.134630	NA
Bahrain Dinar	0.522926	0.522907	0.521418	0.521805	0.520651	0.520046	0.520598	0.521192	0.521587	0.522106	0.525073
Botswana Pula	NA	6.301360	6.283420	6.310960	6.314230	6.309760	NA	6.332340	6.360390	6.363790	6.405830
Brazilian Real	2.672350	2.719810	2.687520	2.708530	2.712920	2.673670	NA	NA	2.710870	2.718700	2.742670
Brunei Dollar	2.359420	2.354470	2.343610	2.330780	2.322850	2.322640	2.324000	2.320420	2.336040	2.336980	2.340480
Canadian Dollar	2.047620	2.044070	2.036580	2.039340	2.037320	2.038270	NA	2.044570	2.054720	2.057740	2.074040
Chilean Peso	680.513000	681.323000	680.062000	680.553000	679.048000	678.908000	679.796000	NA	680.435000	681.057000	683.684000
Colombian Peso	2,802.590000	2,787.290000	2,763.310000	2,776.230000	2,758.380000	2,756.770000	2,759.090000	2,761.250000	2,758.720000	2,750.970000	2,759.150000
Czech Koruna	NA	NA	NA	NA	NA	NA	NA	NA	NA	NA	NA
Danish Krone	9.622110	9.600210	9.634450	9.610790	9.609610	9.625550	9.679940	9.664380	9.570570	9.578150	9.553110
Hungarian Forint	335.048000	334.354000	334.581000	333.886000	333.050000	333.382000	334.761000	334.090000	331.763000	333.120000	332.318000
Icelandic Krona	99.049900	98.796000	98.861400	98.296500	98.397500	98.379900	98.498300	NA	98.172100	98.075400	98.116000
Indian Rupee	60.623200	60.607100	60.448400	60.479500	60.290300	60.137200	59.993400	60.117300	60.343200	60.306000	60.662700
Indonesian Rupiah	NA	NA	NA	NA	NA	NA	NA	NA	NA	NA	NA
Iranian Rial	NA	2,437.310000	NA	2,430.280000	2,432.080000	NA	2,423.880000	2,423.880000	2,429.230000	2,431.070000	2,431.070000
Israeli New Sheqel	NA	NA	NA	NA	NA	NA	NA	NA	NA	NA	NA
Kazakhstani Tenge	NA	NA	NA	NA	NA	NA	NA	NA	NA	NA	NA
Korean Won	1,691.720000	1,691.520000	1,685.870000	1,680.740000	1,670.790000	1,664.150000	1,665.220000	1,668.790000	1,672.270000	1,671.570000	1,684.980000
Kuwaiti Dinar	NA	0.421093	0.419894	0.420442	0.419775	NA	0.419940	0.420114	0.419947	0.420365	NA
Libyan Dinar	0.634115	0.634115	0.634115	0.634115	0.634115	0.634115	0.634115	0.634115	0.634115	0.634115	0.634115
Malaysian Ringgit	5.284890	5.284700	5.269650	5.273560	5.261900	5.255780	5.261370	5.267370	5.271360	5.276600	5.306590
Mauritian Rupee	NA	NA	NA	NA	NA	NA	NA	NA	NA	NA	NA
Mexican Peso	NA	NA	NA	NA	NA	NA	NA	NA	NA	NA	NA
Nepalese Rupee	95.580000	95.576500	95.304400	95.375200	95.164200	95.053500	95.154600	95.263200	95.335300	95.430200	95.972400
New Zealand Dollar	2.694490	2.691780	2.646720	2.656550	NA	2.664160	2.690840	2.686080	2.687590	2.728060	2.737370
Norwegian Krone	10.691300	10.688200	10.683500	10.682700	10.679300	10.794700	10.797400	10.785200	10.707100	10.722200	10.718600
Rial Omani	0.534747	0.534728	0.533205	0.533601	0.532421	0.531802	0.532367	0.532975	0.533378	0.533909	0.536943
Pakistani Rupee	71.973400	71.970800	71.765900	71.819200	71.660300	71.577000	71.653100	71.734900	71.789200	71.860600	72.268900
Nuevo Sol	NA	NA	NA	NA	NA	NA	NA	NA	NA	NA	NA
Philippine Peso	NA	NA	NA	NA	NA	NA	NA	NA	NA	NA	NA
Polish Zloty	NA	NA	NA	NA	NA	NA	NA	NA	NA	NA	NA
Qatar Riyal	5.062370	5.062180	5.047770	5.051520	5.040340	5.034480	5.039830	5.045590	5.049410	5.054430	5.083150
Russian Ruble	NA	NA	NA	NA	NA	NA	NA	NA	NA	NA	NA
Saudi Arabian Riyal	5.208400	5.208210	5.193380	5.197240	5.185740	5.179710	5.185210	5.191130	5.195060	5.200230	5.229780
Singapore Dollar	2.359420	2.354470	2.343610	2.330780	2.322850	2.322640	2.324000	2.320420	2.336040	2.336980	2.340480
South African Rand	8.361940	8.344960	8.297620	8.382890	8.368490	8.362910	8.409190	8.416010	8.472320	8.489080	8.590390
Sri Lanka Rupee	99.140300	99.095000	98.812900	98.927900	98.847500	NA	98.879100	98.964200	98.983700	NA	99.714900
Swedish Krona	11.327700	11.355100	11.281200	11.248000	11.275000	11.272300	11.329200	11.283300	11.222400	11.261400	11.290500
Swiss Franc	2.071260	2.062420	2.069030	2.051560	2.061690	2.073130	2.077550	2.075760	2.050700	2.054540	2.042340
Thai Baht	56.694300	56.245900	55.593400	54.345500	54.661400	55.458200	55.583600	54.765400	54.976100	54.811400	54.794700
Trinidad And Tobago Dollar	8.726880	8.720450	8.686190	8.689580	8.687530	8.677290	8.699250	NA	8.690810	8.717780	8.762710
Tunisian Dinar	NA	NA	NA	NA	NA	NA	NA	NA	NA	NA	NA
U.A.E. Dirham	5.107570	5.107380	5.092840	5.096620	5.085350	5.079430	5.084830	5.090640	5.094490	5.099560	5.128540
Peso Uruguayo	NA	NA	NA	NA	NA	NA	NA	NA	NA	NA	NA
Bolivar Fuerte	NA	NA	NA	NA	NA	NA	NA	NA	NA	NA	NA

Currency units per SDR for October 1999 Continued

Currency	October 18, 1999	October 19, 1999	October 20, 1999	October 21, 1999	October 22, 1999	October 25, 1999	October 26, 1999	October 27, 1999	October 28, 1999	October 29, 1999
Chinese Yuan	11.571600	11.552600	11.522800	11.528400	11.547600	11.503900	11.508700	11.513300	11.471800	11.429300
Euro	1.286320	1.290160	1.291710	1.289980	1.296790	1.301000	1.307620	1.318150	1.315640	1.320880
Japanese Yen	147.835000	147.177000	147.978000	147.914000	147.461000	146.700000	146.227000	145.072000	144.202000	144.768000
U.K. Pound Sterling	0.837810	0.835348	0.834981	0.832660	0.832740	0.837063	0.838696	0.840226	0.843923	0.844684
U.S. Dollar	1.397970	1.395700	1.392080	1.392790	1.395090	1.389860	1.390390	1.390910	1.385890	1.380720
Algerian Dinar	NA	NA	NA	NA	NA	NA	NA	NA	NA	NA
Australian Dollar	2.170760	2.161200	2.145620	2.149370	2.145960	2.142860	2.130870	2.149450	2.154010	2.141980
Bahrain Dinar	0.525637	0.524783	0.523422	0.523689	0.524554	0.522587	0.522787	0.522982	0.521095	0.519151
Botswana Pula	6.409770	6.399360	6.385690	6.394810	6.396560	6.384290	6.404380	6.403820	6.374840	6.359830
Brazilian Real	2.766020	2.766420	2.773720	2.787950	2.780140	2.755540	2.748660	2.762490	2.764300	2.731200
Brunei Dollar	2.338800	2.339890	2.326170	2.328740	2.326310	2.313840	2.314300	2.316420	2.316240	2.305800
Canadian Dollar	2.089830	2.080710	2.074480	2.068150	2.059710	2.048930	2.045680	2.045890	2.040310	2.032140
Chilean Peso	684.446000	684.005000	682.927000	683.066000	NA	682.630000	683.307000	684.175000	681.996000	680.087000
Colombian Peso	2,763.840000	2,759.350000	2,736.720000	2,726.430000	2,714.850000	2,705.000000	2,710.330000	2,734.630000	2,728.680000	2,713.720000
Czech Koruna	NA	NA	NA	NA	NA	NA	NA	NA	NA	NA
Danish Krone	9.556520	9.588740	9.595610	9.614710	9.605190	9.687740	9.704090	9.723990	9.795890	9.787650
Hungarian Forint	332.507000	333.503000	333.139000	333.086000	333.231000	335.637000	335.654000	336.211000	338.005000	336.758000
Icelandic Krona	97.941800	98.075800	98.016400	98.108100	98.046900	98.374300	98.467400	98.546000	98.287300	98.500600
Indian Rupee	60.616000	NA	60.402400	60.516700	60.574800	60.306000	60.315100	NA	60.133800	59.950900
Indonesian Rupiah	NA	NA	NA	NA	NA	NA	NA	NA	NA	NA
Iranian Rial	2,447.310000	2,449.940000	2,445.960000	NA	NA	2,444.900000	2,435.730000	2,436.660000	2,437.570000	NA
Israeli New Sheqel	NA	NA	NA	NA	NA	NA	NA	NA	NA	NA
Kazakhstani Tenge	NA	NA	NA	NA	NA	NA	NA	NA	NA	NA
Korean Won	1,686.930000	1,681.120000	1,676.760000	1,677.890000	1,681.220000	1,675.750000	1,676.390000	1,674.790000	1,665.840000	1,655.760000
Kuwaiti Dinar	0.422397	0.422032	0.421104	0.421319	NA	0.420877	0.421038	0.421195	0.420077	NA
Libyan Dinar	0.634115	0.634115	0.634115	0.634115	0.634115	0.634115	0.634115	0.634115	0.634115	0.634115
Malaysian Ringgit	5.312290	5.303660	5.289900	5.292600	5.301340	5.281470	5.283480	5.285460	5.266380	5.246740
Mauritian Rupee	NA	NA	NA	NA	NA	NA	NA	NA	NA	NA
Mexican Peso	NA	NA	NA	NA	NA	NA	NA	NA	NA	NA
Nepalese Rupee	96.075500	95.919500	95.670700	95.719500	95.877600	95.518100	95.554600	95.590300	95.245300	94.890000
New Zealand Dollar	2.740310	2.740700	2.709640	2.718970	2.709180	2.701640	2.697430	2.719280	2.724640	2.697510
Norwegian Krone	10.763900	10.781200	10.739900	10.744300	10.741400	10.762500	10.806800	10.860900	10.854000	10.891900
Rial Omani	0.537519	0.536647	0.535255	0.535528	0.536412	0.534401	0.534605	0.534805	0.532875	0.530887
Pakistani Rupee	72.364800	72.247300	72.059900	72.096700	72.215700	71.947500	71.974900	72.001800	71.742000	71.474400
Nuevo Sol	NA	NA	NA	NA	NA	NA	NA	NA	NA	NA
Philippine Peso	NA	NA	NA	NA	NA	NA	NA	NA	NA	NA
Polish Zloty	NA	NA	NA	NA	NA	NA	NA	NA	NA	NA
Qatar Riyal	5.088610	5.080350	5.067170	5.069760	5.078130	5.059090	5.061020	5.062910	5.044640	5.025820
Russian Ruble	NA	NA	NA	NA	NA	NA	NA	NA	NA	NA
Saudi Arabian Riyal	5.235400	5.226900	5.213340	5.216000	5.224610	5.205030	5.207010	5.208960	5.190160	5.170800
Singapore Dollar	2.338800	2.339890	2.326170	2.328740	2.326310	2.313840	2.314300	2.316420	2.316240	2.305800
South African Rand	8.589830	8.573090	8.511870	8.560780	8.547020	8.520540	8.552980	8.556180	8.508670	8.483830
Sri Lanka Rupee	99.780100	99.666900	99.380600	99.500900	99.623400	99.375000	99.385100	99.422200	99.146600	98.887200
Swedish Krona	11.362000	11.392400	11.328100	11.382600	11.338600	11.313500	11.324700	11.367200	11.371200	11.363300
Swiss Franc	2.046070	2.050560	2.056940	2.058540	2.068220	2.080900	2.089060	2.097490	2.110020	2.117890
Thai Baht	54.850800	55.084100	54.654500	54.573700	54.577300	NA	54.047200	53.836600	53.894500	53.479400
Trinidad And Tobago Dollar	8.767930	8.751180	8.723610	8.714830	8.742330	8.716510	8.716630	8.724900	8.694940	8.664290
Tunisian Dinar	NA	NA	NA	NA	NA	NA	NA	NA	NA	NA
U.A.E. Dirham	5.134040	5.125710	5.112410	5.115020	5.123470	5.104260	5.106210	5.108120	5.089680	5.070690
Peso Uruguayo	NA	NA	NA	NA	NA	NA	NA	NA	NA	NA
Bolivar Fuerte	NA	NA	NA	NA	NA	NA	NA	NA	NA	NA

Notes:


The value of the U.S. dollar in terms of the SDR is the reciprocal of the sum of the dollar values, based on market exchange rates, of specified quantities of the SDR basket currencies. See SDR Valuation.

These rates are the official rates used by the Fund to conduct operations with member countries. The rates are derived from the currency's representative exchange rate, as reported by the central bank, normally against the U.S. dollar at spot market rates and rounded to six significant digits. See Representative Exchange Rates for Selected Currencies.

The value in terms of each national currency of the SDR (shown above) is the reciprocal of the value in terms of the SDR of each national currency, rounded to six significant digits.

Exchange rates are published daily except on IMF holidays or whenever the IMF is closed for business.
