Currency units per SDR for May 1999
Currency	May 03, 1999	May 04, 1999	May 05, 1999	May 06, 1999	May 07, 1999	May 10, 1999	May 11, 1999	May 12, 1999	May 13, 1999	May 14, 1999	May 17, 1999
Chinese Yuan	11.171900	11.159500	11.207600	11.253000	11.245400	11.226300	11.219900	11.190900	11.179700	11.173500	11.163100
Euro	1.274370	1.275980	1.269110	1.258720	1.259430	1.263200	1.262910	1.269920	1.271480	1.264260	1.262000
Japanese Yen	NA	NA	161.544000	163.319000	163.730000	163.987000	163.252000	163.369000	163.757000	164.463000	166.129000
U.K. Pound Sterling	NA	0.836509	0.830630	0.830862	0.832416	0.832750	0.835192	0.834927	0.834252	0.835326	0.833302
U.S. Dollar	1.349430	1.347950	1.353760	1.359290	1.358420	1.356050	1.355350	1.351830	1.350570	1.349720	1.348450
Algerian Dinar	NA	NA	NA	NA	NA	NA	NA	NA	NA	NA	NA
Australian Dollar	2.040260	2.037720	2.054260	2.025470	2.018450	2.026370	2.035060	2.013750	2.032150	2.021140	2.033550
Bahrain Dinar	0.507386	0.506829	0.509014	0.511093	0.510766	0.509875	0.509612	0.508288	0.507814	0.507495	0.507017
Botswana Pula	6.235810	6.228970	6.261610	6.269790	6.303570	6.304280	NA	6.314010	NA	6.313000	6.318880
Brazilian Real	2.239920	2.254720	2.264300	2.288910	2.271410	2.265150	2.237680	2.225110	2.242760	2.227310	2.233300
Brunei Dollar	2.275140	2.285850	2.290160	2.294750	2.294370	2.288330	2.286340	2.281210	2.283810	2.290070	2.298430
Canadian Dollar	1.957350	1.958840	1.971070	1.979130	1.980980	1.979430	1.971360	1.974750	1.971700	1.975720	1.969140
Chilean Peso	654.986000	654.511000	656.804000	658.182000	657.937000	657.630000	NA	NA	656.418000	655.060000	655.643000
Colombian Peso	2,174.580000	2,175.070000	2,171.390000	2,189.350000	2,197.920000	2,212.680000	2,205.560000	2,204.860000	2,204.060000	2,200.150000	2,211.660000
Czech Koruna	NA	NA	NA	NA	NA	NA	NA	NA	NA	NA	NA
Danish Krone	9.467870	9.472450	9.447480	9.352050	9.350680	9.384950	9.360050	9.432800	NA	9.405930	9.401530
Hungarian Forint	NA	NA	NA	NA	NA	NA	NA	NA	NA	NA	NA
Icelandic Krona	99.507000	99.802200	99.596100	99.296100	99.531400	99.642600	99.672400	99.805600	NA	99.393400	98.949300
Indian Rupee	57.728600	57.624900	57.846200	58.082500	58.072500	57.944000	57.900600	57.790700	57.736900	57.714000	57.632800
Indonesian Rupiah	NA	NA	NA	NA	NA	NA	NA	NA	NA	NA	NA
Iranian Rial	NA	NA	NA	NA	2,372.460000	2,380.630000	2,376.480000	2,375.250000	2,369.080000	2,369.080000	2,365.380000
Israeli New Sheqel	NA	NA	NA	NA	NA	NA	NA	NA	NA	NA	NA
Kazakhstani Tenge	NA	NA	NA	NA	NA	NA	NA	NA	NA	NA	NA
Korean Won	1,597.730000	1,603.250000	NA	1,626.530000	NA	1,629.160000	1,628.590000	1,622.470000	1,624.740000	1,628.300000	1,628.250000
Kuwaiti Dinar	0.412345	0.411893	0.413479	0.414475	NA	0.413677	0.413463	0.412673	0.412586	NA	0.412154
Libyan Dinar	0.634115	0.634115	0.634115	0.634115	0.634115	0.634115	0.634115	0.634115	0.634115	0.634115	0.634115
Malaysian Ringgit	5.127830	5.122210	5.144290	5.165300	5.162000	5.152990	5.150330	5.136950	5.132170	5.128940	5.124110
Mauritian Rupee	NA	NA	NA	NA	NA	NA	NA	NA	NA	NA	NA
Mexican Peso	NA	NA	NA	NA	NA	NA	NA	NA	NA	NA	NA
Nepalese Rupee	92.199800	92.098700	92.495700	92.873500	92.433700	92.272400	92.224800	91.985300	91.899500	91.841700	91.755300
New Zealand Dollar	2.418330	2.413520	2.432630	2.405820	2.410680	2.426500	2.430030	2.407750	2.416690	2.396310	2.415060
Norwegian Krone	10.506500	10.512300	10.478400	10.407700	10.401000	10.372200	10.382900	10.411100	NA	10.344800	NA
Rial Omani	0.518856	0.518287	0.520521	0.522647	0.522312	0.521401	0.521132	0.519779	0.519294	0.518967	0.518479
Pakistani Rupee	62.229000	62.160700	62.428600	62.683700	62.643500	62.534200	62.502000	62.339600	62.281500	62.242300	62.183800
Nuevo Sol	NA	NA	NA	NA	NA	NA	NA	NA	NA	NA	NA
Philippine Peso	NA	NA	NA	NA	NA	NA	NA	NA	NA	NA	NA
Polish Zloty	NA	NA	NA	NA	NA	NA	NA	NA	NA	NA	NA
Qatar Riyal	4.911930	4.906540	4.927690	4.947820	4.944650	4.936020	4.933470	4.920660	4.916070	4.912980	4.908360
Russian Ruble	NA	NA	NA	NA	NA	NA	NA	NA	NA	NA	NA
Saudi Arabian Riyal	5.053620	5.048070	5.069830	5.090540	5.087280	5.078410	5.075790	5.062600	5.057880	5.054700	5.049950
Singapore Dollar	2.291330	2.298250	2.305860	2.308750	2.311350	2.305960	2.300710	2.297440	2.302320	2.307350	2.312590
South African Rand	8.199810	8.180030	8.254550	8.281470	8.350890	8.374290	8.346920	8.399600	8.418780	8.393230	8.378590
Sri Lanka Rupee	94.419600	94.396900	94.790300	95.136700	95.075800	95.018400	94.915200	94.763300	94.776200	94.743600	94.735400
Swedish Krona	11.368900	11.407000	11.429100	11.380700	11.298700	11.316200	11.235900	11.331700	NA	11.337600	11.364100
Swiss Franc	2.052890	2.053740	2.035510	2.023030	2.024050	2.030010	2.029090	2.037610	NA	2.028360	2.025910
Thai Baht	NA	49.754200	NA	50.258400	50.299600	50.007100	49.834900	49.644600	49.944100	50.059800	50.308000
Trinidad And Tobago Dollar	8.475370	8.457580	8.492680	8.556870	8.543240	8.526300	8.514580	8.458540	8.472940	8.468950	8.450330
Tunisian Dinar	NA	NA	NA	NA	NA	NA	NA	NA	NA	NA	NA
U.A.E. Dirham	4.955780	4.950350	4.971680	4.991990	4.988800	4.980090	4.977520	4.964600	4.959970	4.956850	4.952180
Peso Uruguayo	NA	NA	NA	NA	NA	NA	NA	NA	NA	NA	NA
Bolivar Fuerte	NA	NA	NA	NA	NA	NA	NA	NA	NA	NA	NA

Currency units per SDR for May 1999 Continued

Currency	May 18, 1999	May 19, 1999	May 20, 1999	May 21, 1999	May 24, 1999	May 25, 1999	May 26, 1999	May 27, 1999	May 28, 1999	May 31, 1999
Chinese Yuan	11.174500	11.131000	11.135300	11.120900	11.110600	11.139200	11.134000	11.091500	11.133400	NA
Euro	1.262620	1.264430	1.264380	1.270740	1.269490	1.266110	1.276550	1.279240	1.283370	1.283440
Japanese Yen	166.598000	166.085000	167.232000	166.317000	166.313000	165.428000	164.583000	164.052000	162.255000	162.941000
U.K. Pound Sterling	0.833070	0.831129	0.834110	0.835207	0.838550	0.840984	0.839849	0.840127	0.838324	NA
U.S. Dollar	1.349740	1.344600	1.345170	1.343430	1.342100	1.345490	1.344850	1.339750	1.344840	1.341960
Algerian Dinar	NA	NA	NA	NA	NA	NA	NA	NA	NA	NA
Australian Dollar	2.003180	2.028670	2.038140	2.027510	2.044010	2.040170	2.072830	2.057990	2.060740	2.067420
Bahrain Dinar	0.507502	0.505570	0.505784	0.505130	0.504630	0.505904	0.505664	0.503746	0.505660	0.504577
Botswana Pula	6.295430	6.289060	6.315350	6.292410	6.300940	6.322790	6.343630	6.325540	6.349580	NA
Brazilian Real	2.248940	2.238890	2.236750	NA	2.275530	2.284240	2.349720	2.264180	NA	2.321990
Brunei Dollar	2.298200	2.288240	2.300910	2.301300	2.299960	2.303210	2.311390	2.317770	2.307750	NA
Canadian Dollar	1.971300	1.971050	1.971620	1.960740	NA	1.964150	1.980160	1.976270	1.979600	1.982070
Chilean Peso	656.041000	654.296000	654.627000	NA	653.965000	654.931000	655.574000	653.624000	655.488000	654.769000
Colombian Peso	2,213.780000	2,210.670000	2,210.180000	2,209.400000	2,221.660000	2,248.580000	2,244.920000	2,253.620000	NA	NA
Czech Koruna	NA	NA	NA	NA	NA	NA	NA	NA	NA	NA
Danish Krone	9.388790	9.382750	9.393860	9.426180	NA	9.415870	9.452950	9.556700	9.558320	9.532610
Hungarian Forint	NA	NA	NA	NA	NA	NA	318.998000	NA	NA	NA
Icelandic Krona	98.989900	98.868400	99.165900	99.064500	NA	99.189500	99.478600	100.026000	100.056000	99.949200
Indian Rupee	57.674400	57.454800	57.519500	57.431600	57.374800	57.506200	57.573000	57.475300	57.814700	57.489600
Indonesian Rupiah	NA	NA	NA	NA	NA	NA	NA	NA	NA	NA
Iranian Rial	2,363.160000	2,365.420000	NA	NA	2,354.360000	2,352.030000	2,357.970000	2,356.850000	2,356.850000	2,356.830000
Israeli New Sheqel	NA	NA	NA	NA	NA	NA	NA	NA	NA	NA
Kazakhstani Tenge	NA	NA	NA	NA	NA	NA	NA	NA	NA	NA
Korean Won	1,633.320000	1,615.810000	1,615.680000	1,609.290000	1,598.440000	1,602.210000	1,595.260000	1,594.030000	1,601.840000	1,591.970000
Kuwaiti Dinar	0.412548	0.410977	0.411420	NA	0.410964	0.411693	0.411497	0.410446	NA	0.410908
Libyan Dinar	0.634115	0.634115	0.634115	0.634115	0.634115	0.634115	0.634115	0.634115	0.634115	0.634115
Malaysian Ringgit	5.129010	5.109480	5.111650	5.105030	5.099980	5.112860	5.110430	5.091050	5.110390	5.099450
Mauritian Rupee	NA	NA	NA	NA	NA	NA	NA	NA	NA	NA
Mexican Peso	NA	NA	NA	NA	NA	NA	NA	NA	NA	NA
Nepalese Rupee	91.816100	91.466400	91.505200	91.386800	91.296400	91.527000	91.483400	91.136500	91.482700	91.555200
New Zealand Dollar	2.401890	2.429270	2.451780	NA	2.464600	2.469920	2.523880	2.497900	2.510670	2.508570
Norwegian Krone	10.368000	10.449700	10.443800	10.452600	NA	10.453700	10.516200	10.554400	NA	10.572400
Rial Omani	0.518975	0.516999	0.517218	0.516549	0.516037	0.517341	0.517095	0.515134	0.517091	0.515984
Pakistani Rupee	62.243300	62.006200	62.032500	61.952300	61.890900	62.047300	62.017800	61.782600	62.017300	61.884500
Nuevo Sol	NA	NA	NA	NA	NA	NA	NA	NA	NA	NA
Philippine Peso	NA	NA	NA	NA	NA	NA	NA	NA	NA	NA
Polish Zloty	NA	NA	NA	NA	NA	NA	NA	NA	NA	NA
Qatar Riyal	4.913050	4.894340	4.896420	4.890090	4.885240	4.897580	4.895250	4.876690	4.895220	4.884730
Russian Ruble	NA	NA	NA	NA	NA	NA	NA	NA	NA	NA
Saudi Arabian Riyal	5.054780	5.035530	5.037660	5.031150	5.026160	5.038860	5.036460	5.017360	5.036430	5.025640
Singapore Dollar	2.309140	2.304640	2.315040	2.311370	2.312440	2.319090	2.323360	2.317770	2.323210	2.319310
South African Rand	8.329920	8.315680	8.371670	NA	8.343160	8.380380	8.428850	8.382150	8.422060	8.336930
Sri Lanka Rupee	94.826000	94.478300	94.572200	94.543900	94.483800	94.682100	94.610200	94.331800	94.609500	NA
Swedish Krona	11.385100	11.412300	11.366700	11.375500	NA	11.362700	11.414400	11.528500	11.555500	11.510700
Swiss Franc	2.022990	2.026180	2.023810	2.031940	NA	2.023350	2.031400	2.043250	2.041870	2.045420
Thai Baht	50.034900	49.820100	49.888300	49.719000	49.767800	49.869200	50.015000	49.730200	49.892200	NA
Trinidad And Tobago Dollar	8.462870	8.429160	8.438120	NA	8.425970	8.442820	8.440820	8.401840	8.444650	NA
Tunisian Dinar	NA	NA	NA	NA	NA	NA	NA	NA	NA	NA
U.A.E. Dirham	4.956920	4.938040	4.940140	4.933750	4.928860	4.941310	4.938960	4.920230	4.938920	4.928350
Peso Uruguayo	NA	NA	NA	NA	NA	NA	NA	NA	NA	NA
Bolivar Fuerte	NA	NA	NA	NA	NA	NA	NA	NA	NA	NA

Notes:


The value of the U.S. dollar in terms of the SDR is the reciprocal of the sum of the dollar values, based on market exchange rates, of specified quantities of the SDR basket currencies. See SDR Valuation.

These rates are the official rates used by the Fund to conduct operations with member countries. The rates are derived from the currency's representative exchange rate, as reported by the central bank, normally against the U.S. dollar at spot market rates and rounded to six significant digits. See Representative Exchange Rates for Selected Currencies.

The value in terms of each national currency of the SDR (shown above) is the reciprocal of the value in terms of the SDR of each national currency, rounded to six significant digits.

Exchange rates are published daily except on IMF holidays or whenever the IMF is closed for business.
