Currency units per SDR for January 1999
Currency	January 04, 1999	January 05, 1999	January 06, 1999	January 07, 1999	January 08, 1999	January 11, 1999	January 12, 1999	January 13, 1999	January 14, 1999	January 15, 1999	January 18, 1999
Chinese Yuan	NA	NA	NA	NA	NA	11.693900	11.584300	11.669600	11.624700	11.650800	NA
Euro	1.196790	1.201250	1.203880	1.212730	1.207360	1.220810	1.214550	1.200170	1.204940	1.210450	1.205900
Japanese Yen	160.319000	158.268000	158.337000	159.121000	155.828000	155.854000	156.006000	158.496000	159.185000	NA	159.143000
U.K. Pound Sterling	0.852399	0.855701	0.849387	0.853543	0.856710	0.859466	0.859910	0.854800	0.851291	0.849596	0.847172
U.S. Dollar	1.410890	1.416270	1.413720	1.410650	1.407660	1.412360	1.399160	1.409480	1.404120	1.407270	1.400290
Algerian Dinar	NA	NA	NA	NA	NA	NA	NA	NA	NA	NA	NA
Australian Dollar	2.298620	2.268940	2.279830	2.233810	2.219230	2.226640	2.190640	2.217560	2.224170	2.228100	2.199290
Bahrain Dinar	0.530495	0.532518	0.531559	0.530404	0.529280	0.531047	0.526084	0.529964	0.527949	0.529134	0.526509
Botswana Pula	NA	NA	NA	0.318525	0.318131	0.318346	0.309354	0.308394	0.306941	0.304111	NA
Brazilian Real	1.704210	1.709440	1.707350	1.705190	1.702280	1.708390	1.693120	1.706320	1.851330	1.855630	2.051560
Brunei Dollar	2.316960	NA	2.349600	2.354370	2.341080	NA	NA	2.361580	2.352320	NA	NA
Canadian Dollar	2.153440	2.152590	2.135140	2.132620	2.130490	2.126730	2.111190	2.154810	2.146900	2.150870	2.141600
Chilean Peso	663.175000	NA	NA	NA	NA	NA	NA	NA	NA	NA	NA
Colombian Peso	NA	2,188.290000	2,160.560000	2,158.970000	2,172.330000	NA	2,149.050000	2,183.780000	2,230.870000	NA	2,235.690000
Czech Koruna	NA	NA	NA	NA	NA	NA	NA	NA	NA	NA	NA
Danish Krone	8.910620	8.929020	8.951820	8.998250	8.986360	9.063400	9.068100	8.975150	8.974850	8.987810	8.991260
Hungarian Forint	NA	NA	NA	NA	NA	NA	NA	NA	NA	NA	NA
Icelandic Krona	NA	97.835900	97.914200	98.082500	97.762000	98.229600	98.095100	97.691100	97.502100	97.425300	97.138100
Indian Rupee	59.976900	60.276500	60.097200	59.980800	59.853700	60.053500	59.464300	59.902900	59.703200	59.766800	59.512300
Indonesian Rupiah	NA	NA	NA	NA	NA	NA	NA	NA	NA	NA	NA
Iranian Rial	2,467.570000	2,472.580000	2,482.010000	NA	NA	NA	2,475.160000	2,452.030000	2,470.110000	2,470.110000	NA
Israeli New Sheqel	NA	NA	NA	NA	NA	NA	NA	NA	NA	NA	NA
Kazakhstani Tenge	NA	NA	NA	NA	NA	NA	NA	NA	NA	NA	NA
Korean Won	1,687.140000	1,685.220000	1,650.520000	1,635.230000	NA	NA	1,641.630000	1,651.490000	1,646.890000	1,667.190000	1,661.160000
Kuwaiti Dinar	0.424819	0.426439	0.426166	0.425240	NA	0.426095	0.422602	0.425508	0.423567	NA	NA
Libyan Dinar	NA	NA	NA	NA	NA	NA	NA	NA	NA	NA	NA
Malaysian Ringgit	5.361380	5.381830	5.372140	5.360470	5.349110	5.366970	5.316810	5.356020	5.335660	5.347630	5.321100
Mauritian Rupee	NA	NA	NA	NA	NA	NA	NA	NA	NA	NA	NA
Mexican Peso	NA	NA	NA	NA	NA	NA	NA	NA	NA	NA	NA
Nepalese Rupee	95.482000	95.846100	95.673500	95.465700	95.263400	95.581500	94.688200	95.386600	95.023800	95.237000	94.764600
New Zealand Dollar	NA	NA	NA	NA	2.597160	2.610650	2.564910	2.595730	2.609890	NA	2.602770
Norwegian Krone	10.597500	10.533900	10.507600	10.458800	10.371200	10.448400	10.457300	10.497900	10.512500	10.549000	10.440000
Rial Omani	0.542487	0.544556	0.543575	0.542395	0.541245	0.543052	0.537977	0.541945	0.539884	0.541095	0.538412
Pakistani Rupee	65.063200	65.311300	65.193700	65.052100	64.914200	65.131000	64.522300	64.998200	64.751000	64.896300	64.574400
Nuevo Sol	NA	NA	NA	NA	NA	NA	NA	NA	NA	NA	NA
Philippine Peso	NA	NA	NA	NA	NA	NA	NA	NA	NA	NA	NA
Polish Zloty	NA	NA	NA	NA	NA	NA	NA	NA	NA	NA	NA
Qatar Riyal	5.135640	5.155220	5.145940	5.134770	5.123880	5.140990	5.092940	5.130510	5.111000	5.122460	5.097060
Russian Ruble	NA	NA	NA	NA	NA	NA	NA	NA	NA	NA	NA
Saudi Arabian Riyal	5.283780	5.303930	5.294380	5.282880	5.271690	5.289290	5.239850	5.278500	5.258430	5.270230	5.244090
Singapore Dollar	2.339260	2.350300	2.366570	2.360300	2.358820	2.366410	2.347090	2.376100	2.359620	2.364210	2.352490
South African Rand	8.298150	8.164090	8.049010	8.258650	8.173580	8.325160	8.448830	8.762030	8.588300	8.624450	8.326820
Sri Lanka Rupee	95.601900	95.909800	95.832500	95.737300	95.492100	95.867500	95.097400	95.714300	95.325700	NA	95.149700
Swedish Krona	11.362600	11.351400	NA	11.186500	11.026200	11.148500	11.036600	10.991100	10.955600	11.022900	10.978300
Swiss Franc	1.930940	1.936750	1.940330	1.955440	1.948910	1.964310	1.956030	1.926900	1.920130	1.922190	1.940800
Thai Baht	51.150400	51.093400	51.428300	51.545200	51.145900	51.251700	50.845500	51.812500	51.837300	NA	51.042000
Trinidad And Tobago Dollar	8.850090	8.883980	8.861340	8.851260	8.845310	8.870330	8.785190	8.827430	8.824470	8.842440	8.800400
Tunisian Dinar	NA	NA	NA	NA	NA	NA	NA	NA	NA	NA	NA
U.A.E. Dirham	5.181490	5.201250	5.191890	5.180610	5.169630	5.186890	5.138420	5.176320	5.156630	5.168200	5.142570
Peso Uruguayo	NA	NA	NA	NA	NA	NA	NA	NA	NA	NA	NA
Bolivar Fuerte	NA	NA	NA	NA	NA	NA	NA	NA	NA	NA	NA

Currency units per SDR for January 1999 Continued

Currency	January 19, 1999	January 20, 1999	January 21, 1999	January 22, 1999	January 25, 1999	January 26, 1999	January 27, 1999	January 28, 1999	January 29, 1999
Chinese Yuan	11.626400	11.608200	11.616800	11.603300	11.600600	11.614000	11.582200	11.524000	11.504200
Euro	1.209000	1.211330	1.212560	1.211710	1.209690	1.211360	1.213630	1.220120	1.220810
Japanese Yen	161.293000	158.719000	158.756000	159.360000	160.310000	159.409000	159.060000	160.725000	161.491000
U.K. Pound Sterling	0.846216	0.849300	0.853775	0.848465	0.845283	0.845588	0.845943	0.844143	0.843614
U.S. Dollar	1.404380	1.402110	1.403180	1.401580	1.401310	1.403000	1.399190	1.392160	1.389770
Algerian Dinar	NA	NA	NA	NA	NA	NA	NA	NA	NA
Australian Dollar	2.213360	2.194570	2.197960	2.192370	2.216910	NA	2.218820	2.222830	2.210900
Bahrain Dinar	0.528047	0.527193	0.527596	0.526994	0.526893	0.527528	0.526095	0.523452	0.522554
Botswana Pula	0.309385	0.310567	0.310243	0.307647	0.308428	0.308800	0.308941	0.305440	0.305471
Brazilian Real	2.159370	2.183370	2.206780	2.325780	2.387970	2.469000	2.625160	2.628120	2.668080
Brunei Dollar	NA	NA	2.338820	NA	2.348600	2.352130	2.339450	2.336740	2.337180
Canadian Dollar	2.148420	2.134430	2.123290	2.127320	2.122280	2.132980	2.127750	2.124440	2.094940
Chilean Peso	NA	662.174000	662.511000	662.092000	662.287000	663.058000	661.957000	660.190000	659.446000
Colombian Peso	2,219.480000	NA	2,220.630000	2,228.020000	2,230.620000	2,232.990000	2,227.080000	2,213.990000	2,196.840000
Czech Koruna	NA	NA	NA	NA	NA	NA	NA	NA	NA
Danish Krone	8.998850	9.006450	9.021890	8.973760	8.981560	9.022410	9.031350	9.044860	9.058380
Hungarian Forint	NA	NA	NA	NA	NA	NA	NA	NA	NA
Icelandic Krona	97.365700	97.418600	97.563100	97.157500	97.040700	97.059500	97.103800	97.089200	97.144900
Indian Rupee	59.686100	59.589700	59.649200	59.581200	59.569700	59.641500	59.451600	59.166800	59.065200
Indonesian Rupiah	NA	NA	NA	NA	NA	NA	NA	NA	NA
Iranian Rial	NA	2,461.180000	2,457.200000	2,457.200000	2,456.270000	2,455.800000	2,458.760000	2,452.080000	2,452.080000
Israeli New Sheqel	NA	NA	NA	NA	NA	NA	NA	NA	NA
Kazakhstani Tenge	NA	NA	NA	NA	NA	NA	NA	NA	NA
Korean Won	1,656.040000	NA	NA	1,645.600000	1,647.240000	1,663.400000	1,645.590000	1,636.620000	1,633.120000
Kuwaiti Dinar	NA	NA	NA	NA	0.423070	0.423580	0.422429	0.421240	NA
Libyan Dinar	NA	NA	NA	NA	NA	NA	NA	NA	NA
Malaysian Ringgit	5.336640	5.328020	5.332080	5.326000	5.324980	5.331400	5.316920	5.290210	5.281130
Mauritian Rupee	NA	NA	NA	NA	NA	NA	NA	NA	NA
Mexican Peso	NA	NA	NA	NA	NA	NA	NA	NA	NA
Nepalese Rupee	95.041400	94.887800	94.960200	94.851900	94.833700	94.948000	94.690200	94.214400	94.052700
New Zealand Dollar	NA	NA	2.603300	2.576430	2.611950	2.629800	2.603140	NA	2.590440
Norwegian Krone	10.433700	10.417400	10.434200	10.447900	10.418500	10.432800	10.435300	10.456500	10.472800
Rial Omani	0.539984	0.539111	0.539523	0.538908	0.538804	0.539454	0.537989	0.535286	0.534367
Pakistani Rupee	64.763000	64.658300	64.707600	64.633900	64.621400	64.699300	64.523600	64.199500	64.089200
Nuevo Sol	NA	NA	NA	NA	NA	NA	NA	NA	NA
Philippine Peso	NA	NA	NA	NA	NA	NA	NA	NA	NA
Polish Zloty	NA	NA	NA	NA	NA	NA	NA	NA	NA
Qatar Riyal	5.111940	5.103680	5.107580	5.101750	5.100770	5.106920	5.093050	5.067460	5.058760
Russian Ruble	NA	NA	NA	NA	NA	NA	NA	NA	NA
Saudi Arabian Riyal	5.259400	5.250900	5.254910	5.248920	5.247910	5.254240	5.239970	5.213640	5.204690
Singapore Dollar	NA	2.358350	2.353130	2.346530	2.362610	2.360550	2.354980	2.351360	2.348430
South African Rand	8.484560	8.390930	8.477310	8.471850	8.480030	8.490250	8.418230	8.417700	8.417140
Sri Lanka Rupee	NA	95.231300	95.430300	95.321500	95.373200	95.460100	95.242900	94.903500	94.803200
Swedish Krona	11.003300	10.858600	10.808700	10.886800	10.785900	10.825500	10.807300	10.748200	10.802700
Swiss Franc	1.929340	1.939260	1.945790	1.939650	1.931990	1.944420	1.952570	1.967680	1.969860
Thai Baht	NA	NA	NA	51.405700	51.821800	51.462000	51.340500	51.322000	51.220000
Trinidad And Tobago Dollar	NA	8.784920	8.788960	NA	8.801910	8.813790	8.783560	8.735800	8.714690
Tunisian Dinar	NA	NA	NA	NA	NA	NA	NA	NA	NA
U.A.E. Dirham	5.157590	5.149250	5.153180	5.147300	5.146310	5.152520	5.138530	5.112710	5.103930
Peso Uruguayo	NA	NA	NA	NA	NA	NA	NA	NA	NA
Bolivar Fuerte	NA	NA	NA	NA	NA	NA	NA	NA	NA

Notes:


The value of the U.S. dollar in terms of the SDR is the reciprocal of the sum of the dollar values, based on market exchange rates, of specified quantities of the SDR basket currencies. See SDR Valuation.

These rates are the official rates used by the Fund to conduct operations with member countries. The rates are derived from the currency's representative exchange rate, as reported by the central bank, normally against the U.S. dollar at spot market rates and rounded to six significant digits. See Representative Exchange Rates for Selected Currencies.

The value in terms of each national currency of the SDR (shown above) is the reciprocal of the value in terms of the SDR of each national currency, rounded to six significant digits.

Exchange rates are published daily except on IMF holidays or whenever the IMF is closed for business.
