Currency units per SDR for July 1999
Currency	July 01, 1999	July 02, 1999	July 05, 1999	July 06, 1999	July 07, 1999	July 08, 1999	July 09, 1999	July 12, 1999	July 13, 1999	July 14, 1999	July 15, 1999
Chinese Yuan	11.068800	11.025700	NA	10.999500	10.997100	10.979900	10.977400	10.956000	10.983800	10.999200	11.016600
Euro	1.302650	1.300510	1.300120	1.300000	1.299570	1.302670	1.299630	1.307360	1.303100	1.306810	1.304690
Japanese Yen	161.581000	161.087000	163.159000	162.451000	162.227000	162.283000	162.625000	161.634000	162.021000	161.152000	160.548000
U.K. Pound Sterling	0.845907	0.845458	0.843337	0.847134	0.851879	0.851171	0.854307	0.852706	0.853015	0.853082	0.850042
U.S. Dollar	1.337040	1.331850	1.330280	1.328730	1.328420	1.326380	1.326140	1.323570	1.326950	1.328760	1.330910
Algerian Dinar	NA	NA	NA	NA	NA	NA	NA	NA	NA	NA	NA
Australian Dollar	1.999760	1.996780	1.996820	1.981110	2.005160	1.983520	1.998700	1.987640	1.999620	2.011750	2.020510
Bahrain Dinar	0.502727	0.500776	0.500185	0.499602	0.499486	0.498719	0.498629	0.497662	0.498933	0.499614	0.500422
Botswana Pula	6.184270	6.151730	NA	6.151530	6.155790	6.169210	6.173840	6.190690	6.229810	6.217880	6.227940
Brazilian Real	2.364820	2.339660	2.354330	2.345870	2.357410	2.361880	2.374190	2.387190	2.412660	2.442790	2.409080
Brunei Dollar	2.269630	2.262810	2.260810	2.248210	2.253660	2.254180	2.255100	2.248750	2.253820	2.256900	2.261880
Canadian Dollar	NA	1.950490	1.951920	1.950840	1.952780	1.949380	1.953540	1.960600	1.967200	1.967490	1.972940
Chilean Peso	656.527000	653.965000	653.846000	653.257000	653.211000	652.804000	652.262000	651.938000	652.793000	653.816000	654.395000
Colombian Peso	2,321.140000	2,332.420000	2,335.050000	2,332.330000	2,354.880000	2,381.330000	2,428.290000	2,435.870000	2,504.180000	2,559.920000	2,504.000000
Czech Koruna	NA	NA	NA	NA	NA	NA	NA	NA	NA	NA	NA
Danish Krone	9.601020	9.666830	9.669140	9.671690	9.640610	9.678460	9.681090	9.704150	9.740740	9.722940	9.687830
Hungarian Forint	NA	NA	NA	NA	NA	NA	NA	NA	NA	NA	324.982000
Icelandic Krona	99.462400	99.622400	99.558200	99.721200	99.551800	99.889700	100.124000	100.128000	100.185000	100.122000	100.098000
Indian Rupee	58.000800	57.775700	57.574500	57.507400	57.507300	57.511800	57.541200	57.231200	57.364000	57.455600	57.588500
Indonesian Rupiah	NA	NA	NA	NA	NA	NA	NA	NA	NA	NA	NA
Iranian Rial	2,343.720000	2,343.720000	2,334.070000	2,334.070000	2,324.680000	2,328.060000	NA	2,324.060000	2,319.560000	2,325.480000	2,328.650000
Israeli New Sheqel	NA	NA	NA	NA	NA	NA	NA	NA	NA	NA	NA
Kazakhstani Tenge	NA	NA	NA	NA	NA	NA	NA	NA	NA	NA	NA
Korean Won	1,549.090000	1,545.880000	1,552.170000	1,545.710000	1,549.200000	1,553.320000	1,562.720000	1,571.740000	1,574.560000	1,563.680000	1,571.410000
Kuwaiti Dinar	0.409977	NA	0.408635	0.408159	0.408064	0.407782	NA	0.406852	0.407958	0.408514	0.408683
Libyan Dinar	0.634115	0.634115	0.634115	0.634115	0.634115	0.634115	0.634115	0.634115	0.634115	0.634115	0.634115
Malaysian Ringgit	5.080750	5.061030	5.055060	5.049170	5.048000	5.040240	5.039330	5.029570	5.042410	5.049290	5.057460
Mauritian Rupee	NA	NA	NA	NA	NA	NA	NA	NA	NA	NA	NA
Mexican Peso	NA	NA	NA	NA	NA	NA	NA	NA	NA	NA	NA
Nepalese Rupee	91.553800	91.198400	91.090900	90.984800	90.963600	90.823900	90.807400	90.631500	90.862900	90.986800	91.134100
New Zealand Dollar	2.493780	2.495740	2.509250	2.501140	2.533460	2.518040	2.524300	2.510800	2.527520	2.552120	2.551590
Norwegian Krone	10.532500	10.509400	10.491900	10.483800	10.509000	10.545100	10.545900	10.599400	10.575400	10.640000	10.657300
Rial Omani	0.514092	0.512096	0.511493	0.510897	0.510777	0.509993	0.509901	0.508913	0.510212	0.510908	0.511735
Pakistani Rupee	68.994900	68.727100	68.633200	68.553200	68.537200	68.432000	68.419600	68.470700	68.645600	68.739200	68.850400
Nuevo Sol	NA	NA	NA	NA	NA	NA	NA	NA	NA	NA	NA
Philippine Peso	NA	NA	NA	NA	NA	NA	NA	NA	NA	NA	NA
Polish Zloty	NA	NA	NA	NA	NA	NA	NA	NA	NA	NA	NA
Qatar Riyal	4.866830	4.847930	4.842220	4.836580	4.835450	4.828020	4.827150	4.817790	4.830100	4.836690	4.844510
Russian Ruble	NA	NA	NA	NA	NA	NA	NA	NA	NA	NA	NA
Saudi Arabian Riyal	5.007210	4.987780	4.981900	4.976090	4.974930	4.967290	4.966390	4.956770	4.969430	4.976210	4.984260
Singapore Dollar	2.269630	2.262810	2.260810	2.248210	2.253660	2.254180	2.255100	2.248750	2.253820	2.256900	2.261880
South African Rand	8.034940	8.027730	7.999640	8.020880	8.042920	8.039850	8.067570	8.096940	8.205200	8.160580	8.191090
Sri Lanka Rupee	94.816200	NA	94.443200	94.359800	94.377600	94.312200	94.335000	94.191900	94.432400	94.514700	94.641000
Swedish Krona	11.271200	11.320700	11.330700	11.334100	11.301500	11.300800	11.315300	11.359500	11.428400	11.447300	11.429200
Swiss Franc	2.074020	2.089670	2.087080	2.087300	2.083230	2.086400	2.090660	2.102490	2.092600	2.095590	2.094990
Thai Baht	NA	49.086700	49.090000	48.890600	48.984200	49.099900	49.243600	49.113700	49.340000	49.312900	49.383400
Trinidad And Tobago Dollar	8.387250	8.359490	8.329680	8.329540	8.322950	8.304070	NA	8.301430	8.315330	8.342490	8.346400
Tunisian Dinar	NA	NA	NA	NA	NA	NA	NA	NA	NA	NA	NA
U.A.E. Dirham	4.910280	4.891220	4.885450	4.879760	4.878620	4.871130	4.870250	4.860810	4.873220	4.879870	4.887770
Peso Uruguayo	NA	NA	NA	NA	NA	NA	NA	NA	NA	NA	NA
Bolivar Fuerte	NA	NA	NA	NA	NA	NA	NA	NA	NA	NA	NA

Currency units per SDR for July 1999 Continued

Currency	July 16, 1999	July 19, 1999	July 20, 1999	July 21, 1999	July 22, 1999	July 23, 1999	July 26, 1999	July 27, 1999	July 28, 1999	July 29, 1999	July 30, 1999
Chinese Yuan	11.012800	11.006200	11.114200	11.123200	11.165700	11.189500	11.256000	11.224400	11.223500	11.274200	11.292100
Euro	1.304140	1.310560	1.289790	1.284480	1.284850	1.287960	1.271180	1.276080	1.278870	1.275340	1.275680
Japanese Yen	160.868000	160.427000	NA	160.116000	159.676000	158.503000	158.769000	158.188000	157.837000	157.590000	157.157000
U.K. Pound Sterling	0.849604	0.853241	0.853302	0.854358	0.854096	0.854135	0.855451	0.852672	0.855029	0.850331	0.842625
U.S. Dollar	1.330480	1.329690	1.342670	1.343820	1.348960	1.351840	1.359910	1.356090	1.355990	1.362060	1.364210
Algerian Dinar	NA	NA	NA	NA	NA	NA	NA	NA	NA	NA	NA
Australian Dollar	2.014960	2.016820	2.059630	2.073480	2.079160	2.083920	2.087350	2.098560	2.102640	2.114020	2.092350
Bahrain Dinar	0.500260	0.499963	0.504844	0.505276	0.507209	0.508292	0.511326	0.509890	0.509852	0.512135	0.512943
Botswana Pula	6.220100	NA	NA	6.244520	6.256770	6.267220	6.301710	6.289840	6.295220	6.326340	6.324570
Brazilian Real	2.431190	2.406610	2.406200	2.415380	2.450120	2.455350	2.466740	2.467410	2.463160	2.439040	2.446160
Brunei Dollar	2.260490	2.267120	2.279850	2.285170	2.289860	2.296780	2.311170	2.284330	2.284170	2.299570	2.302100
Canadian Dollar	1.972300	1.983370	2.002460	2.017070	2.026810	2.037900	2.053190	2.052040	2.048900	2.053990	2.054910
Chilean Peso	654.503000	654.593000	659.117000	657.034000	660.936000	NA	664.262000	662.979000	663.432000	665.584000	666.567000
Colombian Peso	2,425.850000	2,422.630000	NA	2,444.460000	2,441.020000	2,443.990000	2,490.250000	2,481.140000	2,480.190000	2,474.990000	2,464.470000
Czech Koruna	NA	NA	NA	NA	NA	NA	NA	NA	NA	NA	NA
Danish Krone	9.703720	9.748360	9.625470	9.560740	9.560080	9.565080	9.519100	9.500770	9.506030	9.493150	9.479490
Hungarian Forint	325.249000	326.266000	324.496000	322.812000	323.642000	324.090000	324.747000	322.058000	322.427000	323.013000	323.181000
Icelandic Krona	99.772700	100.205000	99.840900	99.738300	99.904000	99.792800	99.436600	99.428500	99.448300	99.416800	NA
Indian Rupee	57.543300	57.469200	58.003300	58.133700	58.356000	58.480600	58.856900	58.705100	58.755000	59.004400	59.056700
Indonesian Rupiah	NA	NA	NA	NA	NA	NA	NA	NA	NA	NA	NA
Iranian Rial	2,328.650000	2,331.670000	2,330.280000	2,353.030000	NA	NA	2,369.100000	2,383.240000	2,376.550000	NA	2,376.370000
Israeli New Sheqel	NA	NA	NA	NA	NA	NA	NA	NA	NA	NA	NA
Kazakhstani Tenge	NA	NA	NA	NA	NA	NA	NA	NA	NA	NA	NA
Korean Won	1,575.550000	1,571.290000	1,592.540000	1,602.100000	1,615.240000	1,631.130000	1,643.320000	1,639.780000	1,633.560000	1,633.380000	1,638.550000
Kuwaiti Dinar	NA	0.408640	0.411502	0.411854	0.412687	NA	NA	0.413716	0.413902	0.415347	NA
Libyan Dinar	0.634115	0.634115	0.634115	0.634115	0.634115	0.634115	0.634115	0.634115	0.634115	0.634115	0.634115
Malaysian Ringgit	5.055820	5.052820	5.102150	5.106520	5.126050	5.136990	5.167660	5.153140	5.152760	5.175830	5.184000
Mauritian Rupee	NA	NA	NA	NA	NA	NA	NA	NA	NA	NA	NA
Mexican Peso	NA	NA	NA	NA	NA	NA	NA	NA	NA	NA	NA
Nepalese Rupee	91.104600	91.050500	91.939300	92.018100	92.370000	92.567200	93.119800	92.858300	92.851400	93.267100	93.414300
New Zealand Dollar	2.540780	2.535400	2.564060	2.568710	2.557510	2.547520	2.569990	2.578850	2.592720	2.605070	2.580070
Norwegian Krone	10.598700	NA	10.511800	10.613600	10.627000	10.611500	10.602900	10.626600	10.675400	10.653800	10.632100
Rial Omani	0.511570	0.511266	0.516257	0.516699	0.518675	0.519782	0.522885	0.521417	0.521378	0.523712	0.524539
Pakistani Rupee	68.828200	68.853900	69.526000	69.585600	69.851700	70.000800	70.418700	69.869600	69.864400	70.177100	70.287900
Nuevo Sol	NA	NA	NA	NA	NA	NA	NA	NA	NA	NA	NA
Philippine Peso	NA	NA	NA	NA	NA	NA	NA	NA	NA	NA	NA
Polish Zloty	NA	NA	NA	NA	NA	NA	NA	NA	NA	NA	NA
Qatar Riyal	4.842950	4.840070	4.887320	4.891500	4.910210	4.920700	4.950070	4.936170	4.935800	4.957900	4.965720
Russian Ruble	NA	NA	NA	NA	NA	NA	NA	NA	NA	NA	NA
Saudi Arabian Riyal	4.982650	4.979690	5.028300	5.032610	5.051860	5.062640	5.092860	5.078560	5.078180	5.100910	5.108970
Singapore Dollar	2.260490	2.267120	2.279850	2.285170	2.289860	2.296780	2.311170	2.284330	2.284170	2.299570	2.302100
South African Rand	8.160500	8.186240	8.228550	8.232910	8.234730	8.250960	8.355970	8.321650	8.330520	8.410040	8.393300
Sri Lanka Rupee	94.677000	94.687200	95.557800	95.653100	95.951500	96.129300	96.662400	96.363800	NA	96.760700	96.872600
Swedish Krona	11.415500	11.438700	11.342200	11.298200	11.294200	11.328400	11.328100	11.238600	11.207300	11.230200	11.203600
Swiss Franc	2.096570	2.104500	2.074160	2.063700	2.059860	2.066020	2.044350	2.043360	2.044970	2.037230	2.039900
Thai Baht	49.390100	49.439200	49.858700	49.948400	50.302700	50.558800	50.803500	50.519800	NA	50.475200	50.657200
Trinidad And Tobago Dollar	8.339580	8.347130	8.432370	8.424270	8.461760	8.483340	8.518750	8.498210	8.503820	8.541890	8.554140
Tunisian Dinar	NA	NA	NA	NA	NA	NA	NA	NA	NA	NA	NA
U.A.E. Dirham	4.886190	4.883290	4.930960	4.935180	4.954060	4.964630	4.994270	4.980240	4.979870	5.002170	5.010060
Peso Uruguayo	NA	NA	NA	NA	NA	NA	NA	NA	NA	NA	NA
Bolivar Fuerte	NA	NA	NA	NA	NA	NA	NA	NA	NA	NA	NA

Notes:


The value of the U.S. dollar in terms of the SDR is the reciprocal of the sum of the dollar values, based on market exchange rates, of specified quantities of the SDR basket currencies. See SDR Valuation.

These rates are the official rates used by the Fund to conduct operations with member countries. The rates are derived from the currency's representative exchange rate, as reported by the central bank, normally against the U.S. dollar at spot market rates and rounded to six significant digits. See Representative Exchange Rates for Selected Currencies.

The value in terms of each national currency of the SDR (shown above) is the reciprocal of the value in terms of the SDR of each national currency, rounded to six significant digits.

Exchange rates are published daily except on IMF holidays or whenever the IMF is closed for business.
