Currency units per SDR for February 2000
Currency	February 01, 2000	February 02, 2000	February 03, 2000	February 04, 2000	February 07, 2000	February 08, 2000	February 09, 2000	February 10, 2000	February 11, 2000	February 14, 2000	February 15, 2000
Chinese Yuan	11.133500	11.121700	11.123900	11.158700	11.131500	11.146500	11.177700	11.174600	11.117300	11.158000	11.121000
Euro	1.385220	1.382770	1.378520	1.370480	1.376660	1.359580	1.359130	1.367840	1.370130	1.366100	1.373990
Japanese Yen	144.391000	145.852000	145.061000	144.896000	144.744000	147.160000	147.167000	146.681000	NA	146.116000	146.279000
U.K. Pound Sterling	0.834761	0.835805	0.839810	0.848517	0.844161	0.842389	0.837516	0.839154	0.840075	0.847861	0.847093
U.S. Dollar	1.345050	1.343640	1.343780	1.347870	1.344580	1.346390	1.350160	1.349780	1.342860	1.347930	1.343490
Algerian Dinar	NA	NA	NA	NA	NA	NA	NA	NA	NA	NA	NA
Australian Dollar	2.115520	2.101080	2.118520	2.128330	2.104850	2.117630	2.132280	2.126310	2.136270	2.130100	2.145120
Bahrain Dinar	0.505739	0.505209	0.505261	0.506799	0.505562	0.506243	0.507660	0.507517	0.504915	0.506822	0.505152
Botswana Pula	6.359570	6.325990	6.335600	6.357880	6.360360	6.368920	6.365680	6.394030	6.406770	6.385270	6.397570
Brazilian Real	2.394190	2.407800	2.404290	2.395300	2.390260	NA	2.382490	2.378850	2.375120	2.377610	2.376770
Brunei Dollar	2.289950	2.282170	2.275020	2.275200	NA	2.282130	2.285820	2.282880	2.274800	2.281370	2.275870
Canadian Dollar	1.947500	1.938870	1.936790	1.949690	1.943590	1.948900	1.950170	1.957180	1.948760	1.960700	1.959080
Chilean Peso	677.165000	676.671000	676.566000	677.466000	676.848000	677.086000	678.752000	678.953000	676.439000	678.063000	677.079000
Colombian Peso	2,654.270000	2,647.790000	2,641.350000	2,625.040000	2,620.050000	2,626.250000	2,632.190000	2,627.360000	2,621.650000	2,625.980000	2,620.840000
Czech Koruna	NA	NA	NA	NA	NA	NA	NA	NA	NA	NA	NA
Danish Krone	10.328800	10.295900	10.280200	10.133800	10.203200	10.197800	10.161800	10.155500	10.163000	10.140300	10.205300
Hungarian Forint	354.394000	353.149000	352.836000	347.387000	350.129000	350.613000	348.746000	348.270000	348.392000	348.076000	350.543000
Icelandic Krona	99.506800	99.456200	99.735400	99.243700	99.243400	98.852000	99.142200	NA	98.821100	98.412400	97.940400
Indian Rupee	58.657600	58.569300	58.575400	58.780600	58.637100	58.729500	58.867000	58.904400	58.589000	58.823700	58.603000
Indonesian Rupiah	NA	NA	NA	NA	NA	NA	NA	NA	NA	NA	NA
Iranian Rial	2,382.280000	2,357.200000	2,354.730000	2,354.730000	2,362.140000	2,356.380000	2,359.550000	2,366.160000	2,366.160000	2,365.490000	2,362.250000
Israeli New Sheqel	NA	NA	NA	NA	NA	NA	NA	NA	NA	NA	NA
Kazakhstani Tenge	NA	NA	NA	NA	NA	NA	NA	NA	NA	NA	NA
Korean Won	1,513.720000	1,511.600000	1,519.820000	NA	1,518.030000	1,520.070000	1,525.820000	1,519.180000	1,505.480000	1,505.370000	1,504.310000
Kuwaiti Dinar	0.411531	0.411409	0.411452	NA	0.411294	0.412197	0.413000	NA	NA	0.412520	0.411457
Libyan Dinar	0.634115	0.634115	0.634115	0.634115	0.634115	0.634115	0.634115	0.634115	0.634115	0.634115	0.634115
Malaysian Ringgit	5.111190	5.105830	5.106360	5.121910	5.109400	5.116280	5.130610	5.129160	5.102870	5.122130	5.105260
Mauritian Rupee	NA	NA	NA	NA	NA	NA	NA	NA	NA	NA	NA
Mexican Peso	NA	NA	NA	NA	NA	NA	NA	NA	NA	NA	NA
Nepalese Rupee	92.835400	92.738000	92.747700	93.030000	92.802900	92.927800	93.188000	93.161800	92.684200	93.034100	92.727700
New Zealand Dollar	2.711520	2.721300	2.712790	2.728480	2.704580	2.721900	2.742560	2.740950	2.731890	2.730260	2.760690
Norwegian Krone	NA	11.090400	11.093600	11.077600	11.094500	10.974600	10.985200	11.037700	11.015100	11.037400	11.086100
Rial Omani	0.517172	0.516630	0.516683	0.518256	0.516991	0.517687	0.519137	0.518990	0.516330	0.518279	0.516572
Pakistani Rupee	69.659100	69.586000	69.593300	69.805100	69.636300	69.730100	69.925300	69.905600	69.547300	69.810400	69.580500
Nuevo Sol	NA	NA	NA	NA	NA	NA	NA	NA	NA	NA	NA
Philippine Peso	NA	NA	NA	NA	NA	NA	NA	NA	NA	NA	NA
Polish Zloty	NA	NA	NA	NA	NA	NA	NA	NA	NA	NA	NA
Qatar Riyal	4.895980	4.890850	4.891360	4.906250	4.894270	4.900860	4.914580	4.913200	4.888010	4.906470	4.890300
Russian Ruble	NA	NA	NA	NA	NA	NA	NA	NA	NA	NA	NA
Saudi Arabian Riyal	5.037210	5.031930	5.032460	5.047770	5.035450	5.042230	5.056350	5.054930	5.029010	5.048000	5.031370
Singapore Dollar	2.289950	2.282170	2.275020	2.275200	NA	2.282130	2.285820	2.282880	2.274800	2.281370	2.275870
South African Rand	8.469110	8.417230	8.410050	8.485520	8.489010	8.497740	8.502630	8.554230	8.588260	8.550590	8.562730
Sri Lanka Rupee	97.771700	97.729700	97.713000	NA	97.771100	97.997000	98.217400	98.149300	97.713200	98.129300	97.873200
Swedish Krona	11.897000	11.803900	11.714400	11.527700	11.610400	11.632800	11.567500	11.530500	11.515000	11.572000	11.594300
Swiss Franc	2.230090	2.224130	2.220730	2.199720	2.207400	2.195020	2.192390	2.191770	2.200010	2.190790	2.200230
Thai Baht	50.479700	50.440200	50.562400	50.564000	50.369300	50.706400	50.740400	50.498000	50.331700	50.488100	50.387600
Trinidad And Tobago Dollar	8.444490	8.415750	8.421470	8.446830	8.436840	8.453710	8.476980	8.457320	8.415300	8.449630	8.421800
Tunisian Dinar	NA	NA	NA	NA	NA	NA	NA	NA	NA	NA	NA
U.A.E. Dirham	4.939700	4.934520	4.935030	4.950050	4.937970	4.944620	4.958460	4.957070	4.931650	4.950270	4.933970
Peso Uruguayo	NA	NA	NA	NA	NA	NA	NA	NA	NA	NA	NA
Bolivar Fuerte	NA	NA	NA	NA	NA	NA	NA	NA	NA	NA	NA

Currency units per SDR for February 2000 Continued

Currency	February 16, 2000	February 17, 2000	February 18, 2000	February 21, 2000	February 22, 2000	February 23, 2000	February 24, 2000	February 25, 2000	February 28, 2000	February 29, 2000
Chinese Yuan	11.130800	11.152700	11.115200	NA	11.153700	11.171000	11.135500	11.092900	11.085300	11.087400
Euro	1.371550	1.358400	1.362350	1.360540	1.344540	1.340370	1.359050	1.365480	1.389180	1.378710
Japanese Yen	146.703000	148.079000	148.790000	148.391000	150.516000	148.848000	149.585000	148.533000	145.820000	147.562000
U.K. Pound Sterling	0.840209	0.836115	0.836888	0.838594	0.838258	0.839177	0.840639	0.840727	0.842263	0.840887
U.S. Dollar	1.344670	1.347400	1.342870	1.341080	1.347500	1.349480	1.345190	1.339950	1.339030	1.339280
Algerian Dinar	NA	NA	NA	NA	NA	NA	NA	NA	NA	NA
Australian Dollar	2.126630	2.137030	2.122110	2.136500	2.152210	2.170280	2.165120	2.168550	2.182250	2.180170
Bahrain Dinar	0.505596	0.506622	0.504919	0.504246	0.506660	0.507404	0.505791	0.503821	0.503475	0.503569
Botswana Pula	6.391020	6.373700	6.364310	NA	6.374170	6.368480	6.378330	6.329480	6.364210	6.377520
Brazilian Real	2.387600	2.388130	2.381180	2.373310	2.395320	2.404370	2.404930	2.381230	2.374500	2.381240
Brunei Dollar	2.283250	2.295300	2.288250	2.286540	2.300860	2.302890	2.302290	2.295200	2.286390	2.296200
Canadian Dollar	1.951920	1.956690	1.948240	1.948990	1.965600	1.976180	1.961150	1.943460	1.947220	1.940350
Chilean Peso	677.512000	678.295000	676.927000	NA	677.941000	678.910000	677.935000	676.085000	676.558000	676.511000
Colombian Peso	2,621.580000	2,623.100000	2,612.300000	2,611.630000	2,619.310000	2,620.070000	2,615.290000	2,609.850000	2,607.470000	2,606.470000
Czech Koruna	NA	NA	NA	NA	NA	NA	NA	NA	NA	NA
Danish Krone	10.208600	10.096100	10.144300	10.113400	10.047000	10.004400	10.039200	10.107800	10.305600	10.240700
Hungarian Forint	350.919000	347.562000	348.891000	348.600000	346.644000	346.047000	346.050000	348.360000	353.772000	352.097000
Icelandic Krona	97.838200	97.524800	97.210400	97.308800	97.249100	96.960100	97.190000	97.374200	98.258000	NA
Indian Rupee	58.627600	58.760100	58.562600	58.471100	58.764500	58.850800	58.663700	58.462000	58.408500	58.406000
Indonesian Rupiah	NA	NA	NA	NA	NA	NA	NA	NA	NA	NA
Iranian Rial	2,354.470000	2,356.530000	2,356.530000	2,353.380000	2,353.380000	2,361.490000	2,364.960000	2,364.960000	2,346.650000	2,346.650000
Israeli New Sheqel	NA	NA	NA	NA	NA	NA	NA	NA	NA	NA
Kazakhstani Tenge	NA	NA	NA	NA	NA	NA	NA	NA	NA	NA
Korean Won	1,515.980000	NA	1,514.490000	1,515.690000	1,524.020000	1,530.850000	1,525.040000	1,526.340000	1,527.830000	1,515.800000
Kuwaiti Dinar	0.411819	0.412655	NA	0.410719	0.412685	0.412388	0.411494	NA	0.409181	0.410690
Libyan Dinar	0.634115	0.634115	0.634115	0.634115	0.634115	0.634115	0.634115	0.634115	0.634115	0.634115
Malaysian Ringgit	5.109750	5.120120	5.102910	5.096100	5.120500	5.128020	5.111720	5.091810	5.088310	5.089260
Mauritian Rupee	NA	NA	NA	NA	NA	NA	NA	NA	NA	NA
Mexican Peso	NA	NA	NA	NA	NA	NA	NA	NA	NA	NA
Nepalese Rupee	92.809100	92.997500	92.684900	92.561300	93.004400	93.141100	92.845000	92.483300	92.419900	92.437100
New Zealand Dollar	2.752930	2.738900	2.722490	2.737180	2.751400	2.764480	2.751180	2.749180	2.757760	2.762830
Norwegian Krone	11.126700	11.079800	11.097100	11.115500	11.013800	10.984900	11.072900	11.098000	11.200300	11.140700
Rial Omani	0.517026	0.518075	0.516334	0.515645	0.518114	0.518875	0.517226	0.515211	0.514857	0.514953
Pakistani Rupee	69.641600	69.783000	69.548400	69.455700	69.788200	69.890700	69.668500	69.397100	69.462200	69.475100
Nuevo Sol	NA	NA	NA	NA	NA	NA	NA	NA	NA	NA
Philippine Peso	NA	NA	NA	NA	NA	NA	NA	NA	NA	NA
Polish Zloty	NA	NA	NA	NA	NA	NA	NA	NA	NA	NA
Qatar Riyal	4.894600	4.904540	4.888050	4.881530	4.904900	4.912110	4.896490	4.877420	4.874070	4.874980
Russian Ruble	NA	NA	NA	NA	NA	NA	NA	NA	NA	NA
Saudi Arabian Riyal	5.035790	5.046010	5.029050	5.022340	5.046390	5.053800	5.037740	5.018110	5.014670	5.015600
Singapore Dollar	2.283250	2.295300	2.288250	2.286540	2.300860	2.302890	2.302290	2.295200	2.286390	2.296200
South African Rand	8.520500	8.491310	8.483580	8.484340	8.508790	8.488900	8.526490	8.439680	8.486100	8.497060
Sri Lanka Rupee	97.945800	98.124400	97.854900	97.778100	98.286600	98.350100	98.104700	97.762800	97.735800	97.780800
Swedish Krona	11.691900	11.641500	11.599000	11.623800	11.608700	11.531300	11.531600	11.563800	11.753300	11.671800
Swiss Franc	2.201220	2.178070	2.184310	2.181800	2.166780	2.161330	2.180690	2.195110	2.223990	2.208200
Thai Baht	50.546100	50.756600	50.886700	NA	NA	51.299100	51.298800	50.951600	50.616700	50.922100
Trinidad And Tobago Dollar	8.433100	8.451300	8.421270	8.409510	8.442360	8.466370	8.441470	8.406850	8.379920	8.401710
Tunisian Dinar	NA	NA	NA	NA	NA	NA	NA	NA	NA	NA
U.A.E. Dirham	4.938300	4.948330	4.931690	4.925120	4.948690	4.955970	4.940210	4.920970	4.917590	4.918510
Peso Uruguayo	NA	NA	NA	NA	NA	NA	NA	NA	NA	NA
Bolivar Fuerte	NA	NA	NA	NA	NA	NA	NA	NA	NA	NA

Notes:


The value of the U.S. dollar in terms of the SDR is the reciprocal of the sum of the dollar values, based on market exchange rates, of specified quantities of the SDR basket currencies. See SDR Valuation.

These rates are the official rates used by the Fund to conduct operations with member countries. The rates are derived from the currency's representative exchange rate, as reported by the central bank, normally against the U.S. dollar at spot market rates and rounded to six significant digits. See Representative Exchange Rates for Selected Currencies.

The value in terms of each national currency of the SDR (shown above) is the reciprocal of the value in terms of the SDR of each national currency, rounded to six significant digits.

Exchange rates are published daily except on IMF holidays or whenever the IMF is closed for business.
