Currency units per SDR for January 2000
Currency	January 03, 2000	January 04, 2000	January 05, 2000	January 06, 2000	January 07, 2000	January 10, 2000	January 11, 2000	January 12, 2000	January 13, 2000	January 14, 2000	January 17, 2000
Chinese Yuan	11.393700	11.442500	11.442100	11.429100	11.386700	11.373300	11.373100	11.382400	11.374500	11.362400	NA
Euro	1.363820	1.341060	1.332880	1.328820	1.337320	1.342940	1.339350	1.333670	1.336870	1.342120	1.356330
Japanese Yen	NA	141.651000	142.477000	144.043000	144.819000	NA	144.507000	145.792000	145.139000	145.672000	144.027000
U.K. Pound Sterling	NA	0.842453	0.843000	0.837000	0.836150	0.839356	0.836412	0.834750	0.834459	0.834389	0.837768
U.S. Dollar	1.376090	1.381960	1.381930	1.380380	1.375300	1.373690	1.373640	1.374750	1.373770	1.372320	1.369080
Algerian Dinar	NA	NA	NA	NA	NA	NA	NA	NA	NA	NA	NA
Australian Dollar	NA	2.099290	2.107240	2.097200	2.103230	2.095320	2.094600	2.088330	2.072360	2.059300	2.057530
Bahrain Dinar	0.517410	0.519617	0.519606	0.519023	0.517113	0.516507	0.516489	0.516906	0.516538	0.515992	0.514774
Botswana Pula	6.367840	6.353840	6.321730	6.329120	6.300050	6.298440	6.301100	6.306190	6.295920	6.295050	NA
Brazilian Real	2.460720	2.487940	2.532940	2.558670	2.537840	2.510140	2.493570	2.503560	2.514820	2.495560	2.462840
Brunei Dollar	2.285000	2.290600	2.288480	2.285910	2.287810	2.278260	2.288480	2.293770	2.290070	2.295210	2.289790
Canadian Dollar	NA	2.006610	2.005600	2.011350	2.007940	2.000640	2.001810	1.999850	1.991140	1.988900	1.986260
Chilean Peso	685.196000	686.530000	686.543000	685.911000	684.624000	684.510000	684.389000	684.914000	684.728000	684.335000	683.609000
Colombian Peso	2,578.480000	NA	2,620.100000	2,640.240000	2,628.650000	2,610.200000	2,610.110000	2,615.120000	2,616.400000	NA	2,629.770000
Czech Koruna	NA	NA	NA	NA	NA	NA	NA	NA	NA	NA	NA
Danish Krone	10.119600	10.039200	9.922260	9.930730	9.937920	9.992910	9.929220	9.909470	9.927550	9.975260	10.070400
Hungarian Forint	NA	343.859000	339.361000	339.642000	339.892000	341.321000	339.839000	338.821000	339.857000	341.419000	345.296000
Icelandic Krona	NA	98.962200	99.181100	99.042300	99.214100	99.359000	99.149300	98.253400	98.499300	NA	NA
Indian Rupee	59.832400	60.115300	60.141600	60.074100	59.839300	59.796700	59.780800	59.842900	59.800200	59.723400	59.582400
Indonesian Rupiah	NA	NA	NA	NA	NA	NA	NA	NA	NA	NA	NA
Iranian Rial	NA	2,411.600000	2,421.880000	2,421.820000	2,421.820000	2,410.210000	2,407.390000	2,407.300000	2,409.250000	NA	NA
Israeli New Sheqel	NA	NA	NA	NA	NA	NA	NA	NA	NA	NA	NA
Kazakhstani Tenge	NA	NA	NA	NA	NA	NA	NA	NA	NA	NA	NA
Korean Won	NA	1,567.830000	1,555.780000	1,559.970000	1,566.600000	1,574.110000	1,559.490000	1,563.500000	1,575.710000	1,562.390000	1,543.090000
Kuwaiti Dinar	0.418221	0.419646	0.419416	0.418945	NA	NA	0.417669	0.417773	0.417475	NA	0.416899
Libyan Dinar	0.634115	0.634115	0.634115	0.634115	0.634115	0.634115	0.634115	0.634115	0.634115	0.634115	0.634115
Malaysian Ringgit	5.229140	5.251450	5.251330	5.245440	5.226140	5.220020	5.219830	5.224050	5.220330	5.214820	5.202500
Mauritian Rupee	NA	NA	NA	NA	NA	NA	NA	NA	NA	NA	NA
Mexican Peso	NA	NA	NA	NA	NA	NA	NA	NA	NA	NA	NA
Nepalese Rupee	NA	94.975200	94.973100	94.866600	94.517500	94.406800	94.403400	94.479700	94.412300	94.312700	94.090000
New Zealand Dollar	NA	NA	2.663450	2.656110	2.674900	2.660900	2.660290	2.656270	2.642120	2.628210	2.635380
Norwegian Krone	10.995100	10.929600	10.937600	10.900300	10.958700	10.998600	10.992700	10.957400	10.934900	10.920200	10.981500
Rial Omani	0.529107	0.531364	0.531352	0.530756	0.528803	0.528184	0.528165	0.528591	0.528215	0.527657	0.526411
Pakistani Rupee	NA	71.572900	71.571300	71.491100	71.228000	71.144600	71.142000	71.199500	71.148700	71.073600	70.905800
Nuevo Sol	NA	NA	NA	NA	NA	NA	NA	NA	NA	NA	NA
Philippine Peso	NA	NA	NA	NA	NA	NA	NA	NA	NA	NA	NA
Polish Zloty	NA	NA	NA	NA	NA	NA	NA	NA	NA	NA	NA
Qatar Riyal	5.008970	5.030330	5.030230	5.024580	5.006090	5.000230	5.000050	5.004090	5.000520	4.995240	4.983450
Russian Ruble	NA	NA	NA	NA	NA	NA	NA	NA	NA	NA	NA
Saudi Arabian Riyal	5.153460	5.175440	5.175330	5.169520	5.150500	5.144470	5.144280	5.148440	5.144770	5.139340	5.127200
Singapore Dollar	2.285000	2.290600	2.288480	2.285910	2.287810	2.278260	2.288480	2.293770	2.290070	2.295210	2.289790
South African Rand	NA	8.459670	8.400060	8.412730	8.332260	8.356840	8.342800	NA	8.328480	8.341650	8.312370
Sri Lanka Rupee	99.195400	99.563300	99.644100	99.628900	NA	99.283400	99.334800	99.442500	99.357900	99.335400	99.128200
Swedish Krona	11.658900	NA	11.528800	NA	NA	11.580200	11.566000	11.513500	11.550000	11.575500	11.613200
Swiss Franc	2.189500	2.149360	2.143100	2.133790	2.149460	2.162190	2.149060	2.146670	2.151190	2.163330	2.186420
Thai Baht	NA	51.103500	51.489300	51.474400	51.520100	50.957000	51.412600	51.716700	51.379000	51.481200	51.163900
Trinidad And Tobago Dollar	8.630560	8.662130	8.657240	8.645870	8.629870	8.610980	8.609980	8.626280	8.600900	8.615290	8.588380
Tunisian Dinar	NA	NA	NA	NA	NA	NA	NA	NA	NA	NA	NA
U.A.E. Dirham	5.053690	5.075250	5.075140	5.069450	5.050790	5.044880	5.044690	5.048770	5.045170	5.039850	5.027950
Peso Uruguayo	NA	NA	NA	NA	NA	NA	NA	NA	NA	NA	NA
Bolivar Fuerte	NA	NA	NA	NA	NA	NA	NA	NA	NA	NA	NA

Currency units per SDR for January 2000 Continued

Currency	January 18, 2000	January 19, 2000	January 20, 2000	January 21, 2000	January 24, 2000	January 25, 2000	January 26, 2000	January 27, 2000	January 28, 2000	January 31, 2000
Chinese Yuan	11.315800	11.310500	11.329900	11.358800	11.327000	NA	11.293100	11.285600	11.252900	11.198700
Euro	1.354170	1.351860	1.356380	1.358740	1.364500	1.363390	1.361610	1.366550	1.380340	1.381760
Japanese Yen	143.510000	144.323000	144.098000	143.914000	143.522000	144.089000	144.387000	144.029000	142.597000	144.555000
U.K. Pound Sterling	0.836706	0.834076	0.831127	0.828955	0.826945	0.829118	0.830058	0.832836	0.835090	0.833208
U.S. Dollar	1.366760	1.366050	1.368450	1.371920	1.368180	1.364480	1.364200	1.363270	1.359360	1.352880
Algerian Dinar	NA	NA	NA	NA	NA	NA	NA	NA	NA	NA
Australian Dollar	2.060550	2.056070	2.062780	2.062110	2.084690	2.080630	NA	2.089940	2.087790	2.119840
Bahrain Dinar	0.513902	0.513635	0.514537	0.515842	0.514436	0.513044	0.512939	0.512590	0.511119	0.508683
Botswana Pula	6.286840	6.295160	6.300410	6.316390	6.328310	NA	6.321590	6.331960	6.393980	6.372490
Brazilian Real	2.453200	2.447420	2.459930	2.428300	2.408000	2.407490	2.419140	2.399360	2.406070	2.408130
Brunei Dollar	2.287270	2.284450	2.292840	2.296590	2.304020	2.295740	2.304130	2.305970	2.300040	2.307340
Canadian Dollar	1.981940	1.983910	1.981520	1.974880	1.970180	1.963490	1.961450	1.955070	1.968760	1.963300
Chilean Peso	682.888000	682.697000	683.924000	685.151000	684.350000	NA	NA	682.644000	681.923000	679.646000
Colombian Peso	2,623.100000	2,634.440000	2,661.870000	2,659.930000	2,643.280000	2,652.390000	NA	2,669.510000	2,686.290000	2,674.260000
Czech Koruna	NA	NA	NA	NA	NA	NA	NA	NA	NA	NA
Danish Krone	10.090000	10.051500	10.085200	10.069900	10.131400	10.113100	10.129300	10.140800	10.267000	10.265900
Hungarian Forint	344.150000	344.122000	345.684000	344.777000	347.367000	346.592000	347.257000	347.879000	351.802000	352.493000
Icelandic Krona	99.103800	99.065900	99.116800	99.025200	99.124600	99.211300	99.109100	99.109700	99.668300	99.572000
Indian Rupee	59.549700	59.518800	59.609700	59.788300	59.707400	59.464000	59.451800	59.411300	59.281700	59.039700
Indonesian Rupiah	NA	NA	NA	NA	NA	NA	NA	NA	NA	NA
Iranian Rial	2,404.990000	2,395.240000	2,394.000000	2,394.000000	2,404.390000	2,397.730000	2,397.730000	2,397.730000	2,397.730000	2,382.280000
Israeli New Sheqel	NA	NA	NA	NA	NA	NA	NA	NA	NA	NA
Kazakhstani Tenge	NA	NA	NA	NA	NA	NA	NA	NA	NA	NA
Korean Won	1,533.640000	1,535.990000	1,544.840000	1,553.290000	1,542.760000	1,536.680000	1,535.950000	1,536.130000	1,530.780000	1,518.070000
Kuwaiti Dinar	0.416192	0.415976	0.416515	NA	0.416433	0.415307	0.415604	0.415320	NA	0.413372
Libyan Dinar	0.634115	0.634115	0.634115	0.634115	0.634115	0.634115	0.634115	0.634115	0.634115	0.634115
Malaysian Ringgit	5.193690	5.190990	5.200110	5.213300	5.199080	5.185020	5.183960	5.180430	5.165570	5.140940
Mauritian Rupee	NA	NA	NA	NA	NA	NA	NA	NA	NA	NA
Mexican Peso	NA	NA	NA	NA	NA	NA	NA	NA	NA	NA
Nepalese Rupee	93.930600	93.881800	94.046700	94.285200	94.028200	93.773900	94.157100	94.092900	93.823000	93.375800
New Zealand Dollar	2.642360	2.646610	2.658990	2.664700	2.690350	2.685190	2.677790	2.679650	2.707620	2.742230
Norwegian Krone	10.977500	10.916900	10.968400	10.974500	10.978000	10.963700	10.986900	11.043700	11.103500	11.168000
Rial Omani	0.525519	0.525246	0.526169	0.527503	0.526065	0.524643	0.524535	0.524177	0.522674	0.520182
Pakistani Rupee	70.785700	70.748900	70.873200	71.052900	70.849600	70.658000	70.643500	70.595300	70.392800	70.064600
Nuevo Sol	NA	NA	NA	NA	NA	NA	NA	NA	NA	NA
Philippine Peso	NA	NA	NA	NA	NA	NA	NA	NA	NA	NA
Polish Zloty	NA	NA	NA	NA	NA	NA	NA	NA	NA	NA
Qatar Riyal	4.975010	4.972420	4.981160	4.993790	4.980180	4.966710	4.965690	4.962300	4.948070	4.924480
Russian Ruble	NA	NA	NA	NA	NA	NA	NA	NA	NA	NA
Saudi Arabian Riyal	5.118520	5.115860	5.124850	5.137840	5.123830	5.109980	5.108930	5.105450	5.090800	5.066540
Singapore Dollar	2.287270	2.284450	2.292840	2.296590	2.304020	2.295740	2.304130	2.305970	2.300040	2.307340
South African Rand	8.314680	8.347250	8.349600	8.391350	8.430040	8.407240	8.394600	8.407970	8.533380	8.533290
Sri Lanka Rupee	98.973900	98.963500	NA	99.320100	99.117800	98.904300	98.952200	98.898400	98.628400	98.273200
Swedish Krona	11.562800	11.567000	11.625000	11.589300	11.680800	11.557100	11.609300	11.628700	11.761900	11.851200
Swiss Franc	2.187360	2.181170	2.187190	2.181350	2.197300	2.196810	2.195950	2.195820	2.223640	2.220080
Thai Baht	51.152400	51.083400	50.992600	51.121900	50.981100	50.798200	50.910600	51.096700	50.882200	50.750600
Trinidad And Tobago Dollar	8.564800	8.553660	8.569370	8.615930	8.591350	8.554610	8.554900	8.552200	8.523320	8.475520
Tunisian Dinar	NA	NA	NA	NA	NA	NA	NA	NA	NA	NA
U.A.E. Dirham	5.019430	5.016820	5.025630	5.038380	5.024640	5.011050	5.010020	5.006610	4.992250	4.968450
Peso Uruguayo	NA	NA	NA	NA	NA	NA	NA	NA	NA	NA
Bolivar Fuerte	NA	NA	NA	NA	NA	NA	NA	NA	NA	NA

Notes:


The value of the U.S. dollar in terms of the SDR is the reciprocal of the sum of the dollar values, based on market exchange rates, of specified quantities of the SDR basket currencies. See SDR Valuation.

These rates are the official rates used by the Fund to conduct operations with member countries. The rates are derived from the currency's representative exchange rate, as reported by the central bank, normally against the U.S. dollar at spot market rates and rounded to six significant digits. See Representative Exchange Rates for Selected Currencies.

The value in terms of each national currency of the SDR (shown above) is the reciprocal of the value in terms of the SDR of each national currency, rounded to six significant digits.

Exchange rates are published daily except on IMF holidays or whenever the IMF is closed for business.
