Currency units per SDR for September 2000
Currency	September 01, 2000	September 04, 2000	September 05, 2000	September 06, 2000	September 07, 2000	September 08, 2000	September 11, 2000	September 12, 2000	September 13, 2000	September 14, 2000	September 15, 2000
Chinese Yuan	10.784500	NA	10.781800	10.776000	10.731300	10.731600	10.670000	10.665600	10.664700	10.679700	10.648700
Euro	1.463360	1.455140	1.465580	1.476000	1.494020	1.483890	1.497120	1.495610	1.488750	1.484230	1.493360
Japanese Yen	138.801000	138.559000	138.436000	137.703000	137.333000	136.449000	136.878000	136.820000	137.855000	138.249000	NA
U.K. Pound Sterling	0.898400	0.894800	0.898269	0.898233	0.902779	0.911135	0.912216	0.918065	0.915419	0.912024	0.912433
U.S. Dollar	1.302680	1.309630	1.302310	1.301540	1.296210	1.296180	1.288870	1.288320	1.288360	1.290240	1.286530
Algerian Dinar	NA	NA	NA	NA	NA	NA	NA	NA	NA	NA	NA
Australian Dollar	2.266320	2.270510	2.270810	2.296290	2.298650	2.317500	NA	2.311720	2.322620	2.346740	2.338720
Bahrain Dinar	0.489808	0.492421	0.489669	0.489379	0.487375	0.487364	0.484615	0.484408	0.484423	0.485130	0.483735
Botswana Pula	6.701030	NA	6.712940	6.761250	6.754610	6.747420	6.730390	6.745130	6.731240	6.737550	6.735760
Brazilian Real	2.374260	2.384840	2.376330	2.380000	NA	2.358920	2.347810	2.343580	2.353960	2.362690	2.355510
Brunei Dollar	2.241260	2.255050	2.247140	2.249060	2.244390	2.244340	2.237220	2.240390	2.243680	2.248890	2.234700
Canadian Dollar	1.919500	NA	1.921560	1.930960	1.915150	1.915370	1.907400	1.908130	1.911280	1.917940	1.909600
Chilean Peso	675.023000	NA	675.651000	676.046000	673.692000	674.156000	671.463000	671.047000	671.377000	672.421000	670.745000
Colombian Peso	2,882.790000	2,899.520000	2,878.520000	2,877.870000	2,866.060000	2,863.490000	2,841.770000	2,842.540000	2,843.320000	2,849.680000	2,846.740000
Czech Koruna	NA	NA	NA	NA	NA	NA	NA	NA	NA	NA	NA
Danish Krone	10.933100	10.845800	10.885200	10.995100	11.169300	11.094100	11.163700	11.158500	11.112500	11.061000	11.097500
Hungarian Forint	383.340000	379.911000	380.730000	386.349000	391.546000	388.323000	391.288000	391.636000	389.909000	388.478000	389.150000
Icelandic Krona	105.426000	105.504000	105.800000	106.674000	107.261000	107.311000	107.595000	107.485000	107.398000	107.400000	NA
Indian Rupee	NA	59.889400	59.567700	59.454300	59.159000	59.157700	58.811100	58.747400	58.800800	58.938200	58.871600
Indonesian Rupiah	NA	NA	NA	NA	NA	NA	NA	NA	NA	NA	NA
Iranian Rial	NA	2,282.950000	2,282.950000	2,282.300000	2,280.940000	2,280.950000	2,271.570000	2,258.750000	2,257.770000	2,257.860000	NA
Israeli New Sheqel	NA	NA	NA	NA	NA	NA	NA	NA	NA	NA	NA
Kazakhstani Tenge	NA	NA	NA	NA	NA	NA	NA	NA	NA	NA	NA
Korean Won	NA	NA	NA	NA	NA	NA	NA	NA	NA	NA	NA
Kuwaiti Dinar	NA	0.402895	0.400903	0.400913	0.399803	NA	0.397539	0.397692	0.397704	0.398284	NA
Libyan Dinar	0.661999	0.661999	0.661999	0.661999	0.661999	0.661999	0.661999	0.661999	0.661999	0.661999	0.661999
Malaysian Ringgit	4.950180	4.976590	4.948780	4.945850	4.925600	4.925480	4.897710	4.895620	4.895770	4.902910	4.888810
Mauritian Rupee	NA	NA	NA	NA	NA	NA	NA	NA	NA	NA	NA
Mexican Peso	NA	NA	NA	NA	NA	NA	NA	NA	NA	NA	NA
Nepalese Rupee	94.509400	95.013700	94.482600	94.426700	94.040000	94.037900	93.507500	93.467600	93.470500	93.606900	93.337800
New Zealand Dollar	3.057580	3.043170	3.053120	3.054180	3.079620	3.083570	3.101600	3.021740	3.050460	3.087070	3.067910
Norwegian Krone	11.813000	11.759700	11.833000	11.884100	11.975300	11.928200	12.012900	11.935000	11.974700	11.933900	11.973700
Rial Omani	0.500880	0.503553	0.500738	0.500442	0.498393	0.498381	0.495571	0.495359	0.495374	0.496097	0.494671
Pakistani Rupee	67.467800	67.827800	67.448700	67.408800	67.132700	67.131200	66.752600	66.724100	66.726200	66.823500	66.631400
Nuevo Sol	NA	NA	NA	NA	NA	NA	NA	NA	NA	NA	NA
Philippine Peso	NA	NA	NA	NA	NA	NA	NA	NA	NA	NA	NA
Polish Zloty	NA	NA	NA	NA	NA	NA	NA	NA	NA	NA	NA
Qatar Riyal	4.741760	4.767050	4.740410	4.737610	4.718200	4.718100	4.691490	4.689480	4.689630	4.696470	4.682970
Russian Ruble	NA	NA	NA	NA	NA	NA	NA	NA	NA	NA	NA
Saudi Arabian Riyal	4.878540	4.904560	4.877150	4.874270	4.854310	4.854190	4.826820	4.824760	4.824910	4.831950	4.818050
Singapore Dollar	2.241260	2.255050	2.247140	2.249060	2.244390	2.244340	2.237220	2.240390	2.243680	2.248890	2.234700
South African Rand	9.075120	9.110440	9.137660	9.210350	9.198550	9.198340	9.174820	9.181210	NA	9.197480	9.217340
Sri Lanka Rupee	101.010000	101.549000	100.981000	100.921000	100.508000	100.506000	99.939000	99.896300	NA	100.045000	99.757500
Swedish Krona	12.251700	12.189400	12.176600	12.377600	12.495500	12.401200	12.424700	12.574000	12.510000	12.612100	12.498600
Swiss Franc	2.270700	2.258720	2.276180	2.288760	2.312440	2.299550	2.297410	2.274400	2.278980	2.267600	2.276900
Thai Baht	53.261400	53.798300	53.728100	53.671600	53.683800	53.760400	53.437800	53.389300	53.615100	53.897200	53.793700
Trinidad And Tobago Dollar	8.175620	8.219760	NA	8.175880	8.129830	8.124330	8.089720	8.093480	8.072090	8.100900	8.079020
Tunisian Dinar	NA	NA	NA	NA	NA	NA	NA	NA	NA	NA	NA
U.A.E. Dirham	4.784090	4.809620	4.782730	4.779910	4.760330	4.760220	4.733380	4.731360	4.731500	4.738410	4.724780
Peso Uruguayo	NA	NA	NA	NA	NA	NA	NA	NA	NA	NA	NA
Bolivar Fuerte	NA	NA	NA	NA	NA	NA	NA	NA	NA	NA	NA

Currency units per SDR for September 2000 Continued

Currency	September 18, 2000	September 19, 2000	September 20, 2000	September 21, 2000	September 22, 2000	September 25, 2000	September 26, 2000	September 27, 2000	September 28, 2000	September 29, 2000
Chinese Yuan	10.628800	10.626200	10.620400	10.643100	10.732800	10.742200	10.742000	10.759500	10.763600	10.746300
Euro	1.506110	1.502960	1.513730	1.508380	1.458310	1.479450	1.481650	1.466570	1.471890	1.480760
Japanese Yen	137.592000	137.161000	137.542000	137.060000	138.525000	139.868000	139.375000	139.829000	139.747000	139.977000
U.K. Pound Sterling	0.917680	0.915084	0.908218	0.908137	0.888459	0.888868	0.891555	0.886809	0.886867	0.882858
U.S. Dollar	1.284110	1.283680	1.283040	1.285740	1.296440	1.297480	1.297480	1.299530	1.299970	1.297890
Algerian Dinar	NA	NA	NA	NA	NA	NA	NA	NA	NA	NA
Australian Dollar	2.363540	2.361880	2.374680	2.387190	2.372690	2.374160	2.357770	2.367950	2.364440	2.388900
Bahrain Dinar	0.482825	0.482664	0.482423	0.483438	0.487461	0.487852	0.487852	0.488623	0.488789	0.488007
Botswana Pula	6.797830	6.791960	6.792170	6.839040	6.794760	6.803780	6.782440	6.782520	6.816830	6.816650
Brazilian Real	2.366610	2.381230	2.377470	2.383500	2.399580	2.411500	2.388920	2.403870	2.402860	2.397330
Brunei Dollar	2.244620	2.240790	2.237370	2.244900	2.263320	2.264100	2.264360	2.261310	2.266890	2.259630
Canadian Dollar	1.912170	1.909860	1.902750	1.912150	1.932080	1.931820	1.930650	1.943970	1.953850	1.955920
Chilean Peso	NA	NA	670.132000	671.362000	674.278000	676.091000	675.533000	676.366000	676.777000	676.629000
Colombian Peso	2,838.320000	2,838.680000	2,836.560000	2,845.250000	2,882.580000	2,896.290000	2,890.850000	2,888.430000	2,881.940000	2,870.850000
Czech Koruna	NA	NA	NA	NA	NA	NA	NA	NA	NA	NA
Danish Krone	11.221300	11.245000	11.339900	11.279800	11.217400	11.016000	11.018800	10.948400	10.956700	10.987000
Hungarian Forint	392.758000	394.809000	398.384000	396.857000	395.323000	388.608000	388.738000	385.999000	387.898000	389.004000
Icelandic Krona	108.379000	108.869000	108.943000	109.005000	108.395000	108.015000	108.041000	107.263000	107.729000	107.829000
Indian Rupee	58.876400	59.331700	59.302100	59.401200	59.740000	59.710000	59.774900	59.973300	60.006600	59.793800
Indonesian Rupiah	NA	NA	NA	NA	NA	NA	NA	NA	NA	NA
Iranian Rial	2,254.640000	2,250.410000	2,249.660000	2,248.530000	2,248.520000	2,272.020000	2,273.830000	2,273.830000	NA	NA
Israeli New Sheqel	NA	NA	NA	NA	NA	NA	NA	NA	NA	NA
Kazakhstani Tenge	NA	NA	NA	NA	NA	NA	NA	NA	NA	NA
Korean Won	NA	NA	NA	NA	NA	NA	NA	NA	NA	NA
Kuwaiti Dinar	0.396636	0.396182	0.395985	0.396818	NA	0.398261	0.398469	0.398774	0.398909	NA
Libyan Dinar	0.661999	0.661999	0.661999	0.661999	0.661999	0.661999	0.661999	0.661999	0.661999	0.661999
Malaysian Ringgit	4.879620	4.877980	4.875550	4.885810	4.926470	4.930420	4.930420	4.938210	4.939890	4.931980
Mauritian Rupee	NA	NA	NA	NA	NA	NA	NA	NA	NA	NA
Mexican Peso	NA	NA	NA	NA	NA	NA	NA	NA	NA	NA
Nepalese Rupee	93.162200	93.131000	93.469500	94.180500	94.964200	95.040400	95.040400	95.190600	95.222800	95.070400
New Zealand Dollar	3.094610	3.100300	3.122890	3.200350	3.168620	3.136660	3.127590	3.139340	3.114070	3.176820
Norwegian Krone	12.035300	12.031900	12.059200	12.055000	11.716800	11.875600	11.885000	11.797100	11.793500	11.883900
Rial Omani	0.493740	0.493575	0.493329	0.494367	0.498481	0.498881	0.498881	0.499669	0.499838	0.499039
Pakistani Rupee	66.506000	66.483800	66.450600	66.590500	67.144600	67.198500	67.198500	67.304700	67.327500	67.219700
Nuevo Sol	NA	NA	NA	NA	NA	NA	NA	NA	NA	NA
Philippine Peso	NA	NA	NA	NA	NA	NA	NA	NA	NA	NA
Polish Zloty	NA	NA	NA	NA	NA	NA	NA	NA	NA	NA
Qatar Riyal	4.674160	4.672600	4.670270	4.680090	4.719040	4.722830	4.722830	4.730290	4.731890	4.724320
Russian Ruble	NA	NA	NA	NA	NA	NA	NA	NA	NA	NA
Saudi Arabian Riyal	4.808990	4.807380	4.804980	4.815100	4.855170	4.859060	4.859060	4.866740	4.868390	4.860600
Singapore Dollar	2.244620	2.240790	2.237370	2.244900	2.263320	2.264100	2.264360	2.261310	2.266890	2.259630
South African Rand	9.329700	9.362520	9.355290	9.452120	9.368720	NA	9.363260	9.349470	9.417630	9.418140
Sri Lanka Rupee	99.569900	99.536500	99.486900	99.696300	100.526000	100.607000	100.607000	100.766000	100.800000	100.638000
Swedish Krona	12.613200	12.631400	12.657200	12.638800	12.714800	12.507700	12.536900	12.491700	12.548000	12.566800
Swiss Franc	2.291490	2.286490	2.294460	2.281930	2.263200	2.248400	2.245030	2.238440	2.240890	2.253010
Thai Baht	54.075200	54.223900	54.398300	54.847100	NA	55.235000	55.209100	54.702400	55.099200	54.843600
Trinidad And Tobago Dollar	8.054190	8.053170	8.035170	8.067890	8.148130	8.129230	8.142600	8.165600	8.169660	8.146730
Tunisian Dinar	NA	NA	NA	NA	NA	NA	NA	NA	NA	NA
U.A.E. Dirham	4.715890	4.714310	4.711960	4.721880	4.761180	4.765000	4.765000	4.772520	4.774140	4.766500
Peso Uruguayo	NA	NA	NA	NA	NA	NA	NA	NA	NA	NA
Bolivar Fuerte	NA	NA	NA	NA	NA	NA	NA	NA	NA	NA

Notes:


The value of the U.S. dollar in terms of the SDR is the reciprocal of the sum of the dollar values, based on market exchange rates, of specified quantities of the SDR basket currencies. See SDR Valuation.

These rates are the official rates used by the Fund to conduct operations with member countries. The rates are derived from the currency's representative exchange rate, as reported by the central bank, normally against the U.S. dollar at spot market rates and rounded to six significant digits. See Representative Exchange Rates for Selected Currencies.

The value in terms of each national currency of the SDR (shown above) is the reciprocal of the value in terms of the SDR of each national currency, rounded to six significant digits.

Exchange rates are published daily except on IMF holidays or whenever the IMF is closed for business.
