Currency units per SDR for December 2000
Currency	December 01, 2000	December 04, 2000	December 05, 2000	December 06, 2000	December 07, 2000	December 08, 2000	December 11, 2000	December 12, 2000	December 13, 2000	December 14, 2000	December 15, 2000
Chinese Yuan	10.629800	10.691000	10.676500	10.671400	10.715100	10.698100	10.681800	10.660700	10.627700	10.671600	10.716200
Euro	1.470150	1.449980	1.464130	1.460440	1.447570	1.453090	1.465800	1.466610	1.467760	1.458690	1.441150
Japanese Yen	141.902000	143.437000	143.372000	142.852000	142.984000	142.953000	143.141000	142.837000	144.257000	144.986000	145.592000
U.K. Pound Sterling	0.896023	0.891586	0.891862	0.897765	0.894033	0.891516	0.892949	0.888568	0.887047	0.877878	0.877962
U.S. Dollar	1.284180	1.291640	1.289900	1.289280	1.294560	1.292520	1.290490	1.287980	1.284000	1.289340	1.294730
Algerian Dinar	NA	NA	NA	NA	NA	NA	NA	NA	NA	NA	NA
Australian Dollar	2.392290	2.384420	2.374190	2.365220	2.356740	2.369860	2.375720	2.386920	2.369000	2.385900	2.372170
Bahrain Dinar	0.482852	0.485657	0.485002	0.484769	0.486755	0.485988	0.485224	0.484280	0.482784	0.484792	0.486818
Botswana Pula	6.986830	6.970530	6.979980	6.950300	6.956260	6.979050	7.002120	7.034300	7.039470	7.022550	7.036580
Brazilian Real	2.517250	2.555770	2.559030	2.532150	2.543680	2.544970	2.540590	2.529590	2.525370	2.529040	2.541170
Brunei Dollar	2.249370	2.258430	2.253710	2.241410	2.254480	2.241100	2.241060	2.232710	2.230820	2.243060	2.248690
Canadian Dollar	1.975970	1.996620	1.990960	1.975310	1.970840	1.963730	1.964380	1.963780	1.952580	1.955800	1.964880
Chilean Peso	674.785000	677.310000	677.094000	676.730000	678.595000	NA	677.946000	677.052000	675.628000	677.793000	679.552000
Colombian Peso	2,784.870000	2,809.120000	2,812.370000	2,816.020000	2,814.750000	2,812.950000	2,808.530000	2,802.090000	2,803.070000	2,819.620000	2,828.670000
Czech Koruna	NA	NA	NA	NA	NA	NA	NA	NA	NA	NA	NA
Danish Krone	10.924000	10.860400	10.866200	10.865000	10.770100	10.853900	10.901500	10.890500	10.923600	10.880100	10.733600
Hungarian Forint	387.848000	387.492000	386.673000	386.539000	383.708000	386.696000	387.108000	387.334000	387.935000	386.518000	381.803000
Icelandic Krona	111.544000	111.533000	111.847000	111.884000	111.617000	112.049000	112.286000	111.964000	112.132000	112.057000	111.722000
Indian Rupee	60.163800	60.487500	60.367300	60.260900	60.546600	60.438200	60.343300	60.238800	60.052700	60.289500	60.554500
Indonesian Rupiah	NA	NA	NA	NA	NA	NA	NA	NA	NA	NA	NA
Iranian Rial	2,247.240000	2,250.530000	NA	2,260.560000	2,259.460000	2,259.460000	2,265.140000	2,261.590000	2,257.180000	NA	NA
Israeli New Sheqel	NA	NA	NA	NA	NA	NA	NA	NA	NA	NA	NA
Kazakhstani Tenge	NA	NA	NA	NA	NA	NA	NA	NA	NA	NA	NA
Korean Won	NA	NA	NA	NA	NA	NA	NA	NA	NA	NA	NA
Kuwaiti Dinar	NA	0.396094	0.395174	0.395448	0.396330	NA	0.395342	0.394830	0.393906	0.395544	NA
Libyan Dinar	0.661999	0.661999	0.661999	0.661999	0.661999	0.661999	0.661999	0.661999	0.661999	0.661999	0.661999
Malaysian Ringgit	4.879880	4.908230	4.901620	4.899260	4.919330	4.911580	4.903860	4.894320	4.879200	4.899490	4.919970
Mauritian Rupee	NA	NA	NA	NA	NA	NA	NA	NA	NA	NA	NA
Mexican Peso	NA	NA	NA	NA	NA	NA	NA	NA	NA	NA	NA
Nepalese Rupee	95.414600	95.968900	95.839600	95.793500	96.185800	NA	NA	95.696900	NA	95.798000	96.198400
New Zealand Dollar	NA	3.087460	3.057720	3.035390	3.002570	3.038010	3.028250	3.049920	3.040130	3.058570	3.034640
Norwegian Krone	11.881100	11.755700	11.864600	11.779200	11.747000	11.787400	11.859100	11.838500	11.901400	11.813400	11.731000
Rial Omani	0.493767	0.496636	0.495967	0.495728	0.497758	0.496974	0.496193	0.495228	0.493698	0.495751	0.497824
Pakistani Rupee	74.533600	74.966600	74.865600	74.829600	75.136100	74.889100	74.771500	74.626100	74.395500	74.704900	75.611600
Nuevo Sol	NA	NA	NA	NA	NA	NA	NA	NA	NA	NA	NA
Philippine Peso	NA	NA	NA	NA	NA	NA	NA	NA	NA	NA	NA
Polish Zloty	NA	NA	NA	NA	NA	NA	NA	NA	NA	NA	NA
Qatar Riyal	4.674420	4.701570	4.695240	4.692980	4.712200	4.704770	4.697380	4.688250	4.673760	4.693200	4.712820
Russian Ruble	NA	NA	NA	NA	NA	NA	NA	NA	NA	NA	NA
Saudi Arabian Riyal	4.809250	4.837190	4.830680	4.828350	4.848130	4.840490	4.832890	4.823490	4.808580	4.828580	4.848760
Singapore Dollar	2.249370	2.258430	2.253710	2.241410	2.254480	2.241100	2.241060	2.232710	2.230820	2.243060	2.248690
South African Rand	NA	9.822280	NA	9.817220	9.805640	9.854820	9.919350	9.965750	9.987590	9.945320	9.971360
Sri Lanka Rupee	101.502000	102.078000	101.941000	102.047000	102.400000	102.290000	103.168000	102.967000	102.681000	103.160000	103.539000
Swedish Krona	12.825700	12.732300	12.524900	12.496300	12.421300	12.556800	12.501600	12.445100	12.519000	12.484000	12.416500
Swiss Franc	2.220860	2.208190	2.209470	2.205700	2.195570	2.198710	2.212290	2.203990	2.206040	2.196780	2.174240
Thai Baht	56.211100	56.505400	NA	56.158500	56.369000	56.130300	NA	56.033600	56.006800	56.101800	56.239200
Trinidad And Tobago Dollar	8.063370	8.112920	8.089090	8.092170	8.108090	8.105780	8.099120	8.091730	8.069040	8.102730	8.119380
Tunisian Dinar	NA	NA	NA	NA	NA	NA	NA	NA	NA	NA	NA
U.A.E. Dirham	4.716150	4.743550	4.737160	4.734880	4.754270	4.746780	4.739320	4.730110	4.715490	4.735100	4.754900
Peso Uruguayo	NA	NA	NA	NA	NA	NA	NA	NA	NA	NA	NA
Bolivar Fuerte	NA	NA	NA	NA	NA	NA	NA	NA	NA	NA	NA

Currency units per SDR for December 2000 Continued

Currency	December 18, 2000	December 19, 2000	December 20, 2000	December 21, 2000	December 22, 2000	December 26, 2000	December 27, 2000	December 28, 2000	December 29, 2000
Chinese Yuan	10.707700	10.688000	10.721800	10.766300	10.799800	10.792900	10.799000	10.780900	10.784700
Euro	1.442800	1.450370	1.429950	1.422240	1.412000	NA	1.401390	1.402630	1.400220
Japanese Yen	145.660000	144.815000	146.185000	146.858000	146.908000	147.871000	148.800000	148.988000	149.704000
U.K. Pound Sterling	0.879468	0.882490	0.882358	0.883622	0.880351	NA	0.876931	0.875756	0.873149
U.S. Dollar	1.293610	1.291260	1.295390	1.300780	1.304690	1.303980	1.304700	1.302340	1.302910
Algerian Dinar	NA	NA	NA	NA	NA	NA	NA	NA	NA
Australian Dollar	2.372290	2.379760	2.364710	2.353080	2.347400	NA	2.333150	2.338970	2.351820
Bahrain Dinar	0.486397	0.485514	0.487067	0.489093	0.490562	0.490297	0.490564	0.489680	0.489893
Botswana Pula	7.000050	7.025350	7.005900	7.004740	7.003140	NA	6.973260	6.979290	6.982360
Brazilian Real	2.544530	2.521960	2.532230	2.543150	2.553270	2.544850	2.553290	2.552580	2.546660
Brunei Dollar	2.246740	2.241760	2.245300	2.247100	2.256200	2.251710	NA	2.251090	2.255990
Canadian Dollar	1.973270	1.964910	1.971450	1.975230	1.978820	NA	1.971260	1.962750	1.954620
Chilean Peso	679.339000	678.441000	679.251000	681.401000	682.832000	682.636000	683.191000	682.375000	682.608000
Colombian Peso	2,814.780000	2,813.820000	2,833.240000	2,842.270000	2,853.380000	2,860.370000	2,866.100000	2,885.140000	2,849.480000
Czech Koruna	NA	NA	NA	NA	NA	NA	NA	NA	NA
Danish Krone	10.746500	10.810600	10.763500	10.599500	10.542100	NA	10.456000	10.471200	10.450000
Hungarian Forint	381.201000	383.453000	381.738000	376.342000	375.854000	NA	370.077000	372.352000	370.976000
Icelandic Krona	111.651000	111.939000	111.611000	111.113000	110.650000	NA	110.064000	NA	110.356000
Indian Rupee	60.489200	60.314800	60.468800	60.759400	60.915800	60.869800	60.929200	NA	60.911000
Indonesian Rupiah	NA	NA	NA	NA	NA	NA	NA	NA	NA
Iranian Rial	NA	NA	NA	NA	NA	NA	NA	NA	NA
Israeli New Sheqel	NA	NA	NA	NA	NA	NA	NA	NA	NA
Kazakhstani Tenge	NA	NA	NA	NA	NA	NA	NA	NA	NA
Korean Won	NA	NA	NA	NA	NA	NA	NA	NA	NA
Kuwaiti Dinar	0.395961	0.395242	0.396506	0.397948	NA	0.398262	NA	NA	NA
Libyan Dinar	0.661999	0.661999	0.661999	0.661999	0.661999	0.661999	0.661999	0.661999	0.661999
Malaysian Ringgit	4.915720	4.906790	4.922480	4.942960	4.957810	4.955130	4.957830	4.948880	4.951060
Mauritian Rupee	NA	NA	NA	NA	NA	NA	NA	NA	NA
Mexican Peso	NA	NA	NA	NA	NA	NA	NA	NA	NA
Nepalese Rupee	96.115200	95.940600	96.247500	NA	NA	NA	96.938700	96.764200	NA
New Zealand Dollar	3.033080	2.999790	3.006590	2.958670	2.981800	NA	2.949460	2.932210	2.958800
Norwegian Krone	11.657800	11.760300	11.634800	11.629600	11.566400	NA	11.559300	11.575200	11.528800
Rial Omani	0.497393	0.496489	0.498077	0.500150	0.501653	0.501381	0.501655	0.500749	0.500967
Pakistani Rupee	75.546200	75.408900	75.650100	75.964900	75.710000	75.668700	75.710500	75.573800	75.606900
Nuevo Sol	NA	NA	NA	NA	NA	NA	NA	NA	NA
Philippine Peso	NA	NA	NA	NA	NA	NA	NA	NA	NA
Polish Zloty	NA	NA	NA	NA	NA	NA	NA	NA	NA
Qatar Riyal	4.708740	4.700190	4.715220	4.734840	4.749060	4.746490	4.749080	4.740500	4.742600
Russian Ruble	NA	NA	NA	NA	NA	NA	NA	NA	NA
Saudi Arabian Riyal	4.844570	4.835770	4.851240	4.871420	4.886060	4.883410	4.886080	4.877260	4.879380
Singapore Dollar	2.246740	2.241760	2.245300	2.247100	2.256200	2.251710	NA	2.251090	2.255990
South African Rand	9.907110	9.940770	9.902610	9.926900	9.907170	NA	9.826270	9.850280	9.861060
Sri Lanka Rupee	103.450000	103.262000	103.696000	104.075000	104.349000	104.331000	104.362000	NA	104.311000
Swedish Krona	12.418700	12.502600	12.536100	12.445200	12.427100	NA	12.391300	12.421100	12.423200
Swiss Franc	2.174300	2.187520	2.173790	2.167750	2.155730	NA	2.137350	2.143260	2.132210
Thai Baht	56.044400	55.732100	55.451800	55.181700	54.922100	54.997900	55.410300	55.922500	NA
Trinidad And Tobago Dollar	8.125680	8.112470	8.142300	8.157320	8.185180	NA	NA	8.177550	8.172870
Tunisian Dinar	NA	NA	NA	NA	NA	NA	NA	NA	NA
U.A.E. Dirham	4.750780	4.742150	4.757320	4.777110	4.791450	4.788880	4.791500	4.782840	4.784920
Peso Uruguayo	NA	NA	NA	NA	NA	NA	NA	NA	NA
Bolivar Fuerte	NA	NA	NA	NA	NA	NA	NA	NA	NA

Notes:


The value of the U.S. dollar in terms of the SDR is the reciprocal of the sum of the dollar values, based on market exchange rates, of specified quantities of the SDR basket currencies. See SDR Valuation.

These rates are the official rates used by the Fund to conduct operations with member countries. The rates are derived from the currency's representative exchange rate, as reported by the central bank, normally against the U.S. dollar at spot market rates and rounded to six significant digits. See Representative Exchange Rates for Selected Currencies.

The value in terms of each national currency of the SDR (shown above) is the reciprocal of the value in terms of the SDR of each national currency, rounded to six significant digits.

Exchange rates are published daily except on IMF holidays or whenever the IMF is closed for business.
