Currency units per SDR for April 2000
Currency	April 03, 2000	April 04, 2000	April 05, 2000	April 06, 2000	April 07, 2000	April 10, 2000	April 11, 2000	April 12, 2000	April 13, 2000	April 14, 2000	April 17, 2000
Chinese Yuan	11.130800	11.125100	11.159900	11.149300	11.126200	11.098200	11.101600	11.119700	11.114300	11.104100	11.164500
Euro	1.405820	1.408850	1.393460	1.399090	1.405080	1.397700	1.397670	1.402490	1.407580	1.405840	1.408620
Japanese Yen	141.041000	141.162000	141.663000	141.193000	140.967000	142.014000	142.741000	143.032000	142.228000	142.298000	140.511000
U.K. Pound Sterling	0.844236	0.840480	0.845708	0.847677	0.849014	0.848402	0.845526	0.847973	0.845400	0.846966	0.849109
U.S. Dollar	1.344530	1.343760	1.347890	1.346620	1.343820	1.340390	1.340920	1.343020	1.342410	1.341170	1.348470
Algerian Dinar	NA	NA	NA	NA	NA	NA	NA	NA	NA	NA	NA
Australian Dollar	2.214680	2.228460	2.226810	2.223250	2.240450	2.242580	2.253650	2.251500	2.242580	2.243880	2.237010
Bahrain Dinar	0.505543	0.505254	0.506807	0.506329	0.505276	0.503987	0.504186	0.504976	0.504746	0.504280	0.507025
Botswana Pula	6.526840	6.504160	6.578280	6.549710	6.542450	6.506750	6.541070	6.529020	6.545150	6.542290	6.597210
Brazilian Real	2.348220	2.338010	2.347620	2.359820	2.340260	2.336430	2.330380	2.342230	2.344250	2.363810	2.403650
Brunei Dollar	2.301840	2.308580	2.314330	2.309860	2.299950	2.301320	2.305980	2.309990	2.308270	2.295810	2.301840
Canadian Dollar	1.955890	1.952350	1.960510	1.955020	1.958620	1.958440	1.962970	1.963760	1.967970	1.980100	2.002210
Chilean Peso	680.978000	681.125000	681.655000	682.076000	681.129000	679.645000	680.007000	681.032000	681.045000	679.946000	683.499000
Colombian Peso	2,632.750000	2,638.100000	2,647.390000	2,651.390000	2,670.120000	2,675.740000	2,679.490000	2,668.240000	2,667.880000	2,665.390000	2,679.940000
Czech Koruna	NA	NA	NA	NA	NA	NA	NA	NA	NA	NA	NA
Danish Krone	10.514900	10.493200	10.416200	10.408200	10.440800	10.429200	10.377100	10.439400	10.445700	10.452800	10.455900
Hungarian Forint	365.551000	365.006000	362.016000	362.093000	362.670000	362.401000	359.997000	361.984000	361.538000	362.237000	363.723000
Icelandic Krona	99.065000	99.048500	98.598200	98.801500	98.743900	98.692900	98.731900	98.846300	98.774500	98.669900	98.950700
Indian Rupee	58.648400	58.628200	58.808400	58.753000	58.617400	58.454400	58.504300	58.596000	58.582800	58.528700	58.860700
Indonesian Rupiah	NA	NA	NA	NA	NA	NA	NA	NA	NA	NA	NA
Iranian Rial	2,360.390000	2,356.290000	2,354.940000	NA	NA	2,355.040000	2,349.030000	2,349.690000	2,353.640000	2,353.640000	2,350.400000
Israeli New Sheqel	NA	NA	NA	NA	NA	NA	NA	NA	NA	NA	NA
Kazakhstani Tenge	NA	NA	NA	NA	NA	NA	NA	NA	NA	NA	NA
Korean Won	1,487.590000	1,493.190000	1,497.780000	1,499.060000	1,495.810000	1,487.300000	1,485.470000	1,489.950000	NA	1,487.890000	1,496.670000
Kuwaiti Dinar	0.411735	0.411271	0.412535	NA	NA	0.410628	0.410791	0.411434	0.411247	NA	0.412254
Libyan Dinar	0.634115	0.634115	0.634115	0.634115	0.634115	0.634115	0.634115	0.634115	0.634115	0.634115	0.634115
Malaysian Ringgit	5.109210	5.106290	5.121980	5.117160	5.106520	5.093480	5.095500	5.103480	5.101160	5.096450	5.124190
Mauritian Rupee	NA	NA	NA	NA	NA	NA	NA	NA	NA	NA	NA
Mexican Peso	NA	NA	NA	NA	NA	NA	NA	NA	NA	NA	NA
Nepalese Rupee	92.799500	92.746300	93.031400	92.943700	92.750500	92.513700	92.550300	92.695200	92.653100	92.567600	93.071400
New Zealand Dollar	2.706650	2.690480	2.687450	2.679040	2.696540	2.695060	2.697210	2.698720	2.689930	2.696090	2.693440
Norwegian Krone	11.399900	11.432000	11.366500	11.378800	11.419100	11.386300	11.428000	11.442100	11.469000	11.456100	11.561200
Rial Omani	0.516972	0.516676	0.518264	0.517775	0.516699	0.515380	0.515584	0.516391	0.516157	0.515680	0.518487
Pakistani Rupee	69.636500	69.596600	69.810500	69.744700	69.599700	69.420900	69.448300	69.557100	69.525500	69.461300	69.840600
Nuevo Sol	NA	NA	NA	NA	NA	NA	NA	NA	NA	NA	NA
Philippine Peso	NA	NA	NA	NA	NA	NA	NA	NA	NA	NA	NA
Polish Zloty	NA	NA	NA	NA	NA	NA	NA	NA	NA	NA	NA
Qatar Riyal	4.894090	4.891290	4.906320	4.901700	4.891500	4.879020	4.880950	4.888590	4.886370	4.881860	4.908430
Russian Ruble	NA	NA	NA	NA	NA	NA	NA	NA	NA	NA	NA
Saudi Arabian Riyal	5.035260	5.032380	5.047850	5.043090	5.032610	5.019760	5.021750	5.029610	5.027330	5.022680	5.050020
Singapore Dollar	2.301840	2.308580	2.314330	2.309860	2.299950	2.301320	2.305980	2.309990	2.308270	2.295810	2.301840
South African Rand	NA	8.792890	8.898100	8.854700	8.826880	8.776200	8.858790	8.806850	8.812250	8.840320	8.932940
Sri Lanka Rupee	98.345600	98.282600	98.557700	98.505300	98.354200	98.170200	98.209000	NA	NA	98.267500	98.735000
Swedish Krona	11.673900	11.677300	11.632300	11.621300	11.610600	11.601100	11.542000	11.590300	11.652100	11.664800	11.660900
Swiss Franc	2.238510	2.226610	2.192070	2.199700	2.206550	2.209360	2.197770	2.215040	2.212160	2.214000	2.205690
Thai Baht	50.815200	50.800800	51.120100	NA	51.042300	50.987100	50.996500	51.150300	NA	NA	51.155600
Trinidad And Tobago Dollar	8.433830	8.428060	8.457740	8.437380	8.428710	8.405720	8.420580	8.433490	8.415030	8.419060	8.474860
Tunisian Dinar	NA	NA	NA	NA	NA	NA	NA	NA	NA	NA	NA
U.A.E. Dirham	4.937790	4.934960	4.950130	4.945460	4.935180	4.922580	4.924530	4.932240	4.930000	4.925450	4.952260
Peso Uruguayo	NA	NA	NA	NA	NA	NA	NA	NA	NA	NA	NA
Bolivar Fuerte	NA	NA	NA	NA	NA	NA	NA	NA	NA	NA	NA

Currency units per SDR for April 2000 Continued

Currency	April 18, 2000	April 19, 2000	April 20, 2000	April 21, 2000	April 24, 2000	April 25, 2000	April 26, 2000	April 27, 2000	April 28, 2000
Chinese Yuan	11.122600	11.102500	11.078500	11.051200	11.061100	11.035000	10.988300	10.991100	10.922900
Euro	1.414630	1.417400	1.427190	NA	NA	1.432900	1.443670	1.448720	1.452070
Japanese Yen	140.393000	140.671000	140.102000	141.142000	141.628000	140.419000	140.348000	141.043000	140.562000
U.K. Pound Sterling	0.848954	0.848680	0.846703	NA	NA	0.846542	0.842006	0.844064	0.841279
U.S. Dollar	1.343470	1.341000	1.338130	1.334930	1.336110	1.332880	1.327170	1.327460	1.319210
Algerian Dinar	NA	NA	NA	NA	NA	NA	NA	NA	NA
Australian Dollar	2.257930	2.245480	2.243680	NA	NA	NA	2.254410	2.249170	2.232540
Bahrain Dinar	0.505145	0.504216	0.503137	0.501934	0.502377	0.501163	0.499016	0.499125	0.496023
Botswana Pula	6.582410	6.579980	6.598270	NA	NA	6.627950	6.625910	6.711120	6.666040
Brazilian Real	2.400110	2.371960	2.362330	NA	2.375070	2.386920	2.372980	2.386370	2.384470
Brunei Dollar	2.287930	2.276350	2.270140	NA	2.271390	2.270560	2.264820	2.262660	2.249250
Canadian Dollar	1.993580	1.979320	1.970530	NA	1.972100	1.959200	1.958370	1.963310	1.953880
Chilean Peso	681.690000	681.027000	680.600000	NA	679.265000	679.249000	677.480000	677.682000	674.855000
Colombian Peso	2,681.960000	2,686.050000	2,671.000000	2,664.610000	2,666.970000	2,653.990000	2,639.280000	2,653.530000	2,642.310000
Czech Koruna	NA	NA	NA	NA	NA	NA	NA	NA	NA
Danish Krone	10.542500	10.554500	NA	NA	NA	10.607700	10.754500	10.745500	10.828100
Hungarian Forint	366.270000	366.106000	367.986000	367.399000	NA	367.155000	372.829000	372.047000	374.299000
Icelandic Krona	99.080900	99.059700	NA	NA	NA	99.179600	99.590800	99.665700	99.745500
Indian Rupee	58.629000	58.534600	58.396000	58.256300	58.321200	58.180200	57.944200	57.956900	57.596700
Indonesian Rupiah	NA	NA	NA	NA	NA	NA	NA	NA	NA
Iranian Rial	NA	NA	NA	NA	NA	2,339.460000	2,335.870000	2,325.870000	2,325.870000
Israeli New Sheqel	NA	NA	NA	NA	NA	NA	NA	NA	NA
Kazakhstani Tenge	NA	NA	NA	NA	NA	NA	NA	NA	NA
Korean Won	1,497.700000	1,489.180000	1,484.120000	1,481.370000	1,481.880000	1,477.360000	1,471.430000	1,471.490000	1,464.850000
Kuwaiti Dinar	0.411532	0.410775	0.409896	NA	0.409878	0.408888	NA	0.407822	NA
Libyan Dinar	0.634115	0.634115	0.634115	0.634115	0.634115	0.634115	0.634115	0.634115	0.634115
Malaysian Ringgit	5.105190	5.095800	5.084890	5.072730	5.077220	5.064940	5.043250	5.044350	5.013000
Mauritian Rupee	NA	NA	NA	NA	NA	NA	NA	NA	NA
Mexican Peso	NA	NA	NA	NA	NA	NA	NA	NA	NA
Nepalese Rupee	92.726300	92.555800	92.357700	92.136900	92.218300	91.995400	91.601300	91.621300	91.051900
New Zealand Dollar	2.720400	2.701180	2.687280	NA	NA	NA	2.723240	2.721600	2.698600
Norwegian Krone	11.564300	11.575600	NA	NA	NA	11.696700	11.770900	11.843300	11.830800
Rial Omani	0.516564	0.515614	0.514511	0.513281	0.513734	0.512492	0.510297	0.510408	0.507236
Pakistani Rupee	69.581600	69.453700	69.305000	69.139300	69.200400	69.033100	68.737400	68.752400	68.325100
Nuevo Sol	NA	NA	NA	NA	NA	NA	NA	NA	NA
Philippine Peso	NA	NA	NA	NA	NA	NA	NA	NA	NA
Polish Zloty	NA	NA	NA	NA	NA	NA	NA	NA	NA
Qatar Riyal	4.890230	4.881240	4.870790	4.859150	4.863440	4.851680	4.830900	4.831950	4.801920
Russian Ruble	NA	NA	NA	NA	NA	NA	NA	NA	NA
Saudi Arabian Riyal	5.031300	5.022050	5.011300	4.999310	5.003730	4.991640	4.970250	4.971340	4.940440
Singapore Dollar	2.287930	2.276350	2.270140	NA	2.271390	2.270560	2.264820	2.262660	2.249250
South African Rand	8.898470	8.765450	8.950080	NA	NA	8.938960	8.968350	NA	8.995030
Sri Lanka Rupee	NA	98.255100	98.071500	NA	97.990300	97.726800	97.387700	97.448800	96.935600
Swedish Krona	11.758700	11.717000	11.715300	NA	NA	11.732700	11.791900	11.834300	11.777200
Swiss Franc	2.221970	2.230620	2.240560	NA	NA	2.247500	2.269590	2.269960	2.285800
Thai Baht	50.916200	50.873500	50.760600	50.629900	50.702700	50.673400	50.565200	50.576200	50.193300
Trinidad And Tobago Dollar	NA	8.410080	8.386330	NA	NA	8.361960	8.333700	8.333130	8.278970
Tunisian Dinar	NA	NA	NA	NA	NA	NA	NA	NA	NA
U.A.E. Dirham	4.933890	4.924820	4.914280	4.902530	4.906860	4.895000	4.874030	4.875100	4.844800
Peso Uruguayo	NA	NA	NA	NA	NA	NA	NA	NA	NA
Bolivar Fuerte	NA	NA	NA	NA	NA	NA	NA	NA	NA

Notes:


The value of the U.S. dollar in terms of the SDR is the reciprocal of the sum of the dollar values, based on market exchange rates, of specified quantities of the SDR basket currencies. See SDR Valuation.

These rates are the official rates used by the Fund to conduct operations with member countries. The rates are derived from the currency's representative exchange rate, as reported by the central bank, normally against the U.S. dollar at spot market rates and rounded to six significant digits. See Representative Exchange Rates for Selected Currencies.

The value in terms of each national currency of the SDR (shown above) is the reciprocal of the value in terms of the SDR of each national currency, rounded to six significant digits.

Exchange rates are published daily except on IMF holidays or whenever the IMF is closed for business.
