Currency units per SDR for July 2000
Currency	July 03, 2000	July 04, 2000	July 05, 2000	July 06, 2000	July 07, 2000	July 10, 2000	July 11, 2000	July 12, 2000	July 13, 2000	July 14, 2000	July 17, 2000
Chinese Yuan	NA	NA	11.035300	11.024900	10.994800	11.014100	11.025200	10.991500	10.949900	10.930000	10.936600
Euro	1.401910	1.402310	1.397690	1.395580	1.400390	1.396920	1.397750	1.397580	1.414700	1.412790	1.412520
Japanese Yen	141.001000	141.285000	141.203000	142.554000	142.958000	142.341000	142.419000	142.514000	143.277000	143.034000	142.799000
U.K. Pound Sterling	0.881403	0.879467	0.880552	0.882011	0.878300	0.877847	0.880423	0.877030	0.880618	0.880543	0.880954
U.S. Dollar	1.330830	1.330370	1.332980	1.331660	1.327990	1.330290	1.331640	1.327560	1.322600	1.320110	1.320990
Algerian Dinar	NA	NA	NA	NA	NA	NA	NA	NA	NA	NA	NA
Australian Dollar	2.213250	2.222840	2.239170	2.253990	2.261180	2.239920	2.251290	2.253920	2.241320	2.254670	2.255790
Bahrain Dinar	0.500392	0.500219	0.501200	0.500704	0.499324	0.500189	0.500697	0.499163	0.497298	0.496361	0.496692
Botswana Pula	NA	NA	6.797450	6.832530	6.827710	6.818500	6.801020	6.787120	6.810500	6.797680	NA
Brazilian Real	2.394430	2.404240	NA	2.402180	2.385340	2.389730	NA	2.384830	2.384120	2.388870	2.390730
Brunei Dollar	2.301400	2.303540	2.312050	2.311760	2.306050	2.310710	2.320380	2.315260	2.303310	2.299630	2.306450
Canadian Dollar	NA	1.974140	1.987070	1.977910	1.966890	1.968830	1.968430	1.966120	1.958240	1.959310	1.956390
Chilean Peso	NA	680.910000	681.993000	681.610000	680.143000	681.162000	681.760000	680.507000	678.891000	NA	678.910000
Colombian Peso	2,862.300000	2,861.310000	2,867.310000	2,880.970000	2,879.950000	2,880.760000	2,891.830000	2,897.480000	2,872.900000	2,859.650000	2,848.480000
Czech Koruna	NA	NA	NA	NA	NA	NA	NA	NA	NA	NA	NA
Danish Krone	10.450100	10.479300	10.415600	10.379600	10.427400	10.436500	10.415600	10.422300	10.522700	10.512800	10.498400
Hungarian Forint	363.862000	364.641000	363.037000	361.692000	363.537000	363.635000	363.325000	363.751000	366.929000	366.687000	365.690000
Icelandic Krona	102.248000	102.332000	102.186000	102.152000	102.229000	102.153000	102.203000	NA	105.067000	106.322000	105.177000
Indian Rupee	59.448200	59.427600	59.557500	59.565200	59.401000	59.450700	59.511000	59.328700	59.120200	59.022100	59.061500
Indonesian Rupiah	NA	NA	NA	NA	NA	NA	NA	NA	NA	NA	NA
Iranian Rial	NA	2,343.580000	2,343.580000	2,336.050000	2,336.050000	2,327.300000	2,331.330000	2,333.700000	2,333.700000	2,333.700000	2,313.490000
Israeli New Sheqel	NA	NA	NA	NA	NA	NA	NA	NA	NA	NA	NA
Kazakhstani Tenge	NA	NA	NA	NA	NA	NA	NA	NA	NA	NA	NA
Korean Won	NA	1,480.970000	1,485.740000	NA	NA	NA	1,489.710000	1,481.960000	NA	NA	NA
Kuwaiti Dinar	0.407314	0.407466	0.408065	0.407887	NA	0.407521	0.407935	0.406685	0.405840	NA	0.405518
Libyan Dinar	0.661999	0.661999	0.661999	0.661999	0.661999	0.661999	0.661999	0.661999	0.661999	0.661999	0.661999
Malaysian Ringgit	5.057150	5.055410	5.065320	5.060310	5.046360	5.055100	5.060230	5.044730	5.025880	5.016420	5.019760
Mauritian Rupee	NA	NA	NA	NA	NA	NA	NA	NA	NA	NA	NA
Mexican Peso	NA	NA	NA	NA	NA	NA	NA	NA	NA	NA	NA
Nepalese Rupee	94.156200	94.123700	94.308300	94.214900	93.955300	94.118000	94.213500	93.924900	93.573900	93.397800	93.460000
New Zealand Dollar	2.840320	2.851510	2.869400	2.890830	2.895430	2.880350	2.883900	2.888200	2.865560	2.859550	2.868910
Norwegian Krone	11.452200	11.470800	11.443000	11.415800	11.445400	11.406600	11.427300	11.392300	11.526200	11.516400	11.534600
Rial Omani	0.511704	0.511527	0.512531	0.512023	0.510612	0.511497	0.512016	0.510447	0.508540	0.507582	0.507921
Pakistani Rupee	68.925700	68.901900	69.037100	68.968700	68.778700	68.897800	68.967700	68.756400	68.499500	68.370500	68.416100
Nuevo Sol	NA	NA	NA	NA	NA	NA	NA	NA	NA	NA	NA
Philippine Peso	NA	NA	NA	NA	NA	NA	NA	NA	NA	NA	NA
Polish Zloty	NA	NA	NA	NA	NA	NA	NA	NA	NA	NA	NA
Qatar Riyal	4.844220	4.842550	4.852050	4.847240	4.833880	4.842260	4.847170	4.832320	4.814260	4.805200	4.808400
Russian Ruble	NA	NA	NA	NA	NA	NA	NA	NA	NA	NA	NA
Saudi Arabian Riyal	4.983960	4.982240	4.992010	4.987070	4.973320	4.981940	4.986990	4.971710	4.953140	4.943810	4.947110
Singapore Dollar	2.301400	2.303540	2.312050	2.311760	2.306050	2.310710	2.320380	2.315260	2.303310	2.299630	2.306450
South African Rand	9.051640	9.035210	9.020940	9.106560	9.078800	9.087880	9.070470	9.036040	9.057830	9.077740	9.124740
Sri Lanka Rupee	103.193000	103.157000	103.359000	103.257000	102.972000	103.151000	103.255000	102.939000	102.554000	102.361000	102.430000
Swedish Krona	11.718000	11.753800	11.750200	11.741900	11.792600	11.803000	11.758400	11.752200	11.724800	11.772100	11.770000
Swiss Franc	2.181500	2.178880	2.167430	2.153430	2.163560	2.162790	2.165910	2.172020	2.193800	2.185180	2.177650
Thai Baht	52.285600	52.343400	52.543400	52.688500	52.661400	52.932200	53.215000	53.244400	52.904000	52.853200	NA
Trinidad And Tobago Dollar	8.355220	8.346740	8.365520	8.357900	8.339380	8.353560	8.353240	8.323930	8.298260	8.277880	8.298190
Tunisian Dinar	NA	NA	NA	NA	NA	NA	NA	NA	NA	NA	NA
U.A.E. Dirham	4.887470	4.885780	4.895370	4.890520	4.877040	4.885490	4.890450	4.875460	4.857250	4.848100	4.851340
Peso Uruguayo	NA	NA	NA	NA	NA	NA	NA	NA	NA	NA	NA
Bolivar Fuerte	NA	NA	NA	NA	NA	NA	NA	NA	NA	NA	NA

Currency units per SDR for July 2000 Continued

Currency	July 18, 2000	July 19, 2000	July 20, 2000	July 21, 2000	July 24, 2000	July 25, 2000	July 26, 2000	July 27, 2000	July 28, 2000	July 31, 2000
Chinese Yuan	10.935200	10.885400	10.886000	10.934100	10.930700	10.948400	10.944000	10.940600	10.898500	10.873500
Euro	1.412100	1.426570	1.426030	1.410470	1.414660	1.405230	1.407670	1.407430	1.419080	1.420910
Japanese Yen	142.838000	142.254000	NA	142.957000	143.699000	144.133000	144.407000	144.275000	143.086000	143.812000
U.K. Pound Sterling	0.882258	0.878361	0.879877	0.872503	0.868641	0.872934	0.870579	0.872122	0.872037	0.876619
U.S. Dollar	1.320740	1.314730	1.314800	1.320620	1.320160	1.322320	1.321800	1.321440	1.316340	1.313350
Algerian Dinar	NA	NA	NA	NA	NA	NA	NA	NA	NA	NA
Australian Dollar	2.260380	2.259760	2.278290	2.262110	2.245170	2.257670	2.250640	2.231790	2.224670	2.255840
Bahrain Dinar	0.496598	0.494338	0.494365	0.496553	0.496380	0.497192	0.496997	0.496861	0.494944	0.493820
Botswana Pula	NA	6.854690	6.826580	6.807320	6.826060	6.847850	6.845160	6.829150	6.820410	6.808450
Brazilian Real	2.373500	2.361520	2.371370	2.378040	2.364800	2.373300	2.364700	2.367620	2.348220	2.340390
Brunei Dollar	2.307990	2.292890	2.295380	2.306460	2.308700	2.306130	2.306540	2.299970	2.279240	2.276430
Canadian Dollar	1.952050	1.940020	1.939330	1.943290	1.932850	1.937460	1.938290	1.943570	1.944630	1.953210
Chilean Peso	678.609000	676.534000	676.714000	NA	679.183000	679.884000	679.656000	679.722000	678.481000	677.006000
Colombian Peso	2,831.680000	2,828.720000	NA	2,847.010000	NA	2,839.880000	2,847.040000	2,861.410000	2,861.430000	2,853.630000
Czech Koruna	NA	NA	NA	NA	NA	NA	NA	NA	NA	NA
Danish Krone	10.519300	10.622800	10.641600	10.530200	10.536300	10.493100	10.474500	10.488500	10.593500	10.590900
Hungarian Forint	366.915000	370.741000	371.194000	367.740000	367.836000	366.970000	364.949000	366.131000	369.010000	369.931000
Icelandic Krona	104.721000	104.587000	104.356000	103.920000	103.897000	103.405000	103.603000	103.112000	NA	103.269000
Indian Rupee	59.089900	58.873600	58.929300	59.454300	59.037600	59.411800	59.322400	59.332700	59.090500	59.087600
Indonesian Rupiah	NA	NA	NA	NA	NA	NA	NA	NA	NA	NA
Iranian Rial	2,315.030000	2,314.600000	NA	NA	2,314.390000	2,313.580000	2,317.370000	NA	NA	NA
Israeli New Sheqel	NA	NA	NA	NA	NA	NA	NA	NA	NA	NA
Kazakhstani Tenge	NA	NA	NA	NA	NA	NA	NA	NA	NA	NA
Korean Won	1,469.190000	NA	NA	NA	NA	NA	NA	NA	NA	NA
Kuwaiti Dinar	0.405441	0.404056	0.404077	NA	0.405223	0.405886	0.405727	0.405616	NA	0.403868
Libyan Dinar	0.661999	0.661999	0.661999	0.661999	0.661999	0.661999	0.661999	0.661999	0.661999	0.661999
Malaysian Ringgit	5.018810	4.995970	4.996240	5.018360	5.016610	5.024820	5.022840	5.021470	5.002090	4.990730
Mauritian Rupee	NA	NA	NA	NA	NA	NA	NA	NA	NA	NA
Mexican Peso	NA	NA	NA	NA	NA	NA	NA	NA	NA	NA
Nepalese Rupee	93.442400	93.017100	93.022100	93.433900	93.731400	93.554100	93.517400	93.491900	93.131100	92.919500
New Zealand Dollar	2.875860	2.865900	2.885550	2.853240	2.849160	2.876170	2.855170	2.861810	2.863160	2.881730
Norwegian Krone	11.564400	11.660100	11.677800	11.542600	11.588200	11.477900	11.518300	11.533900	11.613000	11.650100
Rial Omani	0.507825	0.505514	0.505541	0.507778	0.507602	0.508432	0.508232	0.508094	0.506133	0.504983
Pakistani Rupee	68.403200	68.091900	68.095500	68.397000	68.373100	68.485000	68.458100	68.439400	68.175300	68.020400
Nuevo Sol	NA	NA	NA	NA	NA	NA	NA	NA	NA	NA
Philippine Peso	NA	NA	NA	NA	NA	NA	NA	NA	NA	NA
Polish Zloty	NA	NA	NA	NA	NA	NA	NA	NA	NA	NA
Qatar Riyal	4.807490	4.785620	4.785870	4.807060	4.805380	4.813240	4.811350	4.810040	4.791480	4.780590
Russian Ruble	NA	NA	NA	NA	NA	NA	NA	NA	NA	NA
Saudi Arabian Riyal	4.946170	4.923660	4.923930	4.945720	4.944000	4.952090	4.950140	4.948790	4.929690	4.918500
Singapore Dollar	2.307990	2.292890	2.295380	2.306460	2.308700	2.306130	2.306540	2.299970	2.279240	2.276430
South African Rand	9.148110	9.169580	9.130630	9.110300	9.163890	9.196070	9.181880	9.155600	9.159750	9.137630
Sri Lanka Rupee	102.410000	101.944000	101.950000	102.401000	102.365000	102.533000	102.492000	102.464000	102.069000	101.837000
Swedish Krona	11.827200	11.950900	11.958100	11.865800	11.904500	11.824800	11.764000	11.813700	12.011600	12.053300
Swiss Franc	2.191110	2.208350	2.212810	2.191170	2.197410	2.182220	2.183220	2.184470	2.197890	2.198680
Thai Baht	53.252200	NA	52.869400	53.203800	53.626200	NA	NA	54.159200	NA	54.441000
Trinidad And Tobago Dollar	8.294510	8.244800	8.252740	8.297720	8.291260	8.291740	8.298130	8.289790	8.254500	8.246260
Tunisian Dinar	NA	NA	NA	NA	NA	NA	NA	NA	NA	NA
U.A.E. Dirham	4.850420	4.828350	4.828600	4.849980	4.848290	4.856220	4.854310	4.852990	4.834260	4.823280
Peso Uruguayo	NA	NA	NA	NA	NA	NA	NA	NA	NA	NA
Bolivar Fuerte	NA	NA	NA	NA	NA	NA	NA	NA	NA	NA

Notes:


The value of the U.S. dollar in terms of the SDR is the reciprocal of the sum of the dollar values, based on market exchange rates, of specified quantities of the SDR basket currencies. See SDR Valuation.

These rates are the official rates used by the Fund to conduct operations with member countries. The rates are derived from the currency's representative exchange rate, as reported by the central bank, normally against the U.S. dollar at spot market rates and rounded to six significant digits. See Representative Exchange Rates for Selected Currencies.

The value in terms of each national currency of the SDR (shown above) is the reciprocal of the value in terms of the SDR of each national currency, rounded to six significant digits.

Exchange rates are published daily except on IMF holidays or whenever the IMF is closed for business.
