Currency units per SDR for December 2001
Currency	December 03, 2001	December 04, 2001	December 05, 2001	December 06, 2001	December 07, 2001	December 10, 2001	December 11, 2001	December 12, 2001	December 13, 2001	December 14, 2001	December 17, 2001
Chinese Yuan	10.487000	10.480900	10.478400	10.450000	10.471500	10.452500	10.461400	10.484300	10.492000	10.505200	10.517800
Euro	1.419610	1.422430	1.419370	1.420280	1.419700	1.426930	1.418880	1.417220	1.412430	1.407760	1.404290
Japanese Yen	156.728000	157.331000	157.229000	157.432000	158.049000	158.802000	159.193000	159.454000	159.851000	161.637000	162.401000
U.K. Pound Sterling	0.891504	0.889593	0.889751	0.891711	0.886603	0.882854	0.882208	0.878194	0.877208	0.874065	0.871566
U.S. Dollar	1.267000	1.266250	1.265940	1.262490	1.265100	1.262840	1.263940	1.266710	1.267650	1.269230	1.270740
Algerian Dinar	NA	NA	NA	NA	NA	NA	NA	NA	NA	NA	NA
Australian Dollar	2.429070	2.453970	2.459560	2.441950	NA	2.448300	2.455680	2.441610	2.440140	2.450260	2.453640
Bahrain Dinar	0.476392	0.476109	0.475991	0.474696	0.475676	0.474827	0.475242	0.476283	0.476638	0.477231	0.477799
Botswana Pula	8.319120	8.314210	8.510490	8.582510	8.547960	8.602450	8.604070	8.655390	8.778780	9.121340	9.009170
Brazilian Real	3.202850	3.123080	3.073820	3.067590	3.090250	3.030430	2.979230	2.965250	2.984430	3.025730	3.028430
Brunei Dollar	2.323050	2.325090	2.325140	2.313380	2.315890	2.314400	2.313260	2.319220	2.321450	2.325240	NA
Canadian Dollar	1.996790	1.990930	1.989290	1.990560	1.989240	1.993140	1.994240	1.982910	1.987300	1.984190	1.988200
Chilean Peso	688.364000	688.179000	688.099000	686.818000	688.236000	687.625000	688.013000	689.522000	689.551000	690.450000	691.133000
Colombian Peso	NA	2,917.600000	2,930.340000	2,923.110000	2,928.560000	2,918.290000	2,917.690000	2,921.750000	2,924.630000	2,934.470000	2,946.430000
Czech Koruna	46.966400	47.024700	46.870000	46.908900	46.758000	46.818500	46.564900	46.371900	46.055100	45.934800	45.199000
Danish Krone	10.556900	10.577600	10.565900	10.588900	10.558000	10.572500	10.544500	10.555800	10.518900	10.485500	10.440500
Hungarian Forint	355.495000	354.600000	353.424000	354.040000	353.241000	355.514000	353.866000	349.612000	349.441000	346.602000	344.994000
Icelandic Krona	135.240000	135.868000	137.114000	NA	NA	136.273000	135.242000	134.297000	131.823000	NA	NA
Indian Rupee	60.727500	60.703900	60.650900	60.485800	60.522400	60.389000	60.441600	60.561300	60.695100	60.758100	NA
Indonesian Rupiah	NA	NA	NA	NA	NA	NA	NA	NA	NA	NA	NA
Iranian Rial	2,218.810000	2,220.420000	2,219.100000	2,218.560000	2,218.560000	2,217.090000	2,213.130000	2,215.050000	2,219.910000	2,219.910000	2,224.330000
Israeli New Sheqel	5.373340	5.382830	5.362510	5.332740	5.345050	5.329180	5.337600	5.349310	5.360900	5.377730	5.377790
Kazakhstani Tenge	NA	NA	NA	NA	NA	NA	NA	NA	NA	NA	NA
Korean Won	1,608.710000	1,611.180000	1,610.150000	1,604.620000	1,604.650000	1,607.970000	1,618.350000	1,621.520000	1,615.500000	1,617.000000	1,627.950000
Kuwaiti Dinar	0.388045	0.388016	0.387922	0.387154	NA	0.387060	0.387397	0.387956	0.388244	NA	NA
Libyan Dinar	0.816990	0.816990	0.816990	0.816990	0.816990	0.816990	0.816990	0.816990	0.816990	0.816990	0.816990
Malaysian Ringgit	4.814610	4.811740	4.810560	4.797450	4.807370	4.798790	4.802980	4.813500	4.817070	4.823090	4.828820
Mauritian Rupee	NA	NA	NA	NA	NA	NA	NA	NA	NA	NA	NA
Mexican Peso	NA	NA	NA	NA	NA	NA	NA	NA	NA	NA	NA
Nepalese Rupee	96.893600	96.836400	NA	96.548400	96.748300	NA	96.659400	96.872000	96.943400	97.064800	97.179800
New Zealand Dollar	3.040200	3.066350	3.064850	3.036650	3.037810	3.040420	NA	3.024980	3.016430	3.036810	3.036780
Norwegian Krone	11.359100	11.331800	11.354900	11.328200	11.325000	11.400500	11.353800	11.346900	11.332600	NA	11.286200
Rial Omani	0.487163	0.486874	0.486753	0.485427	0.486431	0.485562	0.485984	0.487049	0.487413	0.488022	0.488601
Pakistani Rupee	77.114700	77.068900	77.049900	76.839700	76.998900	76.861000	76.928400	77.096800	77.153900	77.250500	77.342500
Nuevo Sol	NA	NA	NA	NA	NA	NA	NA	NA	NA	NA	NA
Philippine Peso	NA	NA	NA	NA	NA	NA	NA	NA	NA	NA	NA
Polish Zloty	5.129470	5.091340	5.106030	5.149940	5.121380	5.158310	5.146390	5.133100	5.110150	5.105740	5.069370
Qatar Riyal	4.611890	4.609140	4.608020	4.595460	4.604960	4.596730	4.600750	4.610820	4.614250	4.620000	4.625500
Russian Ruble	NA	NA	NA	NA	NA	NA	NA	NA	NA	NA	NA
Saudi Arabian Riyal	4.751250	4.748430	4.747260	4.734330	4.744130	4.735630	4.739760	4.750170	4.753690	4.759620	4.765290
Singapore Dollar	2.323050	2.325090	2.325140	2.313380	2.315890	2.314400	2.313260	2.319220	2.321450	2.325240	NA
South African Rand	13.242100	13.160800	13.655000	14.011700	13.823100	14.021900	14.019000	14.159900	14.522900	15.594400	NA
Sri Lanka Rupee	118.085000	118.108000	118.018000	NA	117.907000	NA	117.805000	NA	118.047000	118.153000	NA
Swedish Krona	13.585400	13.529900	13.390400	13.322400	13.251900	13.266100	13.271400	13.281500	13.250100	13.282500	13.374600
Swiss Franc	2.090550	2.092470	NA	2.097870	2.099680	2.101860	2.099530	2.088810	2.082370	2.072410	2.070420
Thai Baht	55.720200	55.759400	NA	55.363900	55.412400	NA	55.364200	55.410900	55.385100	NA	55.661000
Trinidad And Tobago Dollar	7.883260	7.866090	7.859040	7.871350	7.873460	7.879350	7.891540	7.888680	7.921920	7.944890	NA
Tunisian Dinar	NA	NA	NA	NA	NA	NA	NA	NA	NA	NA	NA
U.A.E. Dirham	4.653070	4.650300	4.649150	4.636480	4.646060	4.637770	4.641810	4.652010	4.655450	4.661270	4.666790
Peso Uruguayo	NA	NA	NA	NA	NA	NA	NA	NA	NA	NA	NA
Bolivar Fuerte	NA	NA	NA	NA	NA	NA	NA	NA	NA	NA	NA

Currency units per SDR for December 2001 Continued

Currency	December 18, 2001	December 19, 2001	December 20, 2001	December 21, 2001	December 24, 2001	December 25, 2001	December 26, 2001	December 27, 2001	December 28, 2001	December 31, 2001
Chinese Yuan	10.498000	10.473000	10.468800	10.448100	NA	NA	10.380500	10.382800	10.392500	NA
Euro	1.407410	1.408620	1.409630	1.411550	1.425940	NA	NA	1.421810	1.424740	NA
Japanese Yen	162.667000	162.220000	162.788000	163.285000	NA	164.094000	164.049000	164.711000	165.491000	NA
U.K. Pound Sterling	0.871908	0.874294	0.875519	0.871186	0.875097	NA	NA	0.867243	0.866604	0.866469
U.S. Dollar	1.268360	1.265360	1.264870	1.262350	1.254540	1.254540	1.254200	1.254470	1.255620	1.256730
Algerian Dinar	NA	NA	NA	NA	NA	NA	NA	NA	NA	NA
Australian Dollar	2.449520	2.458450	2.479640	2.491800	2.464240	NA	NA	2.469420	2.473640	NA
Bahrain Dinar	0.476904	0.475778	0.475590	0.474642	0.471709	0.471709	0.471578	0.471678	0.472112	0.472529
Botswana Pula	9.108550	9.179280	9.528170	9.187380	NA	NA	8.746150	8.766390	8.707460	NA
Brazilian Real	2.989780	2.963740	2.899320	2.927890	NA	NA	2.931060	2.902450	2.913910	2.915110
Brunei Dollar	2.332510	2.323330	2.320650	2.326000	2.304590	NA	2.312110	2.321140	2.322900	2.326210
Canadian Dollar	1.995130	1.991940	1.995330	2.000320	1.999110	NA	NA	2.000870	2.003470	2.001470
Chilean Peso	690.265000	689.042000	688.895000	688.231000	685.556000	NA	685.556000	685.815000	686.460000	NA
Colombian Peso	2,930.640000	2,918.970000	2,918.170000	2,912.080000	2,889.400000	NA	2,881.630000	2,881.720000	2,889.600000	NA
Czech Koruna	44.184600	44.966100	45.449200	45.649000	NA	NA	45.354100	45.748000	45.527600	45.567800
Danish Krone	10.452700	10.473200	10.481000	10.471300	NA	NA	NA	10.568600	10.583600	10.568500
Hungarian Forint	344.169000	346.432000	347.635000	346.717000	NA	NA	NA	349.143000	350.356000	NA
Icelandic Krona	129.094000	128.801000	128.346000	128.154000	NA	NA	NA	127.918000	130.120000	NA
Indian Rupee	60.640200	60.471900	60.435400	60.378100	NA	NA	NA	60.377400	60.696600	60.549200
Indonesian Rupiah	NA	NA	NA	NA	NA	NA	NA	NA	NA	NA
Iranian Rial	2,226.970000	2,222.800000	2,217.540000	2,217.540000	2,212.270000	2,212.270000	2,212.270000	2,197.990000	2,197.990000	2,200.470000
Israeli New Sheqel	5.374030	5.390460	5.403510	5.457120	NA	NA	5.484590	5.483270	5.505910	5.549730
Kazakhstani Tenge	NA	NA	NA	NA	NA	NA	NA	NA	NA	NA
Korean Won	1,639.360000	1,635.740000	1,633.450000	NA	1,644.710000	NA	1,640.490000	1,652.880000	NA	1,666.550000
Kuwaiti Dinar	NA	0.387543	0.387744	NA	0.385119	0.385596	NA	0.385572	NA	NA
Libyan Dinar	NA	0.816990	0.816990	0.816990	0.816990	0.816990	0.816990	0.816990	0.816990	0.816990
Malaysian Ringgit	NA	4.808390	4.806490	4.796920	4.767260	4.767260	4.765940	4.766970	4.771360	4.775570
Mauritian Rupee	NA	NA	NA	NA	NA	NA	NA	NA	NA	NA
Mexican Peso	NA	NA	NA	NA	NA	NA	NA	NA	NA	NA
Nepalese Rupee	96.997900	96.768900	96.730500	96.538100	95.940700	NA	NA	95.935200	96.023700	NA
New Zealand Dollar	3.043450	3.035540	3.046760	3.076270	NA	NA	NA	3.020990	3.017590	3.025710
Norwegian Krone	11.250100	11.241500	11.254500	11.274000	11.299800	NA	NA	11.319000	11.328800	11.325100
Rial Omani	0.487684	0.486533	0.486341	0.485373	0.482372	0.482372	0.482239	0.482341	0.482786	0.483213
Pakistani Rupee	77.197400	77.014900	76.984700	76.831500	76.356300	NA	76.335300	76.351600	76.421600	76.489400
Nuevo Sol	NA	NA	NA	NA	NA	NA	NA	NA	NA	NA
Philippine Peso	NA	NA	NA	NA	NA	NA	NA	NA	NA	NA
Polish Zloty	5.017260	5.047170	5.024040	5.010500	5.004130	NA	NA	5.007840	4.972380	5.009690
Qatar Riyal	4.616830	4.605920	4.604120	4.594950	4.566540	4.566540	4.565270	4.566250	4.570470	4.574500
Russian Ruble	NA	NA	NA	NA	NA	NA	NA	NA	NA	NA
Saudi Arabian Riyal	4.756360	4.745120	4.743250	4.733800	4.704530	4.704530	4.703230	4.704240	4.708590	4.712740
Singapore Dollar	2.332510	2.323330	2.320650	2.326000	2.304590	NA	2.312110	2.321140	2.322900	2.326210
South African Rand	15.543100	15.901200	17.132000	15.718100	15.313600	NA	NA	14.972700	14.881000	15.239700
Sri Lanka Rupee	118.062000	117.749000	117.664000	117.468000	116.760000	NA	116.722000	116.737000	116.901000	117.075000
Swedish Krona	13.263900	13.302200	13.322200	13.270400	NA	NA	NA	13.463600	13.394300	NA
Swiss Franc	2.073640	2.081400	2.067550	2.068610	2.097470	NA	NA	2.111270	2.106050	NA
Thai Baht	55.641800	55.448400	55.474500	55.467400	NA	55.212300	55.237300	55.408400	55.532400	NA
Trinidad And Tobago Dollar	7.934870	7.894470	7.918030	7.895090	7.808410	NA	NA	7.833490	7.830420	7.845410
Tunisian Dinar	NA	NA	NA	NA	NA	NA	NA	NA	NA	NA
U.A.E. Dirham	4.658050	4.647060	4.645220	4.635960	4.607320	4.607320	4.606020	4.607020	4.611270	4.615330
Peso Uruguayo	NA	NA	NA	NA	NA	NA	NA	NA	NA	NA
Bolivar Fuerte	NA	NA	NA	NA	NA	NA	NA	NA	NA	NA

Notes:


The value of the U.S. dollar in terms of the SDR is the reciprocal of the sum of the dollar values, based on market exchange rates, of specified quantities of the SDR basket currencies. See SDR Valuation.

These rates are the official rates used by the Fund to conduct operations with member countries. The rates are derived from the currency's representative exchange rate, as reported by the central bank, normally against the U.S. dollar at spot market rates and rounded to six significant digits. See Representative Exchange Rates for Selected Currencies.

The value in terms of each national currency of the SDR (shown above) is the reciprocal of the value in terms of the SDR of each national currency, rounded to six significant digits.

Exchange rates are published daily except on IMF holidays or whenever the IMF is closed for business.
