Currency units per SDR for June 2001
Currency	June 01, 2001	June 04, 2001	June 05, 2001	June 06, 2001	June 07, 2001	June 08, 2001	June 11, 2001	June 12, 2001	June 13, 2001	June 14, 2001	June 15, 2001
Chinese Yuan	10.383200	10.390700	10.351000	10.366100	10.337500	10.331000	10.323800	10.310100	10.336100	10.336700	10.412500
Euro	1.479550	1.474650	1.477360	1.465960	1.475300	1.474020	1.468490	1.469930	1.461760	1.470550	1.452320
Japanese Yen	149.457000	149.891000	149.195000	150.911000	150.128000	150.034000	151.115000	151.841000	152.583000	152.228000	152.872000
U.K. Pound Sterling	0.884478	0.884690	0.888076	0.892833	0.903751	0.903710	0.900739	0.906101	0.906577	0.897642	0.893025
U.S. Dollar	1.254360	1.255370	1.250590	1.252370	1.248990	1.248200	1.247340	1.245620	1.248630	1.248790	1.258000
Algerian Dinar	NA	NA	NA	NA	NA	NA	NA	NA	NA	NA	NA
Australian Dollar	2.477020	2.468780	2.469070	2.428490	2.420990	2.393480	NA	2.389450	2.367530	2.369630	2.402600
Bahrain Dinar	0.471640	0.472019	0.470221	0.470892	0.469618	0.469323	0.468999	0.468353	0.469486	0.469547	0.473008
Botswana Pula	7.060850	7.062550	7.071440	7.087570	7.104590	7.071940	7.075090	7.081400	7.088480	7.091390	7.077340
Brazilian Real	2.959300	2.990920	2.954010	2.991540	NA	2.979700	2.945090	2.953860	NA	NA	NA
Brunei Dollar	2.268270	2.275860	2.267310	2.268670	2.260910	2.259370	2.259810	2.258560	2.269140	2.268310	2.281630
Canadian Dollar	1.921680	1.927870	1.916770	1.909370	1.899580	1.898510	1.891090	1.898820	1.895550	1.899920	1.914550
Chilean Peso	674.095000	674.509000	672.640000	673.274000	671.682000	671.583000	NA	670.578000	671.704000	672.251000	675.785000
Colombian Peso	2,919.210000	2,911.400000	2,872.450000	2,884.680000	2,876.890000	2,875.120000	2,864.280000	2,876.210000	2,889.010000	2,874.930000	2,893.630000
Czech Koruna	50.421800	50.123300	50.382400	50.043500	50.200600	49.971800	50.065600	49.898200	49.676900	49.589600	49.569000
Danish Krone	11.055300	NA	NA	10.940900	10.974300	10.945000	10.949100	10.967100	10.898800	10.916800	10.873600
Hungarian Forint	376.635000	NA	375.326000	368.335000	367.815000	367.083000	367.055000	366.051000	361.605000	362.563000	359.536000
Icelandic Krona	129.538000	NA	131.974000	130.823000	130.107000	130.088000	130.285000	NA	130.795000	131.486000	131.813000
Indian Rupee	59.017900	59.027700	NA	58.861600	58.677500	58.615600	58.562400	58.568900	58.735800	58.755800	59.126100
Indonesian Rupiah	NA	NA	NA	NA	NA	NA	NA	NA	NA	NA	NA
Iranian Rial	2,200.840000	2,198.270000	2,198.270000	2,196.660000	2,194.780000	2,194.780000	2,187.470000	2,185.960000	2,182.950000	2,188.220000	2,188.220000
Israeli New Sheqel	5.195560	5.224850	5.196180	5.187340	5.179550	5.176280	5.173950	5.175550	5.184330	5.199990	5.253400
Kazakhstani Tenge	NA	NA	NA	NA	NA	NA	NA	NA	NA	NA	NA
Korean Won	1,613.110000	1,609.640000	1,607.380000	NA	1,606.070000	1,607.430000	1,603.830000	1,606.350000	1,611.110000	1,613.570000	1,624.960000
Kuwaiti Dinar	0.386320	0.386629	0.385530	0.385881	NA	NA	0.384667	0.384361	0.385017	0.384491	NA
Libyan Dinar	0.704027	0.704027	0.704027	0.704027	0.704027	0.704027	0.704027	0.704027	0.704027	0.704027	0.704027
Malaysian Ringgit	4.766580	4.770400	4.752220	4.759030	4.746150	4.743160	4.739880	4.733350	4.744800	4.745430	4.780390
Mauritian Rupee	NA	NA	NA	NA	NA	NA	NA	NA	NA	NA	NA
Mexican Peso	NA	NA	NA	NA	NA	NA	NA	NA	NA	NA	NA
Nepalese Rupee	93.763800	NA	NA	NA	93.362000	93.302700	93.238400	NA	93.335800	NA	94.035300
New Zealand Dollar	3.067280	NA	3.047610	3.026880	3.031160	2.992210	2.979430	2.983880	2.972580	2.953980	3.022220
Norwegian Krone	11.809800	NA	11.773100	11.680000	11.736700	11.720000	11.679700	11.735200	11.686700	11.697600	11.615600
Rial Omani	0.482302	0.482691	0.480850	0.481538	0.480236	0.479934	0.479603	0.478941	0.480100	0.480162	0.483702
Pakistani Rupee	79.763900	79.828200	79.523500	79.637500	79.421800	79.372000	79.317200	79.207900	79.399700	79.409800	79.423100
Nuevo Sol	NA	NA	NA	NA	NA	NA	NA	NA	NA	NA	NA
Philippine Peso	NA	NA	NA	NA	NA	NA	NA	NA	NA	NA	NA
Polish Zloty	4.995750	4.989600	4.983830	4.973290	4.993080	4.981320	4.951550	4.938000	4.923610	NA	4.961670
Qatar Riyal	4.565880	4.569550	4.552140	4.558630	4.546300	4.543450	4.540320	4.534060	4.545020	4.545620	4.579110
Russian Ruble	NA	NA	NA	NA	NA	NA	NA	NA	NA	NA	NA
Saudi Arabian Riyal	4.703870	4.707630	4.689710	4.696400	4.683710	4.680750	4.677510	4.671090	4.682370	4.682990	4.717490
Singapore Dollar	2.268270	2.275860	2.267310	2.268670	2.260910	2.259370	2.259810	2.258560	2.269140	2.268310	2.281630
South African Rand	10.055600	10.036100	10.074100	10.096000	10.089900	10.057400	10.104100	10.095100	10.099600	10.073400	10.074700
Sri Lanka Rupee	115.122000	115.073000	NA	113.700000	112.288000	112.166000	112.129000	112.092000	112.298000	112.399000	113.386000
Swedish Krona	13.525200	NA	13.681400	13.544400	13.695100	13.724000	13.645900	13.617700	13.578900	13.496400	13.448000
Swiss Franc	2.250950	NA	2.241670	2.227850	2.246680	2.243890	2.237230	2.237880	2.231930	2.235220	2.215710
Thai Baht	56.975800	56.977500	NA	56.381900	56.450600	56.276500	56.324700	56.318400	56.611700	56.616500	NA
Trinidad And Tobago Dollar	7.832020	7.819100	7.803900	7.791500	7.783310	7.786650	7.758430	7.748630	7.756870	NA	7.819220
Tunisian Dinar	NA	NA	NA	NA	NA	NA	NA	NA	NA	NA	NA
U.A.E. Dirham	4.606660	4.610360	4.592780	4.599350	4.586900	4.584020	4.580850	4.574540	4.585600	4.586210	4.620000
Peso Uruguayo	NA	NA	NA	NA	NA	NA	NA	NA	NA	NA	NA
Bolivar Fuerte	NA	NA	NA	NA	NA	NA	NA	NA	NA	NA	NA

Currency units per SDR for June 2001 Continued

Currency	June 18, 2001	June 19, 2001	June 20, 2001	June 21, 2001	June 22, 2001	June 25, 2001	June 26, 2001	June 27, 2001	June 28, 2001	June 29, 2001
Chinese Yuan	10.355600	10.347500	10.326500	10.339900	10.335700	10.368000	10.366700	10.368500	10.325300	10.309900
Euro	1.458020	1.459790	1.465530	1.460770	1.464320	1.455390	1.454540	1.452940	1.465710	1.468920
Japanese Yen	153.701000	154.127000	153.581000	154.719000	155.222000	155.580000	154.809000	155.275000	155.434000	154.523000
U.K. Pound Sterling	0.892069	0.894855	0.894214	0.886871	0.882340	0.885206	0.886918	0.884627	0.884095	0.887154
U.S. Dollar	1.251130	1.250020	1.247610	1.249250	1.248770	1.252650	1.252500	1.252720	1.247460	1.245650
Algerian Dinar	NA	NA	NA	NA	NA	NA	NA	NA	NA	NA
Australian Dollar	2.375400	2.397890	2.403410	2.402860	2.415880	2.420120	2.418890	2.407690	2.408230	2.454480
Bahrain Dinar	NA	0.470007	0.469100	0.469717	0.469539	0.470998	0.470941	0.471023	0.469045	0.468364
Botswana Pula	7.078490	7.080250	7.096730	7.095970	7.067190	7.087170	7.064340	7.069540	7.059800	7.067490
Brazilian Real	3.011590	3.072300	3.077470	3.090650	3.002800	NA	2.879380	2.897670	2.897610	2.854400
Brunei Dollar	2.271670	2.270160	2.267530	2.275010	2.272140	2.279080	2.276430	2.280330	2.273750	2.267950
Canadian Dollar	1.918600	1.916150	1.909840	NA	1.909250	1.902410	1.896920	1.900250	1.900140	1.890520
Chilean Peso	673.092000	672.948000	672.310000	673.319000	673.052000	674.591000	674.359000	674.705000	673.106000	672.301000
Colombian Peso	NA	2,878.960000	2,879.210000	2,879.950000	2,872.750000	NA	2,879.360000	2,887.120000	2,877.940000	2,871.630000
Czech Koruna	49.386900	49.445700	49.588700	49.531400	49.727200	49.283200	49.134500	49.134300	49.122700	49.682800
Danish Krone	10.837400	10.869900	10.894700	10.859100	10.917300	10.839200	10.821000	10.799800	10.835200	10.949100
Hungarian Forint	356.633000	358.892000	360.758000	357.610000	357.311000	355.278000	352.530000	351.914000	352.470000	357.987000
Icelandic Krona	131.869000	132.214000	133.981000	129.560000	131.446000	130.201000	NA	129.043000	129.724000	130.432000
Indian Rupee	NA	58.713400	58.587800	58.714700	58.704700	58.862300	58.917800	58.890400	58.643100	58.595400
Indonesian Rupiah	NA	NA	NA	NA	NA	NA	NA	NA	NA	NA
Iranian Rial	2,204.650000	2,192.610000	2,190.660000	2,184.440000	2,184.440000	2,188.470000	2,195.270000	2,195.010000	2,195.390000	2,195.390000
Israeli New Sheqel	5.218440	5.212570	5.198780	5.214360	5.219860	5.232340	5.232970	5.230130	5.198180	5.188120
Kazakhstani Tenge	NA	NA	NA	NA	NA	NA	NA	NA	NA	NA
Korean Won	NA	NA	1,627.250000	1,621.530000	1,625.780000	1,633.710000	1,631.890000	1,627.160000	1,621.450000	1,622.210000
Kuwaiti Dinar	0.384947	0.384605	0.384250	0.384756	NA	0.385630	0.385307	0.385374	0.383756	NA
Libyan Dinar	0.704027	0.816990	0.816990	0.816990	0.816990	0.816990	0.816990	0.816990	0.816990	0.816990
Malaysian Ringgit	4.754280	4.750070	4.740910	4.747140	4.745340	4.760090	4.759500	4.760340	4.740370	4.733460
Mauritian Rupee	NA	NA	NA	NA	NA	NA	NA	NA	NA	NA
Mexican Peso	NA	NA	NA	NA	NA	NA	NA	NA	NA	NA
Nepalese Rupee	NA	93.438700	93.258400	93.381100	NA	93.635600	93.625100	93.640800	NA	93.112500
New Zealand Dollar	3.006430	3.016820	3.013910	3.021520	3.017450	3.027560	3.022090	3.002330	2.996190	3.073770
Norwegian Krone	11.551100	11.532300	11.513900	11.531300	11.509500	11.539100	11.543200	11.476700	11.555600	11.584700
Rial Omani	0.481058	0.480633	0.479706	0.480335	0.480153	0.481645	0.481587	0.481672	0.479649	0.478952
Pakistani Rupee	NA	NA	NA	78.870600	79.295900	79.542500	79.533000	79.546900	79.212900	79.097700
Nuevo Sol	NA	NA	NA	NA	NA	NA	NA	NA	NA	NA
Philippine Peso	NA	NA	NA	NA	NA	NA	NA	NA	NA	NA
Polish Zloty	4.955970	4.962950	4.983580	4.986760	4.960120	4.950740	4.950150	4.949760	4.926980	4.966530
Qatar Riyal	4.554110	4.550070	4.541280	4.547270	4.545540	4.559650	4.559110	4.559900	4.540770	4.534160
Russian Ruble	NA	NA	NA	NA	NA	NA	NA	NA	NA	NA
Saudi Arabian Riyal	4.691730	4.687570	4.678540	4.684670	4.682900	4.697460	4.696890	4.697700	4.677990	4.671170
Singapore Dollar	2.271670	2.270160	2.267530	2.275010	2.272140	2.279080	2.276430	2.280330	2.273750	2.267950
South African Rand	10.059700	10.064500	10.088800	10.099600	10.025800	10.073200	10.050700	10.057500	10.031500	10.045500
Sri Lanka Rupee	112.887000	112.877000	112.699000	112.982000	113.054000	113.410000	113.436000	113.490000	113.033000	112.968000
Swedish Krona	13.240000	13.184600	13.290100	13.329500	NA	13.372200	13.276500	13.388500	13.407100	13.509100
Swiss Franc	2.229380	2.232410	2.235220	2.219910	2.222560	2.210560	2.212050	2.211430	2.223480	2.236440
Thai Baht	56.679700	56.621000	NA	56.506100	NA	56.623900	56.548000	56.676800	56.473900	56.378000
Trinidad And Tobago Dollar	7.760600	NA	7.748630	7.741860	NA	7.765480	7.743350	7.759340	7.708550	7.702080
Tunisian Dinar	NA	NA	NA	NA	NA	NA	NA	NA	NA	NA
U.A.E. Dirham	4.594760	4.590690	4.581840	4.587870	4.586100	4.600370	4.599820	4.600620	4.581310	4.574650
Peso Uruguayo	NA	NA	NA	NA	NA	NA	NA	NA	NA	NA
Bolivar Fuerte	NA	NA	NA	NA	NA	NA	NA	NA	NA	NA

Notes:


The value of the U.S. dollar in terms of the SDR is the reciprocal of the sum of the dollar values, based on market exchange rates, of specified quantities of the SDR basket currencies. See SDR Valuation.

These rates are the official rates used by the Fund to conduct operations with member countries. The rates are derived from the currency's representative exchange rate, as reported by the central bank, normally against the U.S. dollar at spot market rates and rounded to six significant digits. See Representative Exchange Rates for Selected Currencies.

The value in terms of each national currency of the SDR (shown above) is the reciprocal of the value in terms of the SDR of each national currency, rounded to six significant digits.

Exchange rates are published daily except on IMF holidays or whenever the IMF is closed for business.
