Currency units per SDR for September 2001
Currency	September 03, 2001	September 04, 2001	September 05, 2001	September 06, 2001	September 07, 2001	September 10, 2001	September 11, 2001	September 12, 2001	September 13, 2001	September 14, 2001	September 17, 2001
Chinese Yuan	NA	10.576200	10.537300	10.519500	10.551100	10.606000	10.547700	10.618800	10.621600	10.674800	10.734400
Euro	1.414790	1.424540	1.431870	1.435300	1.424030	1.416410	1.421640	1.417310	1.416440	1.399020	1.399220
Japanese Yen	152.928000	151.932000	152.451000	154.167000	154.250000	153.835000	154.962000	153.120000	153.611000	153.481000	152.844000
U.K. Pound Sterling	0.882130	0.882402	0.879987	0.875074	0.876931	0.873981	0.874944	0.875251	0.874661	0.875182	0.881795
U.S. Dollar	1.283490	1.277810	1.273080	1.270960	1.274790	1.281430	1.274360	1.282950	1.283300	1.289750	1.296940
Algerian Dinar	NA	NA	NA	NA	NA	NA	NA	NA	NA	NA	NA
Australian Dollar	2.436400	2.434860	2.453420	2.441330	2.461940	2.492560	2.476890	2.464360	2.482200	2.503890	2.531600
Bahrain Dinar	0.482593	0.480457	0.478677	0.477881	0.479322	0.481816	0.479159	0.482388	0.482521	0.484947	0.487650
Botswana Pula	NA	7.388310	7.393000	7.413010	7.383670	7.454510	7.437160	7.500410	7.513430	7.529210	7.577770
Brazilian Real	3.274060	3.268890	3.263400	3.261410	NA	3.321320	3.313970	NA	3.430640	3.478470	3.498890
Brunei Dollar	2.234560	2.224930	2.225340	2.227740	2.232170	2.238780	2.233060	2.230150	2.234220	2.242630	2.246950
Canadian Dollar	NA	1.984190	1.986120	1.980660	1.998500	2.005940	NA	2.000370	2.012980	2.017560	2.034770
Chilean Peso	NA	687.257000	686.050000	685.363000	685.659000	689.817000	686.535000	689.903000	690.031000	691.941000	695.159000
Colombian Peso	2,947.990000	2,945.550000	2,934.800000	2,939.570000	NA	2,973.020000	NA	3,003.730000	3,004.430000	NA	3,038.000000
Czech Koruna	48.310800	48.622100	48.948600	48.876100	48.670300	48.439100	48.435800	48.364600	48.321300	48.158200	47.755900
Danish Krone	10.516100	10.595900	10.676700	10.652200	10.613800	10.554600	10.573100	10.540200	10.531400	10.496400	10.374700
Hungarian Forint	355.912000	358.464000	361.337000	361.982000	360.537000	359.017000	357.955000	363.318000	360.953000	360.654000	359.719000
Icelandic Krona	126.745000	127.526000	127.142000	NA	127.110000	127.246000	127.309000	127.615000	127.971000	127.183000	127.723000
Indian Rupee	60.490900	60.261700	60.038400	59.938400	60.195600	60.585900	60.468300	60.850200	61.008000	61.521400	62.486700
Indonesian Rupiah	NA	NA	NA	NA	NA	NA	NA	NA	NA	NA	NA
Iranian Rial	2,251.210000	2,257.620000	2,239.360000	2,231.070000	2,231.070000	2,234.070000	2,245.710000	2,233.320000	2,248.370000	2,259.680000	2,260.290000
Israeli New Sheqel	5.468960	5.452410	5.465320	5.463850	5.475250	5.528070	5.537100	5.565420	5.561830	5.570440	NA
Kazakhstani Tenge	NA	NA	NA	NA	NA	NA	NA	NA	NA	NA	NA
Korean Won	1,645.570000	1,635.730000	1,629.790000	1,630.390000	1,640.150000	1,649.960000	1,642.270000	1,661.670000	1,649.290000	1,663.010000	1,681.740000
Kuwaiti Dinar	0.391466	0.389733	0.389231	0.388583	NA	0.390937	0.389343	0.391966	0.392074	NA	0.395229
Libyan Dinar	0.816990	0.816990	0.816990	0.816990	0.816990	0.816990	0.816990	0.816990	0.816990	0.816990	0.816990
Malaysian Ringgit	4.877290	4.855690	4.837700	4.829660	4.844210	4.869430	4.842570	4.875200	4.876530	4.901070	4.928370
Mauritian Rupee	NA	NA	NA	NA	NA	NA	NA	NA	NA	NA	NA
Mexican Peso	NA	NA	NA	NA	NA	NA	NA	NA	NA	NA	NA
Nepalese Rupee	96.294600	95.868100	95.512800	95.353400	95.641600	96.139100	95.863500	NA	96.536300	97.021400	NA
New Zealand Dollar	2.939410	2.927730	2.956860	2.945790	2.948520	2.964540	2.963970	2.999990	3.027720	3.042230	3.095690
Norwegian Krone	11.361500	11.343600	11.355500	11.409200	11.360200	11.334800	11.297800	11.320100	11.330100	11.231300	11.285400
Rial Omani	0.493503	0.491318	0.489498	0.488685	0.490158	0.492708	0.489992	0.493294	0.493428	0.495911	0.498674
Pakistani Rupee	82.397400	82.033100	81.728700	81.592700	81.839100	82.264600	81.811000	82.362100	82.385200	82.799300	83.260500
Nuevo Sol	NA	NA	NA	NA	NA	NA	NA	NA	NA	NA	NA
Philippine Peso	NA	NA	NA	NA	NA	NA	NA	NA	NA	NA	NA
Polish Zloty	5.420850	5.443750	5.404850	5.409210	5.394560	5.383260	5.373340	5.448400	5.434520	5.457590	5.502670
Qatar Riyal	4.671910	4.651230	4.634010	4.626290	4.640260	4.664400	4.638670	4.669930	4.671220	4.694700	4.720860
Russian Ruble	NA	NA	NA	NA	NA	NA	NA	NA	NA	NA	NA
Saudi Arabian Riyal	4.813110	4.791800	4.774040	4.766100	4.780480	4.805340	4.778860	4.811050	4.812370	4.836570	4.863530
Singapore Dollar	2.234560	2.224930	2.225340	2.227740	2.232170	2.238780	2.233060	2.230150	2.234220	2.242630	2.246950
South African Rand	10.837200	10.799400	10.788700	10.835600	10.805800	10.921000	10.923200	11.069900	11.047300	11.119600	11.233400
Sri Lanka Rupee	115.737000	115.376000	114.955000	114.675000	115.014000	115.652000	114.960000	115.750000	115.602000	116.220000	116.889000
Swedish Krona	13.319500	13.477700	13.621900	13.592900	13.544700	13.615100	13.479500	13.554300	13.577300	13.548900	13.491400
Swiss Franc	2.146000	2.158100	2.158120	2.166220	2.150960	2.144720	2.153280	2.126480	2.129890	2.110170	2.077960
Thai Baht	56.576400	56.287600	56.393300	56.541300	56.469700	57.076000	57.007300	NA	56.990100	57.062600	57.103000
Trinidad And Tobago Dollar	7.848310	7.811160	7.773930	7.755790	7.789380	7.816590	7.785980	7.828030	7.847260	7.896270	7.937640
Tunisian Dinar	NA	NA	NA	NA	NA	NA	NA	NA	NA	NA	NA
U.A.E. Dirham	4.713620	4.692760	4.675370	4.667600	4.681690	4.706040	4.680090	4.711620	4.712910	4.736620	4.763020
Peso Uruguayo	NA	NA	NA	NA	NA	NA	NA	NA	NA	NA	NA
Bolivar Fuerte	NA	NA	NA	NA	NA	NA	NA	NA	NA	NA	NA

Currency units per SDR for September 2001 Continued

Currency	September 18, 2001	September 19, 2001	September 20, 2001	September 21, 2001	September 24, 2001	September 25, 2001	September 26, 2001	September 27, 2001	September 28, 2001
Chinese Yuan	10.714400	10.718300	10.714500	10.696800	10.674100	10.687300	10.706100	10.680600	10.668900
Euro	1.398560	1.398800	1.398150	1.404780	1.407250	1.407120	1.403070	1.401850	1.411680
Japanese Yen	152.558000	152.746000	152.148000	151.469000	NA	151.455000	151.726000	152.849000	153.779000
U.K. Pound Sterling	0.881998	0.884330	0.883049	0.887697	0.883228	0.882854	0.876639	0.875151	0.876755
U.S. Dollar	1.294510	1.295010	1.294550	1.292400	1.289610	1.291170	1.293490	1.290410	1.289010
Algerian Dinar	NA	NA	NA	NA	NA	NA	NA	NA	NA
Australian Dollar	2.612530	2.640180	2.624270	2.632180	2.643720	2.621670	2.622640	2.652430	2.618340
Bahrain Dinar	0.486736	0.486924	0.486751	0.485942	0.484891	0.485482	0.486351	0.485194	0.484668
Botswana Pula	7.579090	7.564300	7.579320	7.624800	7.583690	7.608560	7.662840	7.727020	7.727860
Brazilian Real	3.452600	3.468680	3.502660	3.530060	3.610760	3.572280	3.508570	3.517140	3.485740
Brunei Dollar	2.250120	2.255260	2.260020	2.247350	2.261320	2.281890	2.284560	2.281180	2.275230
Canadian Dollar	2.033420	2.034850	2.032830	2.029720	2.023650	2.028690	2.034520	2.037940	2.035350
Chilean Peso	NA	NA	693.669000	693.592000	692.698000	693.140000	694.690000	693.866000	693.448000
Colombian Peso	3,031.980000	3,028.240000	3,031.880000	3,026.390000	3,020.490000	3,008.040000	3,010.050000	3,004.700000	NA
Czech Koruna	48.240000	47.967200	47.855600	48.096600	48.325300	48.051000	47.750200	47.454800	47.403200
Danish Krone	10.451600	10.410300	10.399100	10.443600	10.503200	10.462500	10.448000	10.411100	10.464400
Hungarian Forint	360.664000	361.023000	361.762000	361.511000	368.815000	366.589000	361.736000	360.179000	362.586000
Icelandic Krona	129.348000	129.100000	129.520000	129.860000	131.256000	131.170000	130.733000	130.951000	130.589000
Indian Rupee	62.162400	62.108700	62.216100	62.048200	61.810800	61.847100	61.932200	61.797400	61.691800
Indonesian Rupiah	NA	NA	NA	NA	NA	NA	NA	NA	NA
Iranian Rial	2,272.890000	2,268.630000	2,269.510000	2,269.510000	2,264.930000	2,260.040000	2,262.780000	2,266.840000	2,266.840000
Israeli New Sheqel	NA	NA	5.614440	5.636150	5.626540	5.624360	NA	NA	5.613630
Kazakhstani Tenge	NA	NA	NA	NA	NA	NA	NA	NA	NA
Korean Won	1,679.630000	1,680.660000	1,677.730000	1,678.440000	1,673.910000	1,687.820000	1,689.940000	1,686.180000	1,683.320000
Kuwaiti Dinar	0.394736	0.394655	0.394513	NA	0.393008	NA	0.393802	0.392864	NA
Libyan Dinar	0.816990	0.816990	0.816990	0.816990	0.816990	0.816990	0.816990	0.816990	0.816990
Malaysian Ringgit	4.919150	4.921040	4.919270	4.911130	4.900500	4.906460	4.915240	4.903550	4.898240
Mauritian Rupee	NA	NA	NA	NA	NA	NA	NA	NA	NA
Mexican Peso	NA	NA	NA	NA	NA	NA	NA	NA	NA
Nepalese Rupee	98.415500	98.453300	98.418400	98.513400	98.300400	98.419400	98.596000	98.361300	98.255000
New Zealand Dollar	3.161590	3.153560	3.143250	3.151050	3.221190	3.188470	3.175370	3.212770	3.193380
Norwegian Krone	11.179400	11.144200	11.089500	11.138500	11.228500	11.320200	11.296100	11.334000	11.448700
Rial Omani	0.497740	0.497931	0.497755	0.496929	0.495852	0.496455	0.497344	0.496162	0.495624
Pakistani Rupee	83.104800	83.136600	83.107600	82.969600	82.789700	82.890600	83.039200	82.841100	82.751300
Nuevo Sol	NA	NA	NA	NA	NA	NA	NA	NA	NA
Philippine Peso	NA	NA	NA	NA	NA	NA	NA	NA	NA
Polish Zloty	5.481860	5.474260	5.440340	5.338260	5.403190	5.429650	5.465380	5.399450	5.461140
Qatar Riyal	4.712020	4.713850	4.712160	4.704330	4.694170	4.699870	4.708300	4.697080	4.691990
Russian Ruble	NA	NA	NA	NA	NA	NA	NA	NA	NA
Saudi Arabian Riyal	4.854420	4.856280	4.854560	4.846510	4.836010	4.841890	4.850580	4.839030	4.833790
Singapore Dollar	2.250120	2.255260	2.260020	2.247350	2.261320	2.281890	2.284560	2.281180	2.275230
South African Rand	11.227900	11.184400	11.246400	11.278100	NA	11.321600	11.431200	11.585900	11.603000
Sri Lanka Rupee	116.694000	116.768000	116.710000	116.493000	116.265000	116.397000	116.594000	116.279000	116.186000
Swedish Krona	13.640900	13.630000	13.586300	14.058500	13.998700	13.854300	13.892000	13.942900	13.740800
Swiss Franc	2.069150	2.069550	2.063120	2.029720	2.049440	2.056190	2.070480	2.074980	2.077490
Thai Baht	57.202000	57.245900	57.324000	57.113800	57.203000	57.411900	57.421800	57.251500	57.284900
Trinidad And Tobago Dollar	7.918410	7.931410	7.927700	7.890980	7.876120	7.882460	7.898770	7.891730	7.887310
Tunisian Dinar	NA	NA	NA	NA	NA	NA	NA	NA	NA
U.A.E. Dirham	4.754090	4.755930	4.754230	4.746330	4.736080	4.741830	4.750320	4.739020	4.733880
Peso Uruguayo	NA	NA	NA	NA	NA	NA	NA	NA	NA
Bolivar Fuerte	NA	NA	NA	NA	NA	NA	NA	NA	NA

Notes:


The value of the U.S. dollar in terms of the SDR is the reciprocal of the sum of the dollar values, based on market exchange rates, of specified quantities of the SDR basket currencies. See SDR Valuation.

These rates are the official rates used by the Fund to conduct operations with member countries. The rates are derived from the currency's representative exchange rate, as reported by the central bank, normally against the U.S. dollar at spot market rates and rounded to six significant digits. See Representative Exchange Rates for Selected Currencies.

The value in terms of each national currency of the SDR (shown above) is the reciprocal of the value in terms of the SDR of each national currency, rounded to six significant digits.

Exchange rates are published daily except on IMF holidays or whenever the IMF is closed for business.
