Currency units per SDR for April 2001
Currency	April 02, 2001	April 03, 2001	April 04, 2001	April 05, 2001	April 06, 2001	April 09, 2001	April 10, 2001	April 11, 2001	April 12, 2001	April 13, 2001	April 16, 2001
Chinese Yuan	10.405300	10.431000	10.490600	10.522800	10.497900	10.516800	10.505000	10.477800	10.475900	10.479700	10.464900
Euro	1.433020	1.424770	1.403260	1.409490	1.418760	1.408960	1.418890	1.432030	1.430250	NA	NA
Japanese Yen	158.765000	159.354000	159.632000	158.539000	158.800000	158.634000	158.523000	156.973000	155.672000	157.254000	157.601000
U.K. Pound Sterling	0.884244	0.886541	0.885261	0.885598	0.887099	0.879856	0.880227	0.881430	0.881298	NA	NA
U.S. Dollar	1.257050	1.260210	1.267430	1.271360	1.268370	1.270600	1.269200	1.265910	1.265630	1.266140	1.264350
Algerian Dinar	NA	NA	NA	NA	NA	NA	NA	NA	NA	NA	NA
Australian Dollar	2.588110	2.607510	2.600380	2.582500	2.572240	2.568420	2.567670	2.536900	2.506690	NA	NA
Bahrain Dinar	0.472650	0.473839	0.476551	0.478032	0.476908	0.477747	0.477220	0.475984	0.475875	0.476068	0.475396
Botswana Pula	7.097940	7.140000	7.136380	7.154560	7.165940	7.150260	7.146380	7.119870	7.102270	7.113130	NA
Brazilian Real	2.716230	2.719030	2.753360	2.749190	2.737270	2.733440	2.745790	2.710830	2.705410	NA	2.726570
Brunei Dollar	2.272870	2.284140	2.295820	2.304350	2.301460	2.307790	2.304860	2.284590	2.289270	NA	2.284430
Canadian Dollar	1.979720	1.989750	1.989100	2.007100	1.980310	1.987470	1.975130	1.977360	1.974250	NA	1.975040
Chilean Peso	671.299000	672.386000	674.614000	676.824000	675.192000	676.746000	676.407000	675.845000	674.809000	NA	675.165000
Colombian Peso	2,904.490000	2,903.770000	2,926.030000	2,944.230000	2,939.400000	2,945.990000	2,938.460000	2,924.050000	NA	NA	2,925.800000
Czech Koruna	NA	NA	NA	NA	NA	NA	NA	NA	NA	NA	NA
Danish Krone	10.694800	10.628500	10.555500	10.549600	10.515200	10.502800	10.562000	10.614900	NA	NA	NA
Hungarian Forint	382.218000	379.135000	377.465000	375.752000	376.199000	375.387000	377.701000	379.988000	381.018000	NA	NA
Icelandic Krona	115.711000	116.040000	116.616000	117.639000	117.464000	117.314000	117.604000	117.540000	NA	NA	NA
Indian Rupee	NA	58.776200	59.099900	NA	NA	59.146400	59.094000	58.966100	59.345400	NA	59.374000
Indonesian Rupiah	NA	NA	NA	NA	NA	NA	NA	NA	NA	NA	NA
Iranian Rial	NA	2,202.980000	2,215.590000	2,222.470000	2,217.240000	2,222.820000	2,226.730000	2,224.270000	2,218.510000	2,218.510000	2,215.380000
Israeli New Sheqel	5.299700	5.325660	5.338400	5.321920	5.310670	5.318720	5.288770	5.276320	5.286530	NA	5.278660
Kazakhstani Tenge	NA	NA	NA	NA	NA	NA	NA	NA	NA	NA	NA
Korean Won	1,669.360000	1,691.580000	1,705.200000	NA	1,714.200000	1,711.240000	1,701.490000	1,693.160000	1,673.790000	1,677.760000	1,672.480000
Kuwaiti Dinar	0.387773	0.388473	0.389771	0.390309	NA	0.390073	0.389899	0.389167	0.389079	NA	0.388686
Libyan Dinar	0.661999	0.661999	0.661999	0.661999	0.661999	0.661999	0.661999	0.661999	0.661999	0.661999	0.661999
Malaysian Ringgit	4.776780	4.788810	4.816210	4.831170	4.819810	4.828280	4.822950	4.810470	4.809380	4.811320	4.804530
Mauritian Rupee	NA	NA	NA	NA	NA	NA	NA	NA	NA	NA	NA
Mexican Peso	NA	NA	NA	NA	NA	NA	NA	NA	NA	NA	NA
Nepalese Rupee	NA	93.570800	94.106100	94.398400	94.176100	94.342300	94.238300	93.993800	93.972600	94.327200	NA
New Zealand Dollar	3.126590	3.151710	3.143800	3.116470	3.131390	3.133800	3.165480	3.137720	3.120000	NA	NA
Norwegian Krone	11.547200	11.537100	11.480700	11.511300	11.532400	11.470300	11.499500	11.507000	NA	NA	NA
Rial Omani	0.483335	0.484552	0.487325	0.488840	0.487688	0.488546	0.488007	0.486744	0.486635	0.486829	0.486143
Pakistani Rupee	76.588400	76.781300	77.220700	77.460500	78.106700	78.244200	78.158000	77.955700	77.938100	76.365600	76.257900
Nuevo Sol	NA	NA	NA	NA	NA	NA	NA	NA	NA	NA	NA
Philippine Peso	NA	NA	NA	NA	NA	NA	NA	NA	NA	NA	NA
Polish Zloty	5.159800	5.127050	5.131550	5.114200	5.097590	5.080860	5.090640	5.104410	5.097070	5.077200	NA
Qatar Riyal	4.575650	4.587180	4.613420	4.627770	4.616870	4.624980	4.619900	4.607910	4.606890	4.608740	4.602230
Russian Ruble	NA	NA	NA	NA	NA	NA	NA	NA	NA	NA	NA
Saudi Arabian Riyal	4.707630	4.719500	4.746510	4.761250	4.750050	4.758390	4.753150	4.740840	4.739760	4.741670	4.734980
Singapore Dollar	2.272870	2.284140	2.295820	2.304350	2.301460	2.307790	2.304860	2.284590	2.289270	NA	2.284430
South African Rand	NA	10.231000	10.197100	10.238900	10.256700	10.232800	10.210100	10.141900	10.139600	NA	NA
Sri Lanka Rupee	109.086000	109.591000	110.652000	111.471000	111.369000	111.454000	111.294000	110.763000	110.813000	NA	110.702000
Swedish Krona	13.085900	13.062100	13.067200	12.923400	12.893000	12.839400	12.926800	12.839500	12.884100	NA	NA
Swiss Franc	2.185880	2.178910	2.150820	2.158270	2.162190	2.156840	2.167030	2.173070	2.172320	NA	NA
Thai Baht	56.741800	56.912600	57.478900	57.651200	NA	58.100700	57.829900	57.466000	57.460700	NA	NA
Trinidad And Tobago Dollar	7.882210	7.882640	7.924060	7.945780	7.921230	7.943250	7.918780	7.903200	7.896650	NA	NA
Tunisian Dinar	NA	NA	NA	NA	NA	NA	NA	NA	NA	NA	NA
U.A.E. Dirham	4.616510	4.628130	4.654630	4.669080	4.658100	4.666270	4.661140	4.649070	4.648010	4.649890	4.643320
Peso Uruguayo	NA	NA	NA	NA	NA	NA	NA	NA	NA	NA	NA
Bolivar Fuerte	NA	NA	NA	NA	NA	NA	NA	NA	NA	NA	NA

Currency units per SDR for April 2001 Continued

Currency	April 17, 2001	April 18, 2001	April 19, 2001	April 20, 2001	April 23, 2001	April 24, 2001	April 25, 2001	April 26, 2001	April 27, 2001	April 30, 2001
Chinese Yuan	10.444600	10.448200	10.488200	10.549000	10.548400	10.537500	10.516300	10.530500	10.533200	10.477300
Euro	1.435340	1.437960	1.435490	1.417760	1.415710	1.418840	1.420140	1.411600	1.410330	1.426080
Japanese Yen	157.032000	155.066000	154.714000	154.970000	155.544000	154.748000	155.267000	155.345000	157.095000	NA
U.K. Pound Sterling	0.881648	0.885159	0.885904	0.883174	0.884033	0.885591	0.885128	0.883704	0.881811	0.884056
U.S. Dollar	1.261810	1.262240	1.267110	1.274420	1.274430	1.273120	1.270600	1.272270	1.272540	1.265790
Algerian Dinar	NA	NA	NA	NA	NA	NA	NA	NA	NA	NA
Australian Dollar	2.468330	2.520450	2.517100	2.472210	2.524610	2.512080	NA	2.510900	2.488830	2.487800
Bahrain Dinar	0.474440	0.474604	0.476433	0.479182	0.479184	0.478693	0.477744	0.478375	0.478473	0.475939
Botswana Pula	7.161220	7.163680	7.199480	7.232800	7.216470	7.188710	7.174480	7.143570	7.125100	7.099250
Brazilian Real	2.752890	2.761780	2.754940	NA	2.849110	2.874460	2.862660	2.926610	2.867410	2.806510
Brunei Dollar	2.282990	2.278480	2.281810	2.305430	2.309640	2.304350	2.303970	2.316180	2.315380	2.301850
Canadian Dollar	1.965770	1.980840	1.960470	1.966940	1.970770	1.971050	1.965990	1.965790	1.961870	1.943750
Chilean Peso	674.059000	674.277000	675.712000	678.794000	678.633000	678.205000	677.048000	677.828000	679.117000	676.146000
Colombian Peso	2,927.620000	2,927.860000	2,935.770000	2,965.690000	2,969.070000	2,971.950000	2,972.130000	2,983.750000	2,984.830000	2,970.470000
Czech Koruna	NA	NA	NA	NA	NA	NA	NA	NA	NA	NA
Danish Krone	10.686400	10.693000	10.709500	10.565000	10.547900	10.589500	10.624600	10.593500	10.536400	10.619900
Hungarian Forint	382.088000	382.181000	382.894000	378.758000	376.848000	379.135000	379.920000	379.557000	377.053000	NA
Icelandic Krona	118.244000	118.663000	NA	NA	119.235000	120.488000	119.665000	119.746000	119.784000	122.288000
Indian Rupee	59.267300	59.123300	59.351400	59.706800	59.630300	59.633100	59.527400	59.606100	59.631000	59.315100
Indonesian Rupiah	NA	NA	NA	NA	NA	NA	NA	NA	NA	NA
Iranian Rial	2,210.930000	2,211.320000	2,219.840000	2,212.080000	2,233.420000	2,231.140000	2,231.400000	2,226.730000	2,227.190000	2,215.380000
Israeli New Sheqel	5.302110	5.264820	5.274960	5.292690	5.292690	5.286000	5.281870	NA	5.286110	5.239110
Kazakhstani Tenge	NA	NA	NA	NA	NA	NA	NA	NA	NA	NA
Korean Won	1,680.350000	1,671.460000	1,664.600000	1,654.970000	1,668.480000	1,673.520000	1,664.860000	1,667.440000	1,666.770000	1,676.790000
Kuwaiti Dinar	0.387905	0.388039	0.389534	NA	0.390701	0.390633	0.390238	0.390500	NA	0.389129
Libyan Dinar	0.661999	0.661999	0.661999	0.661999	0.661999	0.661999	0.661999	0.661999	0.661999	0.704027
Malaysian Ringgit	4.794880	4.796530	4.815010	4.842800	4.842830	4.837860	4.828260	4.834630	4.835640	4.810000
Mauritian Rupee	NA	NA	NA	NA	NA	NA	NA	NA	NA	NA
Mexican Peso	NA	NA	NA	NA	NA	NA	NA	NA	NA	NA
Nepalese Rupee	NA	94.353000	94.716700	NA	95.263500	95.165600	NA	95.102200	95.122100	94.618100
New Zealand Dollar	3.086240	3.140300	3.128660	3.101920	3.067580	3.103290	NA	3.099710	3.080090	3.071940
Norwegian Krone	11.551600	11.588500	11.570700	11.516500	11.533200	11.559300	11.591900	11.527800	11.501200	11.540600
Rial Omani	0.485166	0.485333	0.487204	0.490016	0.490016	0.489517	0.488544	0.489189	0.489292	0.486696
Pakistani Rupee	76.104700	76.130700	76.424000	78.124400	78.125000	78.045100	77.890100	77.992800	77.927700	77.494100
Nuevo Sol	NA	NA	NA	NA	NA	NA	NA	NA	NA	NA
Philippine Peso	NA	NA	NA	NA	NA	NA	NA	NA	NA	NA
Polish Zloty	5.094680	5.079000	5.066140	5.073100	5.146650	5.185430	5.112240	5.109970	5.042050	5.032920
Qatar Riyal	4.592990	4.594550	4.612270	4.638910	4.638910	4.634180	4.624960	4.631090	4.632030	4.607490
Russian Ruble	NA	NA	NA	NA	NA	NA	NA	NA	NA	NA
Saudi Arabian Riyal	4.725470	4.727100	4.745320	4.772720	4.772720	4.767850	4.758390	4.764670	4.765650	4.746720
Singapore Dollar	2.282990	2.278480	2.281810	2.305430	2.309640	2.304350	2.303970	2.316180	2.315380	2.301850
South African Rand	NA	10.301800	10.322500	10.397400	10.394900	10.326900	10.309000	10.222100	NA	10.134600
Sri Lanka Rupee	110.598000	110.722000	111.141000	111.866000	112.085000	112.211000	112.592000	113.169000	113.402000	113.284000
Swedish Krona	12.886200	12.915900	12.877000	12.811100	12.855800	12.954000	13.084000	12.974000	12.897200	12.904800
Swiss Franc	2.187720	2.194530	2.194630	2.167160	2.169200	2.170800	2.177290	2.172790	2.166500	2.193240
Thai Baht	57.450100	NA	57.554600	57.559300	58.115200	57.873700	57.902200	58.096000	58.180500	57.699700
Trinidad And Tobago Dollar	7.893780	7.886500	7.917530	7.953800	7.949250	7.948240	7.920290	7.931350	7.935440	7.880720
Tunisian Dinar	NA	NA	NA	NA	NA	NA	NA	NA	NA	NA
U.A.E. Dirham	4.633980	4.635570	4.653460	4.680310	4.680330	4.675540	4.666270	4.672420	4.673400	4.648630
Peso Uruguayo	NA	NA	NA	NA	NA	NA	NA	NA	NA	NA
Bolivar Fuerte	NA	NA	NA	NA	NA	NA	NA	NA	NA	NA

Notes:


The value of the U.S. dollar in terms of the SDR is the reciprocal of the sum of the dollar values, based on market exchange rates, of specified quantities of the SDR basket currencies. See SDR Valuation.

These rates are the official rates used by the Fund to conduct operations with member countries. The rates are derived from the currency's representative exchange rate, as reported by the central bank, normally against the U.S. dollar at spot market rates and rounded to six significant digits. See Representative Exchange Rates for Selected Currencies.

The value in terms of each national currency of the SDR (shown above) is the reciprocal of the value in terms of the SDR of each national currency, rounded to six significant digits.

Exchange rates are published daily except on IMF holidays or whenever the IMF is closed for business.
