Currency units per SDR for March 2001
Currency	March 01, 2001	March 02, 2001	March 05, 2001	March 06, 2001	March 07, 2001	March 08, 2001	March 09, 2001	March 12, 2001	March 13, 2001	March 14, 2001	March 15, 2001
Chinese Yuan	10.708400	10.739600	10.707900	10.707700	10.706300	10.709700	10.722500	10.685300	10.661200	10.642700	10.581500
Euro	1.395650	1.385600	1.390210	1.394060	1.389760	1.389510	1.384420	1.392080	1.399530	1.400240	1.410340
Japanese Yen	151.743000	152.437000	154.325000	153.544000	154.309000	155.528000	154.800000	155.469000	154.774000	153.872000	154.486000
U.K. Pound Sterling	0.892961	0.883439	0.879933	0.881585	0.883806	0.881531	0.884353	0.881593	0.886156	0.884737	0.885944
U.S. Dollar	1.293630	1.297330	1.293590	1.293550	1.293450	1.293910	1.295400	1.290740	1.287850	1.285700	1.278330
Algerian Dinar	NA	NA	NA	NA	NA	NA	NA	NA	NA	NA	NA
Australian Dollar	2.453310	NA	2.457430	2.479010	2.519870	2.540570	2.529580	2.538820	2.537140	2.557580	2.579350
Bahrain Dinar	0.486405	0.487798	0.486388	0.486374	0.486336	0.486511	0.487071	0.485317	0.484231	0.483421	0.480651
Botswana Pula	7.034430	7.058410	7.045680	7.103480	7.134300	7.097690	7.036410	7.049350	7.080000	7.075940	7.086070
Brazilian Real	2.644690	2.649150	2.632060	2.616070	2.612770	2.637380	2.639640	2.657760	2.645760	2.650330	2.653170
Brunei Dollar	2.256220	2.265270	2.270250	NA	2.269360	2.274700	2.273820	2.272350	2.269190	2.261670	2.258810
Canadian Dollar	1.999690	2.008790	2.001570	1.989470	2.003550	2.004530	2.005670	2.001680	1.992430	1.997070	1.993680
Chilean Peso	682.324000	683.812000	682.836000	NA	682.748000	683.004000	683.555000	682.207000	681.375000	680.429000	678.040000
Colombian Peso	2,923.130000	2,939.030000	2,928.800000	2,922.210000	2,923.630000	2,926.900000	2,930.910000	2,922.240000	NA	2,926.140000	2,917.160000
Czech Koruna	NA	NA	NA	NA	NA	NA	NA	NA	NA	NA	NA
Danish Krone	10.421100	10.346600	10.375200	10.417600	10.336700	10.356500	10.345200	10.355000	10.419500	10.505700	10.492900
Hungarian Forint	371.970000	369.286000	370.044000	371.765000	368.775000	369.321000	368.075000	369.177000	371.519000	375.038000	NA
Icelandic Krona	111.355000	110.961000	110.990000	111.336000	110.939000	110.849000	110.925000	111.042000	111.438000	111.650000	111.598000
Indian Rupee	60.192400	60.416800	60.229400	NA	60.171400	60.218500	60.275100	60.083900	60.026500	60.029100	59.634200
Indonesian Rupiah	NA	NA	NA	NA	NA	NA	NA	NA	NA	NA	NA
Iranian Rial	2,265.060000	NA	2,273.570000	NA	2,266.950000	2,266.770000	NA	2,270.190000	2,262.020000	NA	2,253.190000
Israeli New Sheqel	NA	NA	NA	NA	NA	NA	NA	NA	NA	NA	NA
Kazakhstani Tenge	NA	NA	NA	NA	NA	NA	NA	NA	NA	NA	NA
Korean Won	NA	NA	NA	NA	NA	NA	NA	NA	NA	NA	NA
Kuwaiti Dinar	0.396665	NA	NA	NA	NA	NA	NA	0.395391	0.394854	0.394812	0.392856
Libyan Dinar	0.661999	0.661999	0.661999	0.661999	0.661999	0.661999	0.661999	0.661999	0.661999	0.661999	0.661999
Malaysian Ringgit	4.915790	4.929870	4.915650	4.915480	4.915120	4.916860	4.922520	4.904800	4.893830	4.885650	4.857650
Mauritian Rupee	NA	NA	NA	NA	NA	NA	NA	NA	NA	NA	NA
Mexican Peso	NA	NA	NA	NA	NA	NA	NA	NA	NA	NA	NA
Nepalese Rupee	95.728600	96.002500	95.725800	95.722200	95.715800	95.749700	95.859800	95.514600	95.300700	95.142000	94.596600
New Zealand Dollar	2.999020	2.990280	2.970360	2.985680	3.011880	3.059980	3.056640	3.076850	3.056490	3.071050	3.103870
Norwegian Krone	11.489000	11.388900	11.435900	11.475200	11.417500	11.423200	11.362000	11.445800	11.524500	11.500200	11.541500
Rial Omani	0.497399	0.498825	0.497386	0.497369	0.497332	0.497507	0.498082	0.496290	0.495179	0.494350	0.491519
Pakistani Rupee	77.964800	78.259500	78.033600	78.030500	78.025000	78.053000	78.118900	77.837400	77.663300	77.533800	77.089100
Nuevo Sol	NA	NA	NA	NA	NA	NA	NA	NA	NA	NA	NA
Philippine Peso	NA	NA	NA	NA	NA	NA	NA	NA	NA	NA	NA
Polish Zloty	NA	NA	NA	NA	NA	NA	NA	NA	NA	NA	NA
Qatar Riyal	4.708810	4.722280	4.708670	4.708500	4.708160	4.709830	4.715270	4.698300	4.687770	4.679940	4.653110
Russian Ruble	NA	NA	NA	NA	NA	NA	NA	NA	NA	NA	NA
Saudi Arabian Riyal	4.844630	4.858520	4.844490	4.844330	4.843980	4.845690	4.851280	4.833810	4.823000	4.814940	4.787350
Singapore Dollar	2.256220	2.265270	2.270250	NA	2.269360	2.274700	2.273820	2.272350	2.269190	2.261670	2.258810
South African Rand	9.975860	10.073100	10.016900	10.177000	10.168500	10.003900	10.007600	9.983230	10.054900	10.129400	10.066200
Sri Lanka Rupee	111.367000	111.723000	111.369000	NA	111.261000	111.262000	NA	110.822000	110.172000	109.877000	109.270000
Swedish Krona	12.674300	12.564700	12.589900	12.602400	12.536800	12.583300	12.591300	12.613700	12.788300	12.902000	12.882400
Swiss Franc	2.150010	2.132170	2.137010	2.144830	2.132000	2.141160	2.138840	2.144560	2.147360	2.158300	2.167920
Thai Baht	55.785200	56.222400	56.280300	56.135900	56.287000	56.427400	56.375800	NA	56.237900	55.997300	56.031800
Trinidad And Tobago Dollar	8.109510	8.121830	8.107930	8.101360	8.108000	8.100770	8.108330	8.082640	8.071350	8.064520	8.005760
Tunisian Dinar	NA	NA	NA	NA	NA	NA	NA	NA	NA	NA	NA
U.A.E. Dirham	4.750840	4.764450	4.750710	4.750550	4.750190	4.751880	4.757350	4.740240	4.729630	4.721730	4.694660
Peso Uruguayo	NA	NA	NA	NA	NA	NA	NA	NA	NA	NA	NA
Bolivar Fuerte	NA	NA	NA	NA	NA	NA	NA	NA	NA	NA	NA

Currency units per SDR for March 2001 Continued

Currency	March 16, 2001	March 19, 2001	March 20, 2001	March 21, 2001	March 22, 2001	March 23, 2001	March 26, 2001	March 27, 2001	March 28, 2001	March 29, 2001	March 30, 2001
Chinese Yuan	10.514400	10.537300	10.535900	10.510300	10.475100	10.503900	10.501800	10.515700	10.496500	10.486900	10.435300
Euro	1.419810	1.415130	1.411180	1.412470	1.423780	1.422330	1.420010	1.419150	1.431200	1.433090	1.427370
Japanese Yen	155.549000	156.967000	NA	156.504000	156.491000	156.215000	156.694000	155.627000	154.574000	155.063000	157.077000
U.K. Pound Sterling	0.887642	0.888818	0.889759	0.888968	0.890512	0.890718	0.886014	0.886368	0.886926	0.879275	0.884353
U.S. Dollar	1.270300	1.273050	1.272890	1.269810	1.265600	1.269000	1.268780	1.270430	1.268040	1.266860	1.260650
Algerian Dinar	NA	NA	NA	NA	NA	NA	NA	NA	NA	NA	NA
Australian Dollar	2.569380	2.557350	2.543230	2.532520	2.568700	2.566240	2.575670	2.546970	2.539130	2.567610	2.578020
Bahrain Dinar	0.477635	0.478666	0.478606	0.477448	0.475864	0.477145	0.477061	0.477680	0.476783	0.476338	0.474006
Botswana Pula	7.057210	7.108030	7.127020	7.105810	7.134140	7.085460	7.096070	7.109290	7.115820	7.101210	7.078340
Brazilian Real	2.649340	2.700010	2.707310	2.656560	2.656740	2.717070	2.737770	2.714260	2.691800	2.680920	2.692880
Brunei Dollar	2.249070	2.253930	2.256190	2.255550	2.255290	2.262380	2.272130	2.274070	2.270430	2.278440	2.269800
Canadian Dollar	1.990560	NA	1.986590	1.996900	1.991040	1.987770	1.972570	1.993680	1.987020	1.991750	1.988550
Chilean Peso	675.178000	676.219000	675.991000	674.978000	673.691000	675.096000	675.178000	675.867000	675.028000	675.069000	671.763000
Colombian Peso	2,897.580000	NA	2,905.950000	2,897.910000	2,890.670000	2,906.050000	NA	2,914.350000	2,916.090000	2,918.660000	2,911.890000
Czech Koruna	NA	NA	NA	NA	NA	NA	NA	NA	NA	NA	NA
Danish Krone	10.604100	10.570500	10.514900	10.554400	10.623900	10.610500	10.617900	10.585700	10.662300	10.653100	10.680100
Hungarian Forint	NA	377.840000	375.171000	376.574000	379.009000	378.950000	378.972000	378.384000	379.753000	381.387000	381.713000
Icelandic Krona	112.282000	111.926000	111.683000	111.730000	112.119000	112.053000	112.604000	113.398000	116.926000	114.562000	115.160000
Indian Rupee	59.284900	59.438500	59.443800	59.300000	59.077900	59.224500	NA	59.240000	59.116000	59.111400	58.796900
Indonesian Rupiah	NA	NA	NA	NA	NA	NA	NA	NA	NA	NA	NA
Iranian Rial	2,253.190000	2,226.200000	NA	NA	NA	NA	2,223.920000	2,223.540000	2,226.430000	2,222.240000	2,222.240000
Israeli New Sheqel	NA	NA	NA	NA	NA	NA	NA	NA	NA	5.342340	5.284660
Kazakhstani Tenge	NA	NA	NA	NA	NA	NA	NA	NA	NA	NA	NA
Korean Won	NA	NA	NA	NA	NA	NA	NA	NA	1,657.970000	1,651.090000	1,656.500000
Kuwaiti Dinar	NA	0.392277	0.392228	0.390668	0.389930	NA	0.390911	0.391126	0.390392	0.390204	NA
Libyan Dinar	0.661999	0.661999	0.661999	0.661999	0.661999	0.661999	0.661999	0.661999	0.661999	0.661999	0.661999
Malaysian Ringgit	4.827140	4.837580	4.836970	4.825250	4.809260	4.822230	4.821350	4.827630	4.818560	4.814060	4.790470
Mauritian Rupee	NA	NA	NA	NA	NA	NA	NA	NA	NA	NA	NA
Mexican Peso	NA	NA	NA	NA	NA	NA	NA	NA	NA	NA	NA
Nepalese Rupee	94.002600	94.205400	94.193900	93.965500	93.654000	93.906400	94.207200	94.328900	94.152200	94.063600	93.603200
New Zealand Dollar	3.085130	3.032880	3.032490	3.012950	3.048530	3.036260	3.130080	3.088430	3.081890	3.080500	3.124680
Norwegian Krone	11.599100	11.495100	11.467900	11.474200	11.556000	11.500200	11.477900	11.473900	11.565600	11.557900	11.500300
Rial Omani	0.488431	0.489488	0.489426	0.488241	0.486623	0.487933	0.487845	0.488479	0.487562	0.487106	0.484719
Pakistani Rupee	76.756000	76.921900	76.911800	76.726000	76.471300	76.677100	77.180100	77.280300	77.135500	77.063000	76.807900
Nuevo Sol	NA	NA	NA	NA	NA	NA	NA	NA	NA	NA	NA
Philippine Peso	NA	NA	NA	NA	NA	NA	NA	NA	NA	NA	NA
Polish Zloty	NA	NA	NA	5.228290	5.238810	5.243920	5.219750	5.219040	5.220650	5.182070	5.168680
Qatar Riyal	4.623890	4.633900	4.633300	4.622100	4.606770	4.619170	4.618360	4.624360	4.615680	4.611360	4.588780
Russian Ruble	NA	NA	NA	NA	NA	NA	NA	NA	NA	NA	NA
Saudi Arabian Riyal	4.757280	4.767560	4.766970	4.755430	4.739650	4.752420	4.751560	4.757760	4.748810	4.744370	4.721150
Singapore Dollar	2.249070	2.253930	2.256190	2.255550	2.255290	2.262380	2.272130	2.274070	2.270430	2.278440	2.269800
South African Rand	10.019500	10.151900	10.178600	NA	10.181100	10.061300	10.095000	10.108100	10.146200	10.124100	10.103500
Sri Lanka Rupee	108.613000	108.842000	108.828000	108.601000	108.250000	108.658000	108.611000	108.944000	108.974000	109.329000	109.415000
Swedish Krona	12.899900	12.994600	12.897500	12.856800	13.079900	13.156400	12.976400	12.980600	12.956200	13.191100	13.095000
Swiss Franc	2.180350	2.170930	2.163780	2.166420	2.171130	2.175080	2.178240	2.179160	2.188390	2.182790	2.183070
Thai Baht	55.841300	55.974700	55.919000	55.988200	56.148200	NA	NA	NA	56.222400	56.590500	56.563000
Trinidad And Tobago Dollar	7.958680	7.978680	7.957730	7.949250	7.928580	7.945460	7.939280	7.958110	7.945530	7.935560	NA
Tunisian Dinar	NA	NA	NA	NA	NA	NA	NA	NA	NA	NA	NA
U.A.E. Dirham	4.665180	4.675280	4.674670	4.663350	4.647900	4.660420	4.659590	4.665640	4.656880	4.652530	4.629740
Peso Uruguayo	NA	NA	NA	NA	NA	NA	NA	NA	NA	NA	NA
Bolivar Fuerte	NA	NA	NA	NA	NA	NA	NA	NA	NA	NA	NA

Notes:


The value of the U.S. dollar in terms of the SDR is the reciprocal of the sum of the dollar values, based on market exchange rates, of specified quantities of the SDR basket currencies. See SDR Valuation.

These rates are the official rates used by the Fund to conduct operations with member countries. The rates are derived from the currency's representative exchange rate, as reported by the central bank, normally against the U.S. dollar at spot market rates and rounded to six significant digits. See Representative Exchange Rates for Selected Currencies.

The value in terms of each national currency of the SDR (shown above) is the reciprocal of the value in terms of the SDR of each national currency, rounded to six significant digits.

Exchange rates are published daily except on IMF holidays or whenever the IMF is closed for business.
