Currency units per SDR for February 2001
Currency	February 01, 2001	February 02, 2001	February 05, 2001	February 06, 2001	February 07, 2001	February 08, 2001	February 09, 2001	February 12, 2001	February 13, 2001	February 14, 2001	February 15, 2001
Chinese Yuan	10.805400	10.805800	10.800300	10.780600	10.751100	10.702200	10.685800	10.705300	10.715100	10.697700	10.652200
Euro	1.387880	1.387750	1.384460	1.397270	1.393020	1.402520	1.399280	1.392460	1.395840	1.408320	1.415770
Japanese Yen	151.953000	150.454000	151.167000	149.792000	149.254000	150.325000	150.480000	NA	151.797000	150.777000	149.541000
U.K. Pound Sterling	0.884744	0.883978	0.884588	0.887831	0.889110	0.891687	0.893815	0.890900	0.889482	0.886713	0.889751
U.S. Dollar	1.305440	1.305460	1.304850	1.302540	1.298990	1.293120	1.291120	1.293320	1.294640	1.292560	1.286930
Algerian Dinar	NA	NA	NA	NA	NA	NA	NA	NA	NA	NA	NA
Australian Dollar	2.365780	2.356850	2.364730	2.364810	2.365240	2.379680	2.406550	2.405280	2.409530	2.433740	2.441530
Bahrain Dinar	0.490846	0.490853	0.490624	0.489754	0.488420	0.486213	0.485460	0.486289	0.486786	0.486001	0.483887
Botswana Pula	7.094760	7.083310	7.114800	7.109900	7.106060	7.184010	7.137200	7.106160	7.121240	7.133330	7.090540
Brazilian Real	2.572110	2.575800	2.600050	2.596860	2.594340	2.591030	2.575910	2.570600	2.564040	2.558620	2.559190
Brunei Dollar	2.274210	2.270190	2.271100	2.267580	2.265570	2.258440	2.254160	2.260340	2.259540	2.253830	2.244540
Canadian Dollar	1.951500	1.949830	1.963280	1.964090	1.960950	1.954160	1.947390	1.964940	1.969410	1.971670	1.965920
Chilean Peso	685.002000	685.143000	685.086000	684.341000	682.957000	680.930000	680.263000	681.231000	681.812000	681.296000	679.320000
Colombian Peso	2,926.900000	2,924.280000	2,925.750000	2,915.530000	2,903.280000	2,894.120000	2,895.560000	2,893.900000	2,886.520000	2,891.930000	2,881.480000
Czech Koruna	NA	NA	NA	NA	NA	NA	NA	NA	NA	NA	NA
Danish Krone	10.351100	10.358000	10.368200	10.407100	10.416000	10.410000	10.454200	10.390900	10.400400	10.481000	10.525600
Hungarian Forint	367.076000	368.439000	368.073000	369.216000	371.070000	370.505000	372.229000	369.489000	370.346000	372.567000	374.768000
Icelandic Krona	111.354000	110.324000	110.299000	110.637000	110.999000	110.885000	110.558000	110.488000	110.705000	111.147000	111.332000
Indian Rupee	60.572300	60.586200	60.558300	60.437600	60.260200	60.052500	59.946600	60.113500	60.265700	60.233300	59.958100
Indonesian Rupiah	NA	NA	NA	NA	NA	NA	NA	NA	NA	NA	NA
Iranian Rial	NA	NA	2,287.810000	2,286.750000	2,282.700000	2,276.480000	2,276.480000	NA	2,266.540000	NA	2,265.210000
Israeli New Sheqel	NA	NA	NA	NA	NA	NA	NA	NA	NA	NA	NA
Kazakhstani Tenge	NA	NA	NA	NA	NA	NA	NA	NA	NA	NA	NA
Korean Won	NA	NA	NA	NA	NA	NA	NA	NA	NA	NA	NA
Kuwaiti Dinar	0.399060	NA	0.398882	0.397989	0.397335	0.395914	NA	0.396493	0.396536	0.396104	0.394381
Libyan Dinar	0.661999	0.661999	0.661999	0.661999	0.661999	0.661999	0.661999	0.661999	NA	0.661999	0.661999
Malaysian Ringgit	4.960660	4.960740	4.958450	4.949640	4.936150	4.913860	4.906240	4.914610	4.919640	4.911710	4.890330
Mauritian Rupee	NA	NA	NA	NA	NA	NA	NA	NA	NA	NA	NA
Mexican Peso	NA	NA	NA	NA	NA	NA	NA	NA	NA	NA	NA
Nepalese Rupee	96.602500	96.603400	96.559600	96.387400	96.125200	95.691000	95.542900	95.705700	95.803800	95.648900	95.232700
New Zealand Dollar	2.938520	2.907810	2.935230	NA	2.939220	2.936570	2.970470	2.964630	2.956820	2.981340	3.005790
Norwegian Krone	11.526000	11.386500	11.358100	11.422700	11.405400	11.460700	11.453700	11.420900	11.469000	11.575000	11.620000
Rial Omani	0.501943	0.501948	0.501716	0.500826	0.499461	0.497206	0.496433	0.497282	0.497790	0.496988	0.494824
Pakistani Rupee	77.440700	77.426900	NA	NA	NA	NA	76.491200	NA	NA	NA	NA
Nuevo Sol	NA	NA	NA	NA	NA	NA	NA	NA	NA	NA	NA
Philippine Peso	NA	NA	NA	NA	NA	NA	NA	NA	NA	NA	NA
Polish Zloty	NA	NA	NA	NA	NA	NA	NA	NA	NA	NA	NA
Qatar Riyal	4.751810	4.751860	4.749670	4.741220	4.728330	4.706970	4.699670	4.707680	4.712490	4.704910	4.684430
Russian Ruble	NA	NA	NA	NA	NA	NA	NA	NA	NA	NA	NA
Saudi Arabian Riyal	4.888880	4.888950	4.886680	4.878000	4.864710	4.842730	4.835240	4.843480	4.848440	4.840620	4.819560
Singapore Dollar	2.274210	2.270190	2.271100	2.267580	2.265570	2.258440	2.254160	2.260340	2.259540	2.253830	2.244540
South African Rand	9.970290	10.112700	10.130200	10.148700	10.175600	10.302900	10.185000	10.142900	10.177800	10.209300	10.091500
Sri Lanka Rupee	117.768000	117.311000	NA	116.030000	NA	113.178000	112.354000	112.393000	111.866000	111.690000	111.063000
Swedish Krona	12.326600	12.356200	12.396100	12.396900	12.450800	12.378400	12.530300	12.445000	12.541800	12.689700	12.673100
Swiss Franc	2.124340	2.135340	2.133440	2.146450	2.145020	2.151110	2.146610	2.142380	2.146260	2.158310	2.172090
Thai Baht	55.392500	55.210500	55.421000	55.258700	55.257800	NA	54.964100	55.070900	54.996400	54.759100	54.545300
Trinidad And Tobago Dollar	8.186390	8.186660	8.178820	8.156870	8.137890	8.102280	8.084600	8.115700	8.126980	8.117010	8.074870
Tunisian Dinar	NA	NA	NA	NA	NA	NA	NA	NA	NA	NA	NA
U.A.E. Dirham	4.794230	4.794300	4.792070	4.783570	4.770540	4.748990	4.741630	4.749710	4.754570	4.746920	4.726260
Peso Uruguayo	NA	NA	NA	NA	NA	NA	NA	NA	NA	NA	NA
Bolivar Fuerte	NA	NA	NA	NA	NA	NA	NA	NA	NA	NA	NA

Currency units per SDR for February 2001 Continued

Currency	February 16, 2001	February 19, 2001	February 20, 2001	February 21, 2001	February 22, 2001	February 23, 2001	February 26, 2001	February 27, 2001	February 28, 2001
Chinese Yuan	10.690200	NA	10.650600	10.669100	10.642100	10.633000	10.655100	10.677400	10.699500
Euro	1.417270	1.405360	1.418770	1.409340	1.419790	1.417240	1.413760	1.407660	1.397570
Japanese Yen	149.433000	149.972000	149.374000	148.941000	149.142000	149.975000	149.382000	149.686000	150.444000
U.K. Pound Sterling	0.888889	0.890726	0.895929	0.892459	0.890292	0.890162	0.888478	0.893112	0.892594
U.S. Dollar	1.291560	1.294760	1.286820	1.288980	1.285760	1.284590	1.287230	1.289840	1.292480
Algerian Dinar	NA	NA	NA	NA	NA	NA	NA	NA	NA
Australian Dollar	2.453570	2.448480	2.426600	2.463180	2.449530	2.459010	2.442090	2.463400	2.461860
Bahrain Dinar	0.485625	0.486829	0.483844	0.484656	0.483446	0.483005	0.483997	0.484978	0.485970
Botswana Pula	7.139640	NA	7.058810	7.051290	7.064590	7.085460	7.053280	7.036750	7.012870
Brazilian Real	2.557800	2.580710	2.576090	2.585050	2.601350	2.615420	NA	NA	2.640270
Brunei Dollar	2.252730	2.248350	2.239460	2.247070	2.241340	2.242240	2.243890	2.249600	2.250200
Canadian Dollar	1.984870	1.988620	1.980680	1.980650	1.977500	1.974920	1.971130	1.968160	1.979560
Chilean Peso	681.143000	NA	679.468000	680.272000	679.348000	679.084000	679.925000	680.814000	681.989000
Colombian Peso	2,891.290000	2,898.330000	2,889.120000	2,896.450000	2,898.550000	2,894.000000	2,906.170000	2,910.410000	2,917.700000
Czech Koruna	NA	NA	NA	NA	NA	NA	NA	NA	NA
Danish Krone	10.575500	10.486500	10.544400	10.494200	10.603600	10.605900	10.552400	10.517700	10.468900
Hungarian Forint	377.265000	374.379000	373.925000	374.023000	378.072000	377.669000	375.985000	375.175000	373.357000
Icelandic Krona	111.526000	111.414000	111.709000	111.471000	111.682000	111.874000	111.693000	111.751000	111.631000
Indian Rupee	60.109200	NA	59.940200	NA	59.955600	59.836100	60.023300	60.196700	60.242400
Indonesian Rupiah	NA	NA	NA	NA	NA	NA	NA	NA	NA
Iranian Rial	NA	NA	2,263.460000	2,255.150000	2,257.340000	2,258.940000	2,251.240000	2,255.870000	2,260.440000
Israeli New Sheqel	NA	NA	NA	NA	NA	NA	NA	NA	NA
Kazakhstani Tenge	NA	NA	NA	NA	NA	NA	NA	NA	NA
Korean Won	NA	NA	NA	NA	NA	NA	NA	NA	NA
Kuwaiti Dinar	NA	NA	0.394398	0.395213	0.394446	NA	NA	0.395696	0.396311
Libyan Dinar	0.661999	0.661999	0.661999	0.661999	0.661999	0.661999	0.661999	0.661999	0.661999
Malaysian Ringgit	4.907930	4.920070	4.889930	4.898120	4.885890	4.881450	4.891460	4.901380	4.911400
Mauritian Rupee	NA	NA	NA	NA	NA	NA	NA	NA	NA
Mexican Peso	NA	NA	NA	NA	NA	NA	NA	NA	NA
Nepalese Rupee	95.574900	95.812100	95.224500	95.384400	95.147500	95.059700	NA	95.448100	95.643400
New Zealand Dollar	3.028280	3.007920	2.984630	3.009170	2.995370	2.991240	2.954720	2.992660	3.005400
Norwegian Krone	11.614500	11.532400	11.661600	11.616400	11.727500	11.685900	11.625300	11.582900	11.521600
Rial Omani	0.496603	0.497834	0.494783	0.495611	0.494375	0.493924	0.494937	0.495943	0.496956
Pakistani Rupee	NA	NA	NA	76.364400	76.173100	77.420300	77.578900	77.736300	77.895600
Nuevo Sol	NA	NA	NA	NA	NA	NA	NA	NA	NA
Philippine Peso	NA	NA	NA	NA	NA	NA	NA	NA	NA
Polish Zloty	NA	NA	NA	NA	NA	NA	NA	NA	NA
Qatar Riyal	4.701260	4.712910	4.684040	4.691880	4.680160	4.675910	4.685510	4.695010	4.704620
Russian Ruble	NA	NA	NA	NA	NA	NA	NA	NA	NA
Saudi Arabian Riyal	4.836880	4.848860	4.819160	4.827230	4.815170	4.810790	4.820650	4.830430	4.840320
Singapore Dollar	2.252730	2.248350	2.239460	2.247070	2.241340	2.242240	2.243890	2.249600	2.250200
South African Rand	10.182000	10.010400	10.028900	10.043100	10.069500	10.101300	10.016500	9.991710	9.921720
Sri Lanka Rupee	111.308000	111.462000	110.812000	NA	110.742000	110.689000	110.827000	110.972000	111.230000
Swedish Krona	12.760600	12.731000	12.651600	12.734700	12.748400	12.842600	12.785400	12.688800	12.724400
Swiss Franc	2.176020	2.155260	2.174090	2.167420	2.172160	2.177760	2.173870	2.167700	2.155590
Thai Baht	54.854900	55.151400	54.973100	55.262400	55.361800	55.386300	55.276100	55.301800	55.498800
Trinidad And Tobago Dollar	8.083360	8.114780	8.052440	8.077540	8.054770	8.049130	NA	NA	8.102280
Tunisian Dinar	NA	NA	NA	NA	NA	NA	NA	NA	NA
U.A.E. Dirham	4.743250	4.755000	4.725850	4.733770	4.721950	4.717640	4.727330	4.736930	4.746630
Peso Uruguayo	NA	NA	NA	NA	NA	NA	NA	NA	NA
Bolivar Fuerte	NA	NA	NA	NA	NA	NA	NA	NA	NA

Notes:


The value of the U.S. dollar in terms of the SDR is the reciprocal of the sum of the dollar values, based on market exchange rates, of specified quantities of the SDR basket currencies. See SDR Valuation.

These rates are the official rates used by the Fund to conduct operations with member countries. The rates are derived from the currency's representative exchange rate, as reported by the central bank, normally against the U.S. dollar at spot market rates and rounded to six significant digits. See Representative Exchange Rates for Selected Currencies.

The value in terms of each national currency of the SDR (shown above) is the reciprocal of the value in terms of the SDR of each national currency, rounded to six significant digits.

Exchange rates are published daily except on IMF holidays or whenever the IMF is closed for business.
