Currency units per SDR for November 2002
Currency	November 01, 2002	November 04, 2002	November 05, 2002	November 06, 2002	November 07, 2002	November 08, 2002	November 11, 2002	November 12, 2002	November 13, 2002	November 14, 2002	November 15, 2002
Chinese Yuan	10.978700	10.967800	11.010200	10.975400	11.012000	11.068700	11.113200	11.091700	11.067400	11.066700	11.030800
Euro	1.329850	1.332530	1.327030	1.332000	1.328700	1.323090	1.325950	1.329280	1.328050	1.324430	1.328800
Japanese Yen	162.682000	NA	162.153000	161.971000	161.912000	161.740000	160.515000	160.471000	160.048000	160.909000	160.785000
U.K. Pound Sterling	0.848515	0.851201	0.850789	0.851259	0.849625	0.843533	0.841368	0.842637	0.842304	0.842424	0.846110
U.S. Dollar	1.326400	1.325070	1.330210	1.326000	1.330420	1.337250	1.342660	1.340050	1.337080	1.337010	1.332660
Algerian Dinar	NA	NA	NA	NA	NA	NA	NA	NA	NA	NA	NA
Australian Dollar	2.389470	2.364500	2.369030	2.364480	2.358900	2.364300	2.377220	2.394660	2.381680	2.388800	2.366220
Bahrain Dinar	0.498726	0.498224	0.500160	0.498577	0.500238	0.502806	0.504839	0.503860	0.502740	0.502715	0.501080
Botswana Pula	8.048480	7.987160	8.027810	8.004870	8.004930	7.969270	8.020660	8.038710	8.016030	7.984540	7.899580
Brazilian Real	4.833650	4.784160	4.710270	4.722820	4.785260	4.842170	4.734600	4.693800	4.749170	4.857880	NA
Brunei Dollar	2.347050	NA	2.338110	2.334820	2.345800	2.355830	2.360260	2.364380	2.356730	2.361690	2.348670
Canadian Dollar	2.065990	2.060480	2.070080	2.066180	2.066150	2.091990	NA	2.109500	2.107770	2.105390	2.107330
Chilean Peso	NA	965.260000	959.472000	953.516000	956.151000	959.104000	954.736000	951.475000	948.821000	947.032000	944.376000
Colombian Peso	3,685.520000	3,681.650000	3,695.960000	3,679.090000	3,674.620000	3,668.070000	NA	3,676.980000	3,646.280000	3,633.840000	3,630.210000
Czech Koruna	41.030700	40.915400	41.058300	41.038400	41.114000	40.947900	40.702700	40.776400	40.810300	40.675700	40.600700
Danish Krone	9.883670	9.903830	9.863290	9.899030	9.871860	9.829460	9.849690	9.873520	9.862320	9.835840	9.868060
Hungarian Forint	NA	321.727000	319.943000	319.261000	317.266000	316.700000	315.511000	316.279000	316.460000	316.149000	315.013000
Icelandic Krona	115.211000	115.188000	115.888000	115.588000	115.720000	115.044000	NA	114.145000	114.079000	114.140000	114.062000
Indian Rupee	64.117800	NA	64.276000	64.072600	64.285900	64.549000	64.810100	64.684300	64.554000	64.550700	64.274000
Indonesian Rupiah	12,240.000000	12,209.200000	12,256.600000	12,216.500000	12,258.500000	12,313.400000	12,285.300000	12,214.500000	12,123.300000	12,090.600000	12,036.500000
Iranian Rial	10,529.600000	10,582.000000	10,576.700000	NA	10,584.100000	10,584.100000	NA	10,717.100000	10,696.300000	10,672.600000	NA
Israeli New Sheqel	6.308350	6.290100	6.301200	6.233520	6.254300	6.298460	6.295720	6.310300	6.278920	6.241150	6.215500
Kazakhstani Tenge	NA	NA	NA	NA	NA	NA	NA	NA	NA	NA	NA
Korean Won	1,624.700000	1,621.880000	1,622.460000	1,612.150000	1,623.120000	1,627.300000	1,625.150000	1,607.930000	1,609.170000	1,608.550000	1,609.850000
Kuwaiti Dinar	NA	0.399588	0.401139	0.399869	0.400843	NA	NA	0.403019	0.402126	0.402306	NA
Libyan Dinar	1.644740	1.644740	1.644740	1.644740	1.644740	1.644740	1.644740	1.644740	1.644740	1.644740	1.644740
Malaysian Ringgit	5.040300	5.035250	5.054790	5.038800	5.055610	5.081530	5.102090	5.092190	5.080890	5.080630	5.064090
Mauritian Rupee	NA	NA	NA	NA	NA	NA	NA	NA	NA	NA	NA
Mexican Peso	13.528200	13.491800	13.581300	13.485200	13.627200	13.767400	13.874200	13.862400	NA	13.649800	13.657600
Nepalese Rupee	103.850000	NA	NA	NA	104.165000	104.700000	NA	104.919000	104.687000	105.350000	105.007000
New Zealand Dollar	2.728650	2.694320	NA	2.688020	2.672070	2.677440	2.717380	2.725890	2.711580	2.693950	2.666920
Norwegian Krone	NA	NA	9.782250	9.802860	9.771920	9.700920	9.676140	9.707040	9.722710	9.687580	9.703650
Rial Omani	0.509999	0.509489	0.511467	0.509848	0.511548	0.514173	0.516252	0.515249	0.514107	0.514081	0.512405
Pakistani Rupee	78.111600	78.033600	78.336100	78.088400	78.348400	78.750700	79.068900	78.915400	78.740800	78.736400	78.480000
Nuevo Sol	NA	NA	NA	NA	NA	NA	NA	NA	NA	NA	NA
Philippine Peso	NA	NA	NA	NA	NA	NA	NA	NA	NA	NA	NA
Polish Zloty	NA	5.294960	5.291590	5.279080	5.255690	5.257930	NA	5.249510	5.244690	5.267540	5.239990
Qatar Riyal	4.828070	4.823250	4.841980	4.826650	4.842730	4.867580	4.887280	4.877790	4.866960	4.866700	4.850860
Russian Ruble	NA	NA	NA	NA	NA	NA	NA	NA	NA	NA	NA
Saudi Arabian Riyal	4.973990	4.968990	4.988300	4.972500	4.989070	5.014690	5.034970	5.025180	5.014040	5.013790	4.997450
Singapore Dollar	2.347050	NA	2.338110	2.334820	2.345800	2.355830	2.360260	2.364380	2.356730	2.361690	2.348670
South African Rand	13.208900	13.093600	13.182400	13.147300	13.131300	13.018100	13.178200	13.192800	13.130100	13.102700	12.900100
Sri Lanka Rupee	127.879000	NA	128.256000	127.802000	128.195000	129.017000	NA	129.199000	128.921000	128.971000	128.625000
Swedish Krona	12.153100	12.114400	12.131500	12.142900	12.113500	12.118800	NA	12.047000	12.017000	12.063100	12.047200
Swiss Franc	1.949410	1.951030	1.941180	1.949750	1.944140	1.935540	1.934370	NA	1.943170	1.945750	1.950880
Thai Baht	57.444900	NA	57.610000	57.393400	57.552600	57.702400	57.700700	57.777400	57.747100	58.008700	57.903900
Trinidad And Tobago Dollar	8.281990	NA	8.325290	8.332080	8.318080	8.371140	8.418850	8.371000	8.394540	8.383710	8.330280
Tunisian Dinar	NA	NA	NA	NA	NA	NA	NA	NA	NA	NA	NA
U.A.E. Dirham	4.871180	4.866300	4.885200	4.869730	4.885990	4.911040	4.930920	4.921330	4.910410	4.910170	4.894190
Peso Uruguayo	NA	NA	NA	NA	NA	NA	NA	NA	NA	NA	NA
Bolivar Fuerte	NA	NA	NA	NA	NA	NA	NA	NA	NA	NA	NA

Currency units per SDR for November 2002 Continued

Currency	November 18, 2002	November 19, 2002	November 20, 2002	November 21, 2002	November 22, 2002	November 25, 2002	November 26, 2002	November 27, 2002	November 28, 2002	November 29, 2002
Chinese Yuan	11.056500	11.078500	11.006600	11.010600	11.013300	10.959400	10.974200	10.965600	NA	NA
Euro	1.327140	1.321910	1.327260	1.325760	1.327370	1.336750	1.337910	1.334550	NA	1.333810
Japanese Yen	161.561000	161.883000	162.659000	162.825000	163.353000	162.355000	161.823000	161.229000	161.970000	161.935000
U.K. Pound Sterling	0.844937	0.841942	0.845537	0.844880	0.841432	0.845009	0.848234	0.854496	0.852937	0.853140
U.S. Dollar	1.335760	1.338430	1.329780	1.330270	1.330560	1.324050	1.325870	1.324810	1.324690	1.324080
Algerian Dinar	NA	NA	NA	NA	NA	NA	NA	NA	NA	NA
Australian Dollar	2.370890	2.382400	2.383120	2.373790	2.365440	2.355120	2.365940	2.362780	2.376560	2.361050
Bahrain Dinar	0.502248	0.503251	0.499998	0.500180	0.500290	0.497842	0.498527	0.498127	0.498085	0.497852
Botswana Pula	7.866710	7.873150	7.891850	7.887740	7.803900	7.740720	7.576390	7.613830	NA	NA
Brazilian Real	4.914130	4.802430	4.725900	4.674300	4.669600	4.714670	4.704730	4.751290	4.754320	4.769580
Brunei Dollar	2.356680	2.359250	2.354110	2.354580	2.355760	2.345950	2.342810	2.340270	NA	NA
Canadian Dollar	2.124130	2.121680	2.106240	2.099960	2.102550	2.083130	2.084010	2.086170	2.084940	2.072710
Chilean Peso	943.770000	939.241000	929.264000	927.489000	928.609000	935.953000	938.588000	937.541000	NA	NA
Colombian Peso	3,611.570000	3,586.940000	3,567.850000	3,554.080000	NA	3,558.050000	3,602.330000	3,623.400000	3,649.090000	3,652.180000
Czech Koruna	40.587200	40.401900	40.598300	40.659700	40.683200	41.022900	41.208100	41.379100	NA	NA
Danish Krone	9.855620	9.818360	9.856590	9.845140	9.858140	9.927330	9.935720	9.910700	9.902750	9.905010
Hungarian Forint	313.918000	312.645000	315.158000	315.712000	314.718000	315.308000	315.969000	316.113000	316.721000	316.468000
Icelandic Krona	113.700000	113.646000	114.135000	NA	NA	114.596000	114.661000	114.225000	114.175000	113.924000
Indian Rupee	64.383600	NA	64.108700	64.132200	64.133000	63.819100	63.920200	63.868800	63.903100	63.913300
Indonesian Rupiah	12,048.600000	12,025.800000	11,928.100000	11,952.500000	NA	11,899.200000	11,897.000000	11,911.300000	11,899.700000	11,884.900000
Iranian Rial	10,641.300000	10,664.700000	10,688.700000	10,622.300000	10,622.700000	10,627.200000	10,576.500000	NA	NA	NA
Israeli New Sheqel	6.236670	6.263860	6.227350	6.225640	6.225680	6.192560	6.167970	6.139150	6.153200	6.147680
Kazakhstani Tenge	NA	NA	NA	NA	NA	NA	NA	NA	NA	NA
Korean Won	1,614.670000	1,614.550000	1,607.310000	1,618.010000	1,615.700000	1,606.730000	1,608.810000	1,596.920000	1,595.460000	1,599.090000
Kuwaiti Dinar	0.401931	0.402734	0.400676	0.400810	NA	0.399240	0.399976	0.399655	0.399952	NA
Libyan Dinar	1.644740	1.644740	1.644740	1.644740	1.644740	1.644740	1.644740	1.644740	1.644740	1.644740
Malaysian Ringgit	5.075910	5.086030	5.053160	5.055020	5.056120	5.031370	5.038320	5.034260	5.033830	5.031500
Mauritian Rupee	NA	NA	NA	NA	NA	NA	NA	NA	NA	NA
Mexican Peso	13.592700	13.603100	NA	13.418900	13.483000	13.381500	13.462200	13.446300	13.405000	NA
Nepalese Rupee	NA	105.462000	104.780000	104.819000	104.841000	103.666000	103.809000	103.726000	NA	103.669000
New Zealand Dollar	2.683330	2.691940	2.681550	2.667470	2.652100	2.639120	NA	2.667210	NA	NA
Norwegian Krone	9.706010	NA	NA	9.698570	NA	9.763620	9.718650	9.708830	9.718460	NA
Rial Omani	0.513600	0.514628	0.511300	0.511488	0.511601	0.509095	0.509798	0.509388	0.509344	0.509108
Pakistani Rupee	78.177500	78.333700	77.827700	77.856200	77.873100	77.501400	77.608400	77.545800	77.539200	77.503200
Nuevo Sol	NA	NA	NA	NA	NA	NA	NA	NA	NA	NA
Philippine Peso	NA	NA	NA	NA	NA	NA	NA	NA	NA	NA
Polish Zloty	5.230590	5.192840	5.213790	5.245240	5.231110	5.222040	5.286250	5.267820	NA	5.306640
Qatar Riyal	4.862180	4.871890	4.840390	4.842170	4.843250	4.819530	4.826160	4.822300	4.821880	4.819650
Russian Ruble	NA	NA	NA	NA	NA	NA	NA	NA	NA	NA
Saudi Arabian Riyal	5.009120	5.019120	4.986690	4.988500	4.989600	4.965170	4.972010	4.968030	4.967590	4.965290
Singapore Dollar	2.356680	2.359250	2.354110	2.354580	2.355760	2.345950	2.342810	2.340270	NA	NA
South African Rand	NA	12.808800	12.878900	12.850400	12.593800	12.346700	12.131700	12.241200	12.240200	12.300700
Sri Lanka Rupee	128.926000	NA	128.364000	128.451000	128.510000	127.987000	128.070000	128.013000	127.908000	127.896000
Swedish Krona	11.995200	12.012400	12.041200	12.032300	11.915200	11.989200	12.088600	12.098800	NA	NA
Swiss Franc	1.943400	1.939250	1.948930	1.949510	1.954060	1.971380	1.968660	1.969990	1.967040	1.967580
Thai Baht	58.073700	58.063900	57.816200	57.715100	57.702400	57.455700	57.536100	57.528500	57.502300	57.471600
Trinidad And Tobago Dollar	NA	8.374440	8.327370	8.333890	8.353660	8.309720	8.308820	8.304130	8.311520	8.267400
Tunisian Dinar	NA	NA	NA	NA	NA	NA	NA	NA	NA	NA
U.A.E. Dirham	4.905590	4.915380	4.883620	4.885410	4.886490	4.862560	4.869260	4.865350	4.864930	4.862680
Peso Uruguayo	NA	NA	NA	NA	NA	NA	NA	NA	NA	NA
Bolivar Fuerte	NA	NA	NA	NA	NA	NA	NA	NA	NA	NA

Notes:


The value of the U.S. dollar in terms of the SDR is the reciprocal of the sum of the dollar values, based on market exchange rates, of specified quantities of the SDR basket currencies. See SDR Valuation.

These rates are the official rates used by the Fund to conduct operations with member countries. The rates are derived from the currency's representative exchange rate, as reported by the central bank, normally against the U.S. dollar at spot market rates and rounded to six significant digits. See Representative Exchange Rates for Selected Currencies.

The value in terms of each national currency of the SDR (shown above) is the reciprocal of the value in terms of the SDR of each national currency, rounded to six significant digits.

Exchange rates are published daily except on IMF holidays or whenever the IMF is closed for business.
