Currency units per SDR for February 2002
Currency	February 01, 2002	February 04, 2002	February 05, 2002	February 06, 2002	February 07, 2002	February 08, 2002	February 11, 2002	February 12, 2002	February 13, 2002	February 14, 2002	February 15, 2002
Chinese Yuan	10.256600	10.277200	10.307900	10.289200	10.277800	10.304300	10.319800	NA	10.341200	10.310900	10.313100
Euro	1.435630	1.436510	1.434350	1.434850	1.433270	1.424460	1.417830	1.424600	1.431020	1.433060	1.431390
Japanese Yen	166.429000	165.645000	164.648000	166.333000	166.337000	166.890000	NA	166.220000	166.360000	165.001000	165.409000
U.K. Pound Sterling	0.878140	0.876732	0.875902	0.878611	0.880700	0.878912	0.876632	0.874447	0.871954	0.873546	0.872745
U.S. Dollar	1.239230	1.241710	1.245450	1.243150	1.241790	1.244980	1.246840	1.246960	1.249420	1.245760	1.246020
Algerian Dinar	NA	NA	NA	NA	NA	NA	NA	NA	NA	NA	NA
Australian Dollar	2.445210	2.436170	2.434890	2.441860	2.441570	2.435890	2.432850	2.435470	2.455140	2.424600	2.418520
Bahrain Dinar	0.465951	0.466884	0.468288	0.467425	0.466912	0.468112	0.468810	0.468856	0.469781	0.468406	0.468505
Botswana Pula	8.427300	8.560620	8.524640	8.462530	8.482120	8.457730	8.473210	8.508760	8.459160	8.474580	8.464820
Brazilian Real	2.995840	2.999110	3.016470	3.009170	3.004870	3.051450	NA	NA	3.083940	3.017730	3.020480
Brunei Dollar	2.277710	2.276310	2.282410	2.280560	2.275570	2.280680	2.285830	NA	NA	2.278500	2.272870
Canadian Dollar	1.971250	1.976190	1.989970	1.994010	1.985370	1.988730	1.982220	1.984910	1.987330	1.983250	1.982670
Chilean Peso	681.840000	683.205000	684.697000	683.747000	682.995000	684.402000	684.964000	685.429000	686.559000	685.143000	685.349000
Colombian Peso	2,808.090000	NA	2,822.940000	2,809.280000	2,800.200000	2,813.870000	2,833.760000	2,846.980000	2,861.410000	2,876.800000	2,880.840000
Czech Koruna	45.836700	45.766000	45.746500	45.761600	45.712600	45.246400	45.038400	45.162200	45.410200	45.416600	45.317800
Danish Krone	10.664100	10.670900	10.655000	10.658500	10.646000	10.581000	10.533400	10.584400	10.633100	10.645900	10.632900
Hungarian Forint	349.290000	351.157000	349.883000	350.033000	351.152000	347.973000	347.269000	346.044000	346.564000	347.654000	343.989000
Icelandic Krona	127.839000	NA	126.799000	126.938000	126.973000	126.963000	126.292000	125.805000	126.304000	125.921000	NA
Indian Rupee	60.139900	60.285300	60.653100	60.529000	60.487300	60.593200	60.733400	60.739300	60.821700	60.681100	60.693600
Indonesian Rupiah	NA	NA	NA	NA	NA	NA	NA	NA	12,701.600000	12,772.800000	12,746.800000
Iranian Rial	2,180.020000	2,171.750000	2,176.100000	2,182.650000	2,178.620000	2,178.620000	2,181.830000	2,185.090000	2,185.300000	2,189.610000	2,189.610000
Israeli New Sheqel	5.685600	5.714380	5.757680	5.759510	5.795420	5.810340	5.914990	5.885640	5.807300	5.774110	5.770310
Kazakhstani Tenge	NA	NA	NA	NA	NA	NA	NA	NA	NA	NA	NA
Korean Won	1,621.540000	1,638.570000	1,635.770000	1,634.370000	1,636.430000	1,641.760000	NA	NA	NA	1,642.910000	1,639.760000
Kuwaiti Dinar	NA	0.382286	0.383137	0.382916	0.382495	NA	0.383802	0.383402	0.384159	0.383033	NA
Libyan Dinar	1.644740	1.644740	1.644740	1.644740	1.644740	1.644740	1.644740	1.644740	1.644740	1.644740	1.644740
Malaysian Ringgit	4.709070	4.718520	4.732700	4.723980	4.718780	4.730930	4.737990	4.738440	4.747800	4.733880	4.734870
Mauritian Rupee	NA	NA	NA	NA	NA	NA	NA	NA	NA	NA	NA
Mexican Peso	NA	NA	NA	NA	NA	NA	NA	NA	NA	NA	NA
Nepalese Rupee	95.328000	95.519200	NA	95.878200	NA	96.019100	96.536300	NA	96.736100	96.453400	96.472900
New Zealand Dollar	2.982870	2.978810	2.976330	NA	2.983990	2.981630	2.977520	2.971420	2.991550	2.970340	2.963890
Norwegian Krone	11.256100	11.258600	11.266800	11.233400	11.182400	11.155700	11.110100	11.157500	11.200600	11.148600	11.113300
Rial Omani	0.476485	0.477439	0.478874	0.477991	0.477466	0.478696	0.479409	0.479455	0.480402	0.478994	0.479095
Pakistani Rupee	74.623500	74.772500	74.997400	74.859300	74.777000	74.969300	75.081300	75.088600	75.236600	75.016500	75.032300
Nuevo Sol	NA	NA	NA	NA	NA	NA	NA	NA	NA	NA	NA
Philippine Peso	NA	NA	NA	NA	NA	NA	NA	NA	NA	NA	NA
Polish Zloty	5.173790	5.233080	5.216540	5.228950	5.293470	5.259670	5.219640	5.202670	5.196720	5.234420	5.207490
Qatar Riyal	4.510800	4.519840	4.533420	4.525070	4.520100	4.531740	4.538480	4.538930	4.547890	4.534570	4.535520
Russian Ruble	NA	NA	NA	NA	NA	NA	NA	NA	NA	NA	NA
Saudi Arabian Riyal	4.647120	4.656430	4.670430	4.661810	4.656690	4.668690	4.675650	4.676090	4.685330	4.671610	4.672570
Singapore Dollar	2.277710	2.276310	2.282410	2.280560	2.275570	2.280680	2.285830	NA	NA	2.278500	2.272870
South African Rand	14.168800	14.445500	14.470200	14.298100	14.344500	14.278100	14.303100	14.341900	14.282800	14.356800	14.312400
Sri Lanka Rupee	115.891000	NA	116.472000	116.243000	116.113000	116.458000	116.618000	NA	116.813000	116.480000	116.554000
Swedish Krona	13.214400	13.280100	13.232900	13.230200	13.194000	13.168800	13.210200	13.133600	13.197000	13.161400	13.145500
Swiss Franc	2.127890	2.129290	2.113270	2.108630	2.110410	2.096300	2.097550	2.105240	2.109900	2.127630	2.121220
Thai Baht	54.610500	54.637900	54.768400	NA	54.607500	54.613500	54.737500	54.669000	54.705800	54.442200	54.292900
Trinidad And Tobago Dollar	7.732340	7.759100	7.772970	7.764940	7.762770	7.786340	NA	NA	7.812740	7.780650	7.801100
Tunisian Dinar	NA	NA	NA	NA	NA	NA	NA	NA	NA	NA	NA
U.A.E. Dirham	4.551080	4.560190	4.573900	4.565460	4.560460	4.572200	4.579010	4.579450	4.588500	4.575050	4.576010
Peso Uruguayo	NA	NA	NA	NA	NA	NA	NA	NA	NA	NA	NA
Bolivar Fuerte	NA	NA	NA	NA	NA	NA	NA	NA	NA	NA	NA

Currency units per SDR for February 2002 Continued

Currency	February 18, 2002	February 19, 2002	February 20, 2002	February 21, 2002	February 22, 2002	February 25, 2002	February 26, 2002	February 27, 2002	February 28, 2002
Chinese Yuan	NA	10.296100	10.326800	10.307100	10.302800	10.317200	10.294000	10.270000	10.276300
Euro	1.430690	1.431140	1.427060	1.431240	1.423150	1.428890	1.432540	1.434670	1.435240
Japanese Yen	165.395000	165.980000	166.254000	166.749000	166.994000	166.978000	166.436000	166.831000	166.254000
U.K. Pound Sterling	0.872897	0.873378	0.871954	0.873118	0.873012	0.872212	0.872791	0.875434	0.876355
U.S. Dollar	1.246850	1.243950	1.247680	1.245330	1.244830	1.246570	1.243730	1.240840	1.241630
Algerian Dinar	NA	NA	NA	NA	NA	NA	NA	NA	NA
Australian Dollar	2.407510	2.402370	2.407250	2.415300	2.422790	2.428060	2.416420	2.415030	2.404390
Bahrain Dinar	0.468814	0.467725	0.469129	0.468242	0.468055	NA	NA	0.466557	0.466851
Botswana Pula	NA	8.482410	8.456020	8.448590	8.448090	8.411350	8.432060	8.403930	8.406400
Brazilian Real	3.038820	NA	NA	3.023150	3.016590	3.024790	NA	2.970450	2.957420
Brunei Dollar	2.276750	2.275800	2.280890	2.276450	2.281150	2.282460	2.277640	2.276940	2.277760
Canadian Dollar	1.983860	1.976010	1.984440	1.981690	1.984630	1.996500	2.003650	1.995650	1.992440
Chilean Peso	NA	684.753000	686.285000	685.603000	685.331000	686.248000	685.157000	684.102000	684.458000
Colombian Peso	2,853.470000	2,847.370000	2,845.940000	2,843.000000	2,874.870000	2,876.760000	2,873.270000	2,870.230000	2,867.930000
Czech Koruna	45.629600	45.589400	45.589000	45.545200	45.142400	45.355000	45.439700	45.490500	45.354100
Danish Krone	10.629600	10.633500	10.605000	10.633800	10.577600	10.622200	10.646100	10.661400	10.666300
Hungarian Forint	344.554000	347.447000	347.579000	347.993000	348.540000	347.394000	348.530000	351.978000	352.597000
Icelandic Krona	125.682000	NA	125.504000	125.740000	125.964000	125.940000	NA	125.288000	NA
Indian Rupee	60.684000	60.530500	60.674800	60.560200	60.635500	60.894700	60.656800	60.466400	60.603900
Indonesian Rupiah	12,780.200000	12,688.300000	12,701.400000	12,668.700000	NA	12,727.400000	12,654.900000	12,633.000000	12,650.900000
Iranian Rial	2,183.650000	2,183.650000	2,180.020000	2,186.560000	2,186.560000	2,181.560000	2,184.610000	2,179.640000	2,174.570000
Israeli New Sheqel	5.832770	5.873920	5.865340	5.843070	5.850690	5.786570	NA	NA	5.740030
Kazakhstani Tenge	NA	NA	NA	NA	NA	NA	NA	NA	NA
Korean Won	1,640.230000	1,637.030000	1,646.690000	1,645.320000	1,644.540000	1,647.710000	1,645.330000	1,642.750000	1,648.510000
Kuwaiti Dinar	0.383368	NA	0.383562	NA	NA	NA	NA	NA	0.382321
Libyan Dinar	1.644740	1.644740	1.644740	1.644740	1.644740	1.644740	1.644740	1.644740	1.644740
Malaysian Ringgit	NA	4.726990	4.741180	4.732230	4.730350	4.736960	4.726170	4.715200	4.718180
Mauritian Rupee	NA	NA	NA	NA	NA	NA	NA	NA	NA
Mexican Peso	NA	NA	NA	NA	NA	NA	NA	NA	NA
Nepalese Rupee	96.537200	NA	96.601600	96.419000	96.380900	96.515800	96.606200	96.382800	96.443200
New Zealand Dollar	2.951470	2.954390	2.962910	2.971420	2.979490	2.984350	2.975430	2.964270	2.959770
Norwegian Krone	11.081700	11.089200	11.079000	NA	11.046500	11.078200	11.080600	11.065600	11.068600
Rial Omani	0.479414	0.478297	0.479734	0.478829	0.478636	0.479304	0.478213	0.477104	0.477404
Pakistani Rupee	75.081800	74.906900	75.132000	74.990100	NA	75.064900	74.740600	74.567300	74.614100
Nuevo Sol	NA	NA	NA	NA	NA	NA	NA	NA	NA
Philippine Peso	NA	NA	NA	NA	NA	NA	NA	NA	NA
Polish Zloty	5.174430	5.159400	5.191840	5.197860	5.196150	5.195700	5.209990	5.204840	5.220540
Qatar Riyal	4.538520	4.527960	4.541550	4.532990	4.531180	4.537490	4.527180	4.516670	4.519510
Russian Ruble	NA	NA	NA	NA	NA	NA	NA	NA	NA
Saudi Arabian Riyal	4.675670	4.664810	4.678800	4.669970	4.668120	4.674620	4.663980	4.653150	4.656100
Singapore Dollar	2.276750	2.275800	2.280890	2.276450	2.281150	2.282460	2.277640	2.276940	2.277760
South African Rand	14.319400	14.307300	14.265400	14.265800	14.226500	14.212700	14.201500	14.154900	14.177500
Sri Lanka Rupee	116.647000	116.347000	116.704000	116.490000	116.459000	116.635000	116.404000	NA	116.251000
Swedish Krona	13.104400	13.198300	13.140600	13.083400	13.111200	13.029700	12.962800	13.047500	13.027800
Swiss Franc	2.118900	2.118320	2.110080	NA	2.115090	2.108320	2.115330	2.117870	2.117340
Thai Baht	NA	54.318300	54.491200	54.504200	54.604500	NA	NA	54.430700	54.286500
Trinidad And Tobago Dollar	7.796540	7.765360	7.795630	7.781560	7.795990	7.807500	7.779920	7.737120	7.769710
Tunisian Dinar	NA	NA	NA	NA	NA	NA	NA	NA	NA
U.A.E. Dirham	4.579050	4.568400	4.582110	4.573460	4.571640	4.578020	4.567590	4.556990	4.559860
Peso Uruguayo	NA	NA	NA	NA	NA	NA	NA	NA	NA
Bolivar Fuerte	NA	NA	NA	NA	NA	NA	NA	NA	NA

Notes:


The value of the U.S. dollar in terms of the SDR is the reciprocal of the sum of the dollar values, based on market exchange rates, of specified quantities of the SDR basket currencies. See SDR Valuation.

These rates are the official rates used by the Fund to conduct operations with member countries. The rates are derived from the currency's representative exchange rate, as reported by the central bank, normally against the U.S. dollar at spot market rates and rounded to six significant digits. See Representative Exchange Rates for Selected Currencies.

The value in terms of each national currency of the SDR (shown above) is the reciprocal of the value in terms of the SDR of each national currency, rounded to six significant digits.

Exchange rates are published daily except on IMF holidays or whenever the IMF is closed for business.
