Currency units per SDR for June 2002
Currency	June 03, 2002	June 04, 2002	June 05, 2002	June 06, 2002	June 07, 2002	June 10, 2002	June 11, 2002	June 12, 2002	June 13, 2002	June 14, 2002	June 17, 2002
Chinese Yuan	10.683200	10.690900	10.666700	10.664400	10.691500	10.695500	10.687100	10.697900	10.677600	10.723100	10.705600
Euro	1.385970	1.369020	1.375240	1.372730	1.366600	1.366100	1.371150	1.367440	1.369920	1.366900	1.372130
Japanese Yen	160.505000	159.651000	159.868000	160.991000	160.689000	161.330000	160.886000	162.144000	162.224000	161.684000	160.766000
U.K. Pound Sterling	NA	NA	0.883603	0.884674	0.884674	0.884033	0.880956	0.878056	0.877647	0.876855	0.875373
U.S. Dollar	1.290750	1.291670	1.288730	1.288440	1.291710	1.292190	1.291220	1.292500	1.290050	1.295550	1.293370
Algerian Dinar	NA	NA	NA	NA	NA	NA	NA	NA	NA	NA	NA
Australian Dollar	2.274850	2.245220	2.250280	2.251340	2.252720	NA	2.268080	2.266350	NA	2.283310	2.310410
Bahrain Dinar	0.485321	0.485670	0.484564	0.484454	0.485684	0.485864	0.485498	0.485979	0.485060	0.487125	0.486306
Botswana Pula	7.822710	7.757830	7.843810	7.842030	7.823810	7.908140	7.931280	8.008070	8.027680	8.142990	8.259070
Brazilian Real	3.254240	3.281500	3.310630	3.360000	3.411410	3.450160	3.403510	3.445290	3.544800	3.486840	3.514470
Brunei Dollar	2.309410	2.304350	2.303740	2.311460	2.320820	2.318580	2.309340	2.316810	2.306230	2.314500	2.314870
Canadian Dollar	1.972270	1.973550	1.978340	1.974540	1.979290	1.987390	1.986150	1.985540	1.985900	2.008100	2.001230
Chilean Peso	846.604000	849.134000	851.520000	852.406000	855.388000	856.920000	853.869000	857.184000	860.370000	863.059000	864.513000
Colombian Peso	2,996.710000	2,998.850000	2,995.720000	3,004.250000	3,016.540000	NA	3,016.420000	3,024.910000	3,028.620000	3,053.790000	3,064.150000
Czech Koruna	42.140400	41.562200	41.896700	41.941400	41.861800	41.790800	41.721800	41.520300	41.721600	41.537900	41.831400
Danish Krone	10.299500	10.176300	NA	10.205600	10.160900	10.158500	10.196100	10.168600	10.187300	10.165800	10.201700
Hungarian Forint	335.453000	331.702000	332.893000	331.349000	330.201000	330.544000	328.834000	328.708000	330.717000	331.103000	332.641000
Icelandic Krona	118.052000	116.638000	116.888000	116.411000	115.880000	115.793000	115.887000	116.170000	115.976000	115.822000	NA
Indian Rupee	63.272700	NA	63.199500	63.172400	63.319600	63.330400	63.243900	63.306800	NA	63.520700	63.375000
Indonesian Rupiah	11,099.200000	10,927.600000	11,121.800000	11,402.700000	11,586.700000	11,459.200000	11,277.500000	11,283.500000	11,263.400000	11,277.700000	11,261.400000
Iranian Rial	10,228.500000	NA	NA	10,213.200000	NA	10,236.800000	10,240.600000	10,232.900000	10,243.100000	NA	10,267.200000
Israeli New Sheqel	6.360840	6.383450	6.415310	6.399670	6.446950	6.432520	6.448330	6.415970	6.398650	6.418160	6.394390
Kazakhstani Tenge	NA	NA	NA	NA	NA	NA	NA	NA	NA	NA	NA
Korean Won	1,582.720000	1,586.950000	1,574.960000	NA	1,577.960000	1,587.330000	1,587.550000	1,586.540000	NA	1,594.560000	1,593.040000
Kuwaiti Dinar	0.392673	0.392733	0.391840	0.392086	NA	0.393241	0.392647	0.393037	0.392485	NA	0.393054
Libyan Dinar	1.644740	1.644740	1.644740	1.644740	1.644740	1.644740	1.644740	1.644740	1.644740	1.644740	1.644740
Malaysian Ringgit	4.904850	4.908360	4.897180	4.896080	4.908510	4.910340	4.906630	4.911490	4.902200	4.923080	4.914800
Mauritian Rupee	NA	NA	NA	NA	NA	NA	NA	39.002000	38.997000	NA	NA
Mexican Peso	NA	NA	NA	NA	NA	NA	NA	NA	NA	NA	NA
Nepalese Rupee	101.066000	101.138000	100.908000	100.885000	101.141000	101.179000	101.102000	101.203000	101.011000	NA	NA
New Zealand Dollar	NA	2.640380	2.626850	2.623050	2.632390	2.651740	2.645390	NA	2.625790	2.651550	2.666190
Norwegian Krone	10.309500	10.190300	10.181500	10.143100	10.171600	10.144000	10.179400	10.136800	10.169000	10.136200	10.174300
Rial Omani	0.496293	0.496648	0.495518	0.495405	0.496662	0.496848	0.496473	0.496966	0.496024	0.498139	0.497300
Pakistani Rupee	77.660300	77.715800	77.538600	77.521200	77.718200	77.747200	77.688000	77.765300	77.618100	77.908900	77.778000
Nuevo Sol	NA	NA	NA	NA	NA	NA	NA	NA	NA	NA	NA
Philippine Peso	NA	NA	NA	NA	NA	NA	NA	NA	NA	NA	NA
Polish Zloty	5.195260	5.186720	5.184330	5.174890	5.171380	5.202890	5.199070	5.208010	NA	5.212240	5.227800
Qatar Riyal	4.698340	4.701700	4.691000	4.689930	4.701830	4.703580	4.700020	4.704710	4.695780	4.715800	4.707850
Russian Ruble	NA	NA	NA	NA	NA	NA	NA	NA	NA	NA	NA
Saudi Arabian Riyal	4.840320	4.843790	4.832760	4.831640	4.843930	4.845740	4.842050	4.846890	4.837700	4.858310	4.850130
Singapore Dollar	2.309410	2.304350	2.303740	2.311460	2.320820	2.318580	2.309340	2.316810	2.306230	2.314500	2.314870
South African Rand	12.664200	12.514400	12.788800	12.696900	12.660700	12.860600	12.960600	13.176400	13.179700	13.508000	NA
Sri Lanka Rupee	124.173000	124.275000	123.990000	123.973000	124.302000	124.378000	124.283000	124.468000	124.213000	124.770000	124.505000
Swedish Krona	12.581600	12.516300	12.529700	12.527500	12.552200	12.634400	12.537700	12.508200	12.503800	12.570100	12.461600
Swiss Franc	2.031000	2.007780	2.020610	2.023750	2.011840	2.012590	2.016490	2.015270	NA	2.015480	2.023860
Thai Baht	54.789700	54.679200	54.673200	54.747100	54.842300	54.843200	54.623600	NA	54.524100	54.648700	54.580100
Trinidad And Tobago Dollar	NA	7.976070	7.946350	7.939780	7.963310	7.952920	7.942120	7.949250	7.921040	7.962800	7.944640
Tunisian Dinar	NA	NA	NA	NA	NA	NA	NA	NA	NA	NA	NA
U.A.E. Dirham	4.740280	4.743680	4.732880	4.731800	4.743810	4.745590	4.741990	4.746720	4.737720	4.757890	4.749890
Peso Uruguayo	NA	NA	NA	NA	NA	NA	NA	NA	NA	NA	NA
Bolivar Fuerte	NA	NA	NA	NA	NA	NA	NA	NA	NA	NA	NA

Currency units per SDR for June 2002 Continued

Currency	June 18, 2002	June 19, 2002	June 20, 2002	June 21, 2002	June 24, 2002	June 25, 2002	June 26, 2002	June 27, 2002	June 28, 2002
Chinese Yuan	10.720600	10.770300	10.776500	10.815500	10.889500	10.852300	10.970000	10.930400	11.012400
Euro	1.365620	1.360910	1.357330	1.356040	1.345090	1.350000	1.336420	1.344220	1.333800
Japanese Yen	161.052000	161.670000	161.442000	161.244000	161.428000	159.432000	160.365000	158.600000	158.924000
U.K. Pound Sterling	0.873454	0.871513	0.871802	0.873561	0.873996	0.872106	0.868327	0.869248	0.865621
U.S. Dollar	1.295150	1.301170	1.301950	1.306680	1.315630	1.311120	1.325330	1.320560	1.330460
Algerian Dinar	NA	NA	NA	NA	NA	NA	NA	NA	NA
Australian Dollar	2.316500	2.300910	2.293380	2.277240	2.281700	2.292970	2.298130	2.336040	2.355640
Bahrain Dinar	0.486978	0.489239	0.489534	0.491311	0.494677	0.492982	0.498323	0.496532	0.500255
Botswana Pula	8.079570	8.086820	8.051660	8.218070	8.217530	8.184240	8.257500	8.192090	8.253480
Brazilian Real	3.472960	3.473080	3.518140	3.592970	3.670870	3.705360	3.709200	3.773640	3.803130
Brunei Dollar	2.319230	2.326480	2.324380	2.319740	2.326950	2.318980	2.338540	2.333040	2.347610
Canadian Dollar	1.999850	2.005620	1.993810	1.990070	1.995550	1.995130	2.015430	1.995370	2.020580
Chilean Peso	864.282000	869.906000	878.766000	895.111000	912.742000	920.632000	920.615000	930.051000	928.160000
Colombian Peso	3,082.370000	3,101.080000	3,116.700000	3,125.120000	3,136.740000	3,124.940000	3,162.480000	3,158.960000	3,190.640000
Czech Koruna	41.626300	41.479800	41.379900	41.083300	40.702900	40.277600	39.994400	39.981400	39.045100
Danish Krone	10.149600	10.114200	10.088700	10.078800	9.994200	10.028200	9.938090	9.985020	9.909040
Hungarian Forint	332.388000	331.940000	330.540000	329.792000	328.578000	328.751000	327.674000	327.104000	328.252000
Icelandic Krona	115.567000	116.077000	115.835000	115.876000	115.828000	115.772000	116.351000	115.681000	NA
Indian Rupee	63.449800	63.705200	63.678400	63.922700	64.347600	64.113700	64.781900	64.509500	65.019900
Indonesian Rupiah	11,229.000000	11,199.100000	11,203.300000	11,224.400000	11,301.200000	11,295.300000	11,519.800000	11,475.700000	11,615.000000
Iranian Rial	10,250.000000	10,264.100000	10,311.800000	10,311.800000	10,317.900000	10,246.400000	10,390.600000	10,503.200000	10,503.200000
Israeli New Sheqel	6.383820	6.447290	6.487650	6.509870	6.501820	6.449410	6.470270	6.373040	6.344980
Kazakhstani Tenge	NA	NA	NA	NA	NA	NA	NA	NA	NA
Korean Won	1,601.200000	1,604.470000	1,602.310000	1,602.640000	1,605.330000	1,589.470000	1,607.620000	1,595.510000	1,602.940000
Kuwaiti Dinar	0.393597	0.394970	0.395208	NA	0.398319	0.396955	0.400182	0.398745	NA
Libyan Dinar	1.644740	1.644740	1.644740	1.644740	1.644740	1.644740	1.644740	1.644740	1.644740
Malaysian Ringgit	4.921570	4.944420	4.947410	4.965370	4.999400	4.982260	5.036240	5.018140	5.055770
Mauritian Rupee	NA	NA	NA	NA	NA	NA	NA	NA	NA
Mexican Peso	NA	NA	NA	NA	NA	NA	13.253000	NA	13.247200
Nepalese Rupee	101.411000	101.881000	NA	102.313000	103.014000	NA	103.773000	103.400000	NA
New Zealand Dollar	2.679820	2.666330	2.666840	2.647770	2.640770	2.670850	2.665590	2.690090	2.720780
Norwegian Krone	10.134300	10.038100	9.977150	10.002100	9.954310	9.915720	9.842710	9.944510	9.910800
Rial Omani	0.497986	0.500298	0.500601	0.502417	0.505860	0.504126	0.509588	0.507756	0.511564
Pakistani Rupee	77.885300	78.246600	78.293800	78.517000	79.054500	78.784200	79.637500	79.351200	79.904800
Nuevo Sol	NA	NA	NA	NA	NA	NA	NA	NA	NA
Philippine Peso	NA	NA	NA	NA	NA	NA	NA	NA	NA
Polish Zloty	5.239550	5.223650	5.250910	5.254140	5.281060	5.280950	5.305830	5.336810	5.377470
Qatar Riyal	4.714360	4.736240	4.739110	4.756310	4.788880	4.772470	4.824210	4.806860	4.842900
Russian Ruble	NA	NA	NA	NA	NA	NA	NA	NA	NA
Saudi Arabian Riyal	4.856820	4.879380	4.882310	4.900040	4.933620	4.916710	4.969980	4.952110	4.989250
Singapore Dollar	2.319230	2.326480	2.324380	2.319740	2.326950	2.318980	2.338540	2.333040	2.347610
South African Rand	13.338100	13.348000	13.271500	13.362700	13.605600	13.600900	13.633000	13.603800	13.639300
Sri Lanka Rupee	124.599000	125.172000	125.221000	125.721000	NA	126.101000	127.451000	126.981000	127.853000
Swedish Krona	12.417300	12.387100	12.336000	NA	12.271500	12.193400	12.173100	12.195400	12.190400
Swiss Franc	2.017720	2.004450	1.997200	1.991640	1.973050	1.983200	1.961090	1.975170	1.962700
Thai Baht	54.629600	54.811600	54.783700	54.904000	55.089400	54.917600	55.337900	NA	NA
Trinidad And Tobago Dollar	7.933740	NA	7.977470	8.019310	8.076110	8.040460	8.143320	8.107740	8.142200
Tunisian Dinar	NA	NA	NA	NA	NA	NA	NA	NA	NA
U.A.E. Dirham	4.756450	4.778540	4.781420	4.798760	4.831640	4.815100	4.867270	4.849780	4.886130
Peso Uruguayo	NA	NA	NA	NA	NA	NA	NA	NA	NA
Bolivar Fuerte	NA	NA	NA	NA	NA	NA	NA	NA	NA

Notes:


The value of the U.S. dollar in terms of the SDR is the reciprocal of the sum of the dollar values, based on market exchange rates, of specified quantities of the SDR basket currencies. See SDR Valuation.

These rates are the official rates used by the Fund to conduct operations with member countries. The rates are derived from the currency's representative exchange rate, as reported by the central bank, normally against the U.S. dollar at spot market rates and rounded to six significant digits. See Representative Exchange Rates for Selected Currencies.

The value in terms of each national currency of the SDR (shown above) is the reciprocal of the value in terms of the SDR of each national currency, rounded to six significant digits.

Exchange rates are published daily except on IMF holidays or whenever the IMF is closed for business.
