Currency units per SDR for September 2002
Currency	September 02, 2002	September 03, 2002	September 04, 2002	September 05, 2002	September 06, 2002	September 09, 2002	September 10, 2002	September 11, 2002	September 12, 2002	September 13, 2002	September 16, 2002
Chinese Yuan	NA	11.023900	11.022800	11.047200	11.015900	10.965200	10.932100	10.929200	10.930900	10.955600	10.866400
Euro	1.349670	1.343960	1.338820	1.338000	1.341910	1.352640	1.353270	1.354440	1.353560	1.349290	1.355850
Japanese Yen	157.322000	157.094000	156.211000	157.556000	157.779000	157.052000	156.580000	158.190000	158.718000	158.534000	NA
U.K. Pound Sterling	0.855798	0.854474	0.852086	0.850203	0.849012	0.849380	0.851136	0.848615	0.850123	0.847522	0.851520
U.S. Dollar	1.325370	1.331870	1.331730	1.334650	1.330910	1.324770	1.320790	1.320450	1.320670	1.323650	1.312880
Algerian Dinar	NA	NA	NA	NA	NA	NA	NA	NA	NA	NA	NA
Australian Dollar	2.415920	NA	2.451180	2.456120	2.444280	2.417030	2.401440	NA	2.392080	2.400100	2.392700
Bahrain Dinar	0.498341	0.500781	0.500729	0.501829	0.500420	0.498115	0.496618	0.496487	0.496571	0.497693	0.493642
Botswana Pula	NA	8.445590	8.433980	8.362460	8.333820	8.305790	8.343620	8.346690	8.361270	8.335350	8.346340
Brazilian Real	4.004610	4.032630	4.125680	4.179730	4.192890	4.209460	4.134620	4.132740	4.113210	4.133910	4.135290
Brunei Dollar	2.322580	2.328640	2.322000	2.331640	2.321770	2.318090	2.311520	2.320690	2.321470	2.331750	2.334560
Canadian Dollar	NA	2.070120	2.085880	2.091670	2.080740	2.074060	2.076290	2.080360	2.093120	2.098920	2.077620
Chilean Peso	NA	944.644000	951.629000	957.414000	954.326000	949.929000	946.253000	949.650000	951.221000	954.763000	947.266000
Colombian Peso	3,583.210000	3,568.750000	3,565.550000	3,596.240000	3,613.110000	3,592.970000	3,570.940000	3,575.220000	3,590.690000	3,614.780000	3,598.970000
Czech Koruna	NA	40.800500	40.700200	40.548000	40.515500	40.603000	40.494200	40.351500	40.416300	40.616400	41.182300
Danish Krone	10.021000	9.980340	9.942530	9.937200	9.964630	10.044600	10.049800	10.057900	10.051100	10.020200	10.069400
Hungarian Forint	329.925000	330.157000	329.110000	328.152000	328.468000	330.279000	329.380000	329.293000	329.347000	328.902000	330.385000
Icelandic Krona	117.004000	117.710000	117.711000	116.075000	115.576000	NA	114.843000	114.483000	114.568000	114.575000	NA
Indian Rupee	64.254100	64.555700	64.522000	64.690600	64.589100	64.278100	NA	NA	64.012700	64.130900	63.543300
Indonesian Rupiah	NA	11,769.700000	11,775.100000	11,842.400000	11,801.200000	11,752.100000	11,708.800000	11,744.100000	11,755.200000	11,820.200000	11,861.800000
Iranian Rial	10,531.100000	NA	10,568.400000	10,568.600000	NA	NA	10,513.400000	10,484.400000	10,484.400000	10,484.400000	10,509.800000
Israeli New Sheqel	NA	6.238460	NA	6.331600	NA	6.274120	6.261900	6.294570	6.263900	6.262210	NA
Kazakhstani Tenge	NA	NA	NA	NA	NA	NA	NA	NA	NA	NA	NA
Korean Won	1,591.110000	1,604.370000	1,597.940000	1,595.040000	1,588.970000	1,582.570000	1,579.670000	1,582.820000	1,588.500000	1,592.220000	1,577.290000
Kuwaiti Dinar	0.399918	NA	0.400769	0.401650	NA	0.399446	0.398246	0.398656	0.398722	NA	0.397000
Libyan Dinar	1.644740	1.644740	1.644740	1.644740	1.644740	1.644740	1.644740	1.644740	1.644740	1.644740	1.644740
Malaysian Ringgit	5.036410	5.061090	5.060550	5.071690	5.057450	5.034130	5.019020	5.017710	5.018520	5.029880	4.988920
Mauritian Rupee	NA	NA	NA	NA	39.519000	39.453000	39.281000	NA	39.143400	39.185000	39.213500
Mexican Peso	13.146000	13.290600	13.337800	13.358000	13.258600	13.195400	13.143400	13.158800	13.209700	13.193400	13.086000
Nepalese Rupee	103.783000	104.292000	104.268000	104.497000	104.203000	103.723000	NA	103.384000	103.401000	103.636000	102.792000
New Zealand Dollar	2.838670	2.844050	2.860240	2.864070	2.854800	2.815670	2.798890	2.815450	2.784450	2.783710	2.782110
Norwegian Krone	NA	NA	9.964230	9.876450	9.867770	9.952720	10.002000	9.994500	9.977050	9.934140	9.953910
Rial Omani	0.509606	0.512104	0.512049	0.513173	0.511734	0.509375	0.507846	0.507712	0.507795	0.508945	0.504801
Pakistani Rupee	78.677600	79.063300	79.054500	79.228600	78.969000	78.605200	78.368700	78.348400	78.361300	78.461500	77.822200
Nuevo Sol	NA	NA	NA	NA	NA	NA	NA	NA	NA	NA	NA
Philippine Peso	NA	NA	NA	NA	NA	NA	NA	NA	NA	NA	NA
Polish Zloty	5.470070	5.496890	NA	5.527460	5.545880	5.524160	5.489620	NA	5.492910	5.508120	5.507640
Qatar Riyal	4.824370	4.847990	4.847470	4.858140	4.844490	4.822180	4.807690	4.806420	4.807230	4.818090	4.778860
Russian Ruble	NA	NA	NA	NA	NA	NA	NA	NA	NA	NA	NA
Saudi Arabian Riyal	4.970150	4.994510	4.993980	5.004950	4.990890	4.967910	4.952970	4.951670	4.952510	4.963720	4.923270
Singapore Dollar	2.322580	2.328640	2.322000	2.331640	2.321770	2.318090	2.311520	2.320690	2.321470	2.331750	2.334560
South African Rand	14.072200	14.271600	14.267500	14.086600	13.985800	13.929300	13.998400	14.038300	13.983900	13.944000	14.040500
Sri Lanka Rupee	127.595000	128.197000	128.114000	128.326000	127.903000	127.283000	126.897000	126.843000	126.862000	127.231000	126.184000
Swedish Krona	12.468500	12.532900	12.518200	12.435600	12.430700	12.403200	12.389100	12.415500	12.387800	12.475400	12.393500
Swiss Franc	1.985940	1.975160	1.964960	1.953530	1.959490	1.970470	1.978950	NA	1.984040	1.979520	1.991500
Thai Baht	55.995700	56.267300	NA	56.294300	56.248000	56.081800	NA	56.084600	56.024000	56.378400	56.622900
Trinidad And Tobago Dollar	8.185920	8.217330	NA	8.281020	8.224630	8.167470	8.174540	8.192560	8.159340	8.201760	8.148370
Tunisian Dinar	NA	NA	NA	NA	NA	NA	NA	NA	NA	NA	NA
U.A.E. Dirham	4.867440	4.891290	4.890760	4.901500	4.887750	4.865230	4.850630	4.849350	4.850150	4.861120	4.821530
Peso Uruguayo	NA	NA	NA	NA	NA	NA	NA	NA	NA	NA	NA
Bolivar Fuerte	NA	NA	NA	NA	NA	NA	NA	NA	NA	NA	NA

Currency units per SDR for September 2002 Continued

Currency	September 17, 2002	September 18, 2002	September 19, 2002	September 20, 2002	September 23, 2002	September 24, 2002	September 25, 2002	September 26, 2002	September 27, 2002	September 30, 2002
Chinese Yuan	10.838000	10.890100	10.925400	10.909800	10.926500	10.898900	10.909300	10.913800	10.910600	10.948200
Euro	1.357060	1.352920	1.345020	1.346360	1.342800	1.339830	1.348910	1.346020	1.347960	1.341470
Japanese Yen	160.732000	160.452000	160.645000	161.729000	NA	162.821000	161.524000	162.051000	161.278000	160.774000
U.K. Pound Sterling	0.855498	0.855249	0.850138	0.850601	0.847853	0.847300	0.845702	0.844794	0.847537	0.845873
U.S. Dollar	1.309420	1.315720	1.320010	1.318090	1.320100	1.316790	1.318020	1.318560	1.318170	1.322690
Algerian Dinar	NA	NA	NA	NA	NA	NA	NA	NA	NA	NA
Australian Dollar	2.384240	2.407530	2.399580	2.402190	2.416000	2.428610	2.414400	2.425610	2.421330	2.433660
Bahrain Dinar	0.492344	0.494709	0.496322	0.495599	0.496359	0.495113	0.495577	0.495778	0.495631	0.497332
Botswana Pula	8.329650	8.322030	8.312410	8.300270	8.365680	8.371210	8.341950	8.313730	8.306060	8.334580
Brazilian Real	4.173920	4.241870	4.386640	4.459750	4.523860	4.666700	4.772290	4.911490	4.944180	5.096740
Brunei Dollar	2.333920	2.337240	2.335750	2.339870	2.348070	2.344540	2.349240	2.353890	2.343840	2.350420
Canadian Dollar	2.067850	2.083170	2.075710	2.073350	2.091700	2.087770	2.083790	2.079370	2.079680	2.097530
Chilean Peso	949.019000	NA	NA	960.486000	978.330000	986.456000	984.126000	982.463000	982.048000	988.875000
Colombian Peso	3,612.640000	3,662.210000	3,677.280000	3,676.160000	3,716.160000	3,678.270000	3,704.250000	3,695.030000	3,724.260000	3,740.680000
Czech Koruna	41.258700	40.853000	40.521600	40.354500	40.572100	40.611100	40.977400	40.773900	40.858000	40.645100
Danish Krone	10.079300	10.050800	9.992210	10.003700	9.976560	9.950940	10.018700	9.997700	10.012000	9.963730
Hungarian Forint	331.285000	329.574000	328.087000	325.791000	326.012000	327.643000	327.147000	327.873000	327.565000	327.181000
Icelandic Krona	NA	NA	116.557000	NA	NA	114.811000	114.484000	115.598000	114.773000	114.797000
Indian Rupee	63.389400	63.693900	63.914900	63.861400	63.919400	63.745800	63.805600	63.805200	63.773100	NA
Indonesian Rupiah	11,856.800000	11,878.300000	11,878.700000	11,908.900000	11,937.700000	11,928.800000	11,875.400000	11,880.200000	11,879.300000	11,924.100000
Iranian Rial	10,428.200000	10,403.300000	10,454.700000	NA	10,478.800000	10,497.400000	10,471.100000	10,482.200000	10,482.200000	10,483.400000
Israeli New Sheqel	6.176580	6.244380	6.325470	6.346590	6.372150	6.361400	6.445130	6.388430	6.389160	6.442840
Kazakhstani Tenge	NA	NA	NA	NA	NA	NA	NA	NA	NA	NA
Korean Won	1,593.960000	1,603.860000	1,600.900000	NA	1,598.250000	1,608.200000	1,615.630000	1,613.920000	1,617.790000	1,620.960000
Kuwaiti Dinar	0.396390	0.397807	0.398866	NA	0.398896	0.398105	0.398069	0.398443	NA	0.399202
Libyan Dinar	1.644740	1.644740	1.644740	1.644740	1.644740	1.644740	1.644740	1.644740	1.644740	1.644740
Malaysian Ringgit	4.975820	4.999730	5.016030	5.008720	5.016380	5.003800	5.008490	5.010520	5.009040	5.026240
Mauritian Rupee	38.902000	38.852900	39.030800	NA	39.042200	39.016000	39.028400	39.059300	39.104800	39.206000
Mexican Peso	13.049500	13.172400	13.283000	13.479400	13.673400	13.487200	13.518300	13.405400	13.414600	13.531000
Nepalese Rupee	102.521000	103.014000	103.350000	NA	NA	103.098000	103.195000	NA	103.206000	103.560000
New Zealand Dollar	2.783050	2.806560	2.788350	2.789600	2.803960	2.813050	2.795080	2.798890	2.805810	2.816640
Norwegian Krone	9.982530	9.963630	9.851630	9.911880	9.876250	9.808920	9.866600	9.855620	9.883860	9.848340
Rial Omani	0.503474	0.505894	0.507542	0.506804	0.507578	0.506306	0.506781	0.506986	0.506837	0.508575
Pakistani Rupee	77.618100	77.991000	78.245400	78.131100	78.250900	78.054300	78.127400	78.159800	78.016500	78.284600
Nuevo Sol	NA	NA	NA	NA	NA	NA	NA	NA	NA	NA
Philippine Peso	NA	NA	NA	NA	NA	NA	NA	NA	NA	NA
Polish Zloty	5.485580	5.489560	5.462570	5.440020	5.453870	5.468900	5.447780	5.449470	5.466960	5.486790
Qatar Riyal	4.766310	4.789200	4.804830	4.797840	4.805170	4.793110	4.797610	4.799570	4.798140	4.814610
Russian Ruble	NA	NA	NA	NA	NA	NA	NA	NA	NA	NA
Saudi Arabian Riyal	4.910340	4.933930	4.950030	4.942810	4.950370	4.937950	4.942590	4.944600	4.943130	4.960100
Singapore Dollar	2.333920	2.337240	2.335750	2.339870	2.348070	2.344540	2.349240	2.353890	2.343840	2.350420
South African Rand	13.910700	13.957800	13.904300	13.890600	14.047900	NA	13.999400	13.903600	13.898100	13.939200
Sri Lanka Rupee	125.845000	126.454000	126.960000	NA	126.988000	126.702000	126.829000	126.990000	126.991000	127.344000
Swedish Krona	12.315100	12.361200	12.243100	12.165900	12.161400	12.236300	12.254300	12.298900	12.357800	12.277900
Swiss Franc	1.998700	1.985420	1.974990	1.966980	1.961410	1.972950	1.973610	1.971510	1.976990	1.961820
Thai Baht	56.540900	56.544100	56.702200	56.976800	57.194800	57.193500	57.212800	57.412900	57.221700	57.357200
Trinidad And Tobago Dollar	8.077610	8.148900	8.180360	8.207820	8.197330	NA	8.221720	8.190480	8.220240	8.241580
Tunisian Dinar	NA	NA	NA	NA	NA	NA	NA	NA	NA	NA
U.A.E. Dirham	4.808870	4.831970	4.847730	4.840670	4.848090	4.835920	4.840440	4.842400	4.840970	4.857600
Peso Uruguayo	NA	NA	NA	NA	NA	NA	NA	NA	NA	NA
Bolivar Fuerte	NA	NA	NA	NA	NA	NA	NA	NA	NA	NA

Notes:


The value of the U.S. dollar in terms of the SDR is the reciprocal of the sum of the dollar values, based on market exchange rates, of specified quantities of the SDR basket currencies. See SDR Valuation.

These rates are the official rates used by the Fund to conduct operations with member countries. The rates are derived from the currency's representative exchange rate, as reported by the central bank, normally against the U.S. dollar at spot market rates and rounded to six significant digits. See Representative Exchange Rates for Selected Currencies.

The value in terms of each national currency of the SDR (shown above) is the reciprocal of the value in terms of the SDR of each national currency, rounded to six significant digits.

Exchange rates are published daily except on IMF holidays or whenever the IMF is closed for business.
