Currency units per SDR for March 2002
Currency	March 01, 2002	March 04, 2002	March 05, 2002	March 06, 2002	March 07, 2002	March 08, 2002	March 11, 2002	March 12, 2002	March 13, 2002	March 14, 2002	March 15, 2002
Chinese Yuan	10.294800	10.289400	10.307400	10.319600	10.373800	10.390600	10.363400	10.356300	10.354200	10.389800	10.397900
Euro	1.433160	1.437360	1.434450	1.431180	1.430060	1.427010	1.432420	1.432800	1.432270	1.425870	1.418910
Japanese Yen	166.115000	165.031000	164.827000	164.646000	162.868000	160.244000	161.456000	160.912000	161.747000	161.732000	162.359000
U.K. Pound Sterling	0.875327	0.877701	0.877031	0.877008	0.881244	0.881314	0.881624	0.884158	0.886124	0.885065	0.881764
U.S. Dollar	1.243840	1.243170	1.245390	1.246840	1.253310	1.255340	1.252080	1.251260	1.250940	1.255200	1.256160
Algerian Dinar	NA	NA	NA	NA	NA	NA	NA	NA	NA	NA	NA
Australian Dollar	2.402630	2.390720	2.393130	2.400550	2.392720	2.393860	2.402770	2.398890	2.407050	2.413380	2.400000
Bahrain Dinar	0.467683	0.467434	0.468266	0.468812	0.471245	0.472008	0.470783	0.470475	0.470356	0.471954	0.472317
Botswana Pula	8.392990	8.293320	8.185250	8.284660	8.360990	8.757180	8.546640	8.517820	8.630210	8.591360	8.639380
Brazilian Real	2.919790	2.932400	2.917200	2.898040	2.946780	2.969510	2.951660	2.937840	2.938220	2.932140	2.943570
Brunei Dollar	2.277720	2.275880	2.278680	2.278110	2.285030	2.283720	2.282920	2.276420	2.280470	2.289480	2.290240
Canadian Dollar	1.984170	1.976020	1.980410	1.974000	1.983110	1.990470	1.983550	1.983880	1.993000	2.000160	1.992020
Chilean Peso	685.307000	685.161000	685.857000	686.662000	688.905000	689.736000	687.942000	688.094000	688.345000	690.684000	690.465000
Colombian Peso	2,868.860000	2,867.170000	2,863.330000	NA	2,870.070000	2,874.510000	2,859.540000	2,840.220000	2,838.600000	2,850.120000	2,854.350000
Czech Koruna	45.225900	45.251500	45.303400	45.128200	45.357200	45.188500	45.300300	45.204300	45.211600	45.027600	44.747100
Danish Krone	10.649600	10.679600	10.657500	10.636100	10.627200	10.606200	10.645300	10.648100	10.643200	10.597400	10.547200
Hungarian Forint	352.604000	352.589000	350.065000	348.966000	348.684000	352.223000	350.709000	350.892000	350.890000	350.100000	NA
Icelandic Krona	NA	NA	NA	NA	NA	NA	125.496000	126.402000	126.320000	125.746000	125.566000
Indian Rupee	60.637300	60.542600	60.650200	60.721200	61.061200	61.197600	61.013900	NA	60.983400	61.153100	61.187500
Indonesian Rupiah	12,594.000000	12,531.300000	12,504.900000	12,373.700000	12,520.500000	12,474.300000	12,492.000000	12,485.100000	12,501.900000	12,501.800000	NA
Iranian Rial	2,174.570000	2,179.830000	2,178.660000	2,182.550000	2,185.090000	2,185.090000	2,199.980000	2,194.270000	2,192.830000	2,192.830000	2,192.830000
Israeli New Sheqel	5.814970	5.814330	5.845830	5.880100	5.881760	5.853640	5.839720	5.843410	5.849420	5.855490	5.851200
Kazakhstani Tenge	NA	NA	NA	NA	NA	NA	NA	NA	NA	NA	NA
Korean Won	NA	1,648.450000	1,643.290000	1,640.340000	1,648.230000	1,650.900000	1,640.980000	1,647.410000	1,650.500000	1,657.240000	1,661.530000
Kuwaiti Dinar	NA	0.382799	NA	0.383516	0.384954	NA	0.384577	0.384326	0.384228	NA	NA
Libyan Dinar	1.644740	1.644740	1.644740	1.644740	1.644740	1.644740	1.644740	1.644740	1.644740	1.644740	1.644740
Malaysian Ringgit	4.726590	4.724070	4.732470	4.738010	4.762560	4.770290	4.757920	4.754800	4.753600	4.769740	4.773430
Mauritian Rupee	NA	NA	NA	NA	NA	NA	NA	NA	NA	NA	NA
Mexican Peso	NA	NA	NA	NA	NA	NA	NA	NA	NA	NA	NA
Nepalese Rupee	NA	96.563300	96.735200	96.848500	97.351100	97.508700	97.255500	NA	97.167600	97.497200	97.572400
New Zealand Dollar	2.950980	2.920300	2.926190	2.941360	2.916710	2.914650	2.922010	2.925560	2.916970	2.924840	2.906110
Norwegian Krone	11.043900	11.055400	11.028800	11.029300	11.028600	11.016500	11.066900	11.056100	11.093600	11.071200	11.021400
Rial Omani	0.478256	0.478000	0.478852	0.479412	0.481898	0.482679	0.481427	0.481109	0.480989	0.482623	0.482994
Pakistani Rupee	74.844100	74.803800	74.937200	75.024900	75.413600	75.536100	75.340400	75.290400	75.271700	75.527600	75.479700
Nuevo Sol	NA	NA	NA	NA	NA	NA	NA	NA	NA	NA	NA
Philippine Peso	NA	NA	NA	NA	NA	NA	NA	NA	NA	NA	NA
Polish Zloty	5.265290	5.208660	5.186020	5.171030	5.185700	5.224360	5.191650	5.185970	5.207680	NA	5.169860
Qatar Riyal	4.527570	4.525150	4.533190	4.538500	4.562040	4.569440	4.557570	4.554580	4.553440	4.568920	4.572430
Russian Ruble	NA	NA	NA	NA	NA	NA	NA	NA	NA	NA	NA
Saudi Arabian Riyal	4.664400	4.661900	4.670190	4.675650	4.699910	4.707520	4.695320	4.692240	4.691050	4.706990	4.710600
Singapore Dollar	2.277720	2.275880	2.278680	2.278110	2.285030	2.283720	2.282920	2.276420	2.280470	2.289480	2.290240
South African Rand	14.133100	13.896800	13.666200	13.850500	14.081600	14.717000	14.425900	14.366400	14.775500	14.643800	14.761800
Sri Lanka Rupee	116.529000	116.621000	117.069000	117.407000	118.215000	118.476000	118.169000	NA	118.218000	118.697000	118.956000
Swedish Krona	13.019900	13.037800	12.961400	12.929800	12.927900	12.945700	12.974700	12.978700	13.053600	13.047800	12.979300
Swiss Franc	2.115150	2.126700	2.118900	2.116140	2.107060	2.100060	2.109010	2.104250	2.100960	2.087140	2.076810
Thai Baht	NA	54.227300	54.303900	54.307400	54.367300	54.197900	54.287900	54.059600	54.109600	54.267300	54.323900
Trinidad And Tobago Dollar	7.775260	7.781500	7.778830	7.809330	7.854840	7.855890	7.840430	7.824540	7.804270	7.850770	7.874390
Tunisian Dinar	NA	NA	NA	NA	NA	NA	NA	NA	NA	NA	NA
U.A.E. Dirham	4.568000	4.565560	4.573690	4.579030	4.602780	4.610230	4.598270	4.595250	4.594090	4.609720	4.613250
Peso Uruguayo	NA	NA	NA	NA	NA	NA	NA	NA	NA	NA	NA
Bolivar Fuerte	NA	NA	NA	NA	NA	NA	NA	NA	NA	NA	NA

Currency units per SDR for March 2002 Continued

Currency	March 18, 2002	March 19, 2002	March 20, 2002	March 21, 2002	March 22, 2002	March 25, 2002	March 26, 2002	March 27, 2002	March 28, 2002	March 29, 2002
Chinese Yuan	10.359300	10.379000	10.353700	10.379400	10.351900	10.331400	10.320700	10.335100	10.320400	10.321200
Euro	1.423490	1.420190	1.419160	1.422220	1.422040	1.425080	1.427150	1.427650	1.429180	NA
Japanese Yen	163.262000	164.447000	165.437000	NA	165.528000	165.702000	165.963000	165.817000	165.328000	166.089000
U.K. Pound Sterling	0.879376	0.878009	0.879453	0.875741	0.876263	0.875028	0.875082	0.876409	0.876063	NA
U.S. Dollar	1.251530	1.253880	1.250840	1.253970	1.250690	1.248220	1.246900	1.248620	1.246820	1.246910
Algerian Dinar	NA	NA	NA	NA	NA	NA	NA	NA	NA	NA
Australian Dollar	2.382060	2.393360	2.372170	2.365990	2.357560	2.355580	2.357100	2.367060	2.345400	NA
Bahrain Dinar	0.470577	0.471460	0.470318	0.471494	0.470259	0.469332	0.468836	0.469481	0.468803	0.468839
Botswana Pula	8.724560	8.611860	8.532350	8.553730	8.540000	8.497120	8.534610	8.499790	8.447230	8.447940
Brazilian Real	2.945360	2.933830	2.929970	2.930790	2.934990	2.933330	NA	2.933510	2.912940	NA
Brunei Dollar	2.281540	2.294230	2.287170	2.291260	2.287260	2.287990	2.296800	2.304960	2.297260	NA
Canadian Dollar	1.987180	1.986030	1.975210	1.982160	1.971960	1.978690	1.985190	1.989430	1.986800	NA
Chilean Peso	687.578000	690.112000	688.317000	690.198000	688.577000	687.659000	687.569000	688.715000	687.592000	NA
Colombian Peso	2,851.690000	NA	2,845.080000	2,858.560000	2,851.560000	NA	2,836.040000	2,823.600000	NA	NA
Czech Koruna	44.766200	44.573000	44.412500	44.386800	44.286800	44.331900	44.377200	44.431000	44.361600	44.083400
Danish Krone	10.579800	10.557800	10.548900	10.573000	10.571300	10.593600	10.608800	10.612000	NA	NA
Hungarian Forint	348.477000	348.793000	348.547000	346.373000	346.840000	346.732000	347.948000	347.842000	348.273000	348.113000
Icelandic Krona	125.103000	126.153000	125.822000	126.175000	124.894000	125.097000	NA	124.513000	NA	NA
Indian Rupee	60.962200	61.101900	60.953700	61.131000	60.996100	NA	60.799100	60.970400	60.844600	NA
Indonesian Rupiah	12,494.000000	12,497.500000	12,460.900000	12,395.500000	12,334.300000	12,256.300000	12,082.500000	11,914.400000	12,038.000000	NA
Iranian Rial	2,201.420000	2,193.310000	2,193.310000	2,193.310000	2,193.310000	2,193.310000	2,190.990000	9,850.470000	9,894.030000	9,894.030000
Israeli New Sheqel	5.817130	5.802990	5.781420	5.812160	5.805680	5.822960	5.820550	NA	NA	NA
Kazakhstani Tenge	NA	NA	NA	NA	NA	NA	NA	NA	NA	NA
Korean Won	1,655.030000	1,660.270000	1,660.240000	1,663.650000	1,659.290000	1,658.140000	1,658.630000	1,662.670000	1,655.270000	NA
Kuwaiti Dinar	0.383970	0.384954	0.384234	0.384983	NA	0.383655	0.383247	0.383777	0.383221	NA
Libyan Dinar	1.644740	1.644740	1.644740	1.644740	1.644740	1.644740	1.644740	1.644740	1.644740	1.644740
Malaysian Ringgit	4.755840	4.764760	4.753210	4.765100	4.752600	4.743250	4.738240	4.744780	4.737900	4.738260
Mauritian Rupee	NA	NA	NA	NA	NA	NA	NA	NA	NA	NA
Mexican Peso	NA	NA	NA	NA	NA	NA	NA	NA	NA	NA
Nepalese Rupee	97.212900	97.395600	97.159100	97.402300	97.146800	96.924600	96.822300	96.955600	NA	96.822300
New Zealand Dollar	2.873790	2.879180	2.887450	2.851560	2.854140	2.849170	2.860200	2.863160	2.848560	NA
Norwegian Krone	11.029900	10.991500	10.949500	10.949700	10.939800	10.976600	11.004200	NA	NA	NA
Rial Omani	0.481213	0.482118	0.480950	0.482153	0.480889	0.479943	0.479435	0.480095	0.479400	0.479437
Pakistani Rupee	75.201500	75.342600	75.160300	75.348300	75.192500	75.044700	74.965300	75.068300	74.959700	74.965900
Nuevo Sol	NA	NA	NA	NA	NA	NA	NA	NA	NA	NA
Philippine Peso	NA	NA	NA	NA	NA	NA	NA	NA	NA	NA
Polish Zloty	5.144560	5.149330	5.148350	5.145810	5.138460	5.151290	5.155060	5.139220	5.133520	5.152360
Qatar Riyal	4.555580	4.564150	4.553070	4.564460	4.552490	4.543530	4.538730	4.544980	4.538420	4.538770
Russian Ruble	NA	NA	NA	NA	NA	NA	NA	NA	NA	NA
Saudi Arabian Riyal	4.693250	4.702050	4.690670	4.702410	4.690080	4.680840	4.675890	4.682330	4.675560	4.675910
Singapore Dollar	2.281540	2.294230	2.287170	2.291260	2.287260	2.287990	2.296800	2.304960	2.297260	NA
South African Rand	14.932700	14.713700	14.530400	NA	14.499800	14.397600	14.474700	14.344800	14.196900	NA
Sri Lanka Rupee	118.717000	NA	118.601000	119.104000	119.268000	118.872000	119.025000	119.420000	NA	NA
Swedish Krona	12.950200	12.886800	12.852400	12.827900	12.775800	12.856700	12.830600	12.857700	12.889000	NA
Swiss Franc	2.083300	2.080320	2.083160	2.075450	2.074640	2.082040	2.084940	2.092190	2.098270	NA
Thai Baht	54.208800	54.483700	54.310300	54.318300	54.219600	54.169100	54.073100	54.090300	54.084500	54.262000
Trinidad And Tobago Dollar	7.829570	7.814090	7.834410	7.845350	7.818670	7.812870	7.785680	7.804030	7.809210	NA
Tunisian Dinar	NA	NA	NA	NA	NA	NA	NA	NA	NA	NA
U.A.E. Dirham	4.596260	4.604880	4.593730	4.605220	4.593140	4.584110	4.579260	4.585580	4.578920	4.579280
Peso Uruguayo	NA	NA	NA	NA	NA	NA	NA	NA	NA	NA
Bolivar Fuerte	NA	NA	NA	NA	NA	NA	NA	NA	NA	NA

Notes:


The value of the U.S. dollar in terms of the SDR is the reciprocal of the sum of the dollar values, based on market exchange rates, of specified quantities of the SDR basket currencies. See SDR Valuation.

These rates are the official rates used by the Fund to conduct operations with member countries. The rates are derived from the currency's representative exchange rate, as reported by the central bank, normally against the U.S. dollar at spot market rates and rounded to six significant digits. See Representative Exchange Rates for Selected Currencies.

The value in terms of each national currency of the SDR (shown above) is the reciprocal of the value in terms of the SDR of each national currency, rounded to six significant digits.

Exchange rates are published daily except on IMF holidays or whenever the IMF is closed for business.
