Currency units per SDR for March 2003
Currency	March 03, 2003	March 04, 2003	March 05, 2003	March 06, 2003	March 07, 2003	March 10, 2003	March 11, 2003	March 12, 2003	March 13, 2003	March 14, 2003	March 17, 2003
Chinese Yuan	11.338700	11.388500	11.422600	11.420300	11.455600	11.460100	11.464900	11.462800	11.393200	11.336800	11.345000
Euro	1.268350	1.260070	1.258390	1.258490	1.253700	1.253880	1.250130	1.255800	1.267020	1.271160	1.269020
Japanese Yen	161.940000	161.734000	161.938000	161.948000	162.436000	161.686000	161.923000	162.656000	162.426000	161.896000	161.602000
U.K. Pound Sterling	0.869558	0.870034	0.865936	0.860689	0.861586	0.866521	0.865014	0.858480	0.856876	0.859269	0.867400
U.S. Dollar	1.369820	1.375870	1.379950	1.379690	1.383960	1.384530	1.385150	1.384900	1.376490	1.369680	1.370670
Algerian Dinar	NA	NA	NA	NA	NA	NA	NA	NA	NA	NA	NA
Australian Dollar	2.258560	2.239740	2.236190	2.246680	2.253280	2.257880	2.255570	2.288710	2.322790	2.301200	2.280270
Bahrain Dinar	0.515052	0.517328	0.518863	0.518761	0.520370	0.520584	0.520814	0.520722	0.517561	0.514997	0.515371
Botswana Pula	7.143780	7.104950	7.093050	7.119110	7.139340	7.109290	7.079700	7.170050	7.172930	7.233590	7.172520
Brazilian Real	NA	NA	4.915940	4.915670	4.878760	4.846140	4.885820	4.854490	4.783980	4.695940	4.653440
Brunei Dollar	2.380880	2.385900	2.390220	2.394030	2.400760	2.401890	2.404200	2.411380	2.407620	2.401730	2.403740
Canadian Dollar	2.033630	2.032440	2.031710	2.029650	2.029170	2.029170	2.039070	2.038990	2.044090	2.030130	2.033390
Chilean Peso	NA	1,029.300000	1,038.820000	1,042.380000	1,044.100000	1,047.800000	1,050.230000	1,045.280000	1,037.310000	1,024.640000	1,014.710000
Colombian Peso	4,051.750000	4,072.540000	4,087.510000	4,084.930000	4,096.680000	4,097.870000	4,102.700000	4,103.120000	4,077.140000	NA	4,055.630000
Czech Koruna	40.365900	40.219600	40.082100	40.070200	39.927300	39.837100	39.730200	39.757600	40.032500	40.194500	40.230600
Danish Krone	NA	9.360930	9.346410	9.346230	9.309510	9.311420	9.284790	9.327580	9.409820	9.443670	9.426490
Hungarian Forint	310.441000	309.104000	308.392000	308.953000	307.779000	308.239000	307.710000	307.987000	309.159000	310.930000	310.662000
Icelandic Krona	NA	NA	NA	NA	NA	NA	NA	NA	NA	NA	107.132000
Indian Rupee	65.285700	65.560400	65.727200	65.728100	65.973500	65.987000	66.002200	66.004400	65.603500	NA	65.326200
Indonesian Rupiah	NA	12,221.900000	12,230.500000	12,262.600000	12,282.700000	12,304.300000	12,304.200000	12,297.900000	12,250.800000	12,203.800000	12,225.000000
Iranian Rial	10,983.300000	10,992.800000	11,044.100000	11,081.000000	11,081.000000	11,156.600000	11,171.800000	11,174.000000	NA	NA	11,056.100000
Israeli New Sheqel	6.621680	6.664710	6.703810	6.677660	6.710820	6.713620	6.706860	NA	6.589260	6.567580	6.599790
Kazakhstani Tenge	NA	NA	NA	NA	NA	NA	NA	NA	NA	NA	NA
Korean Won	1,630.490000	1,643.200000	1,646.560000	1,648.590000	1,671.970000	1,686.360000	1,702.480000	1,712.700000	1,703.130000	1,709.220000	1,701.000000
Kuwaiti Dinar	0.410561	0.411401	0.412620	NA	NA	0.413380	0.413563	NA	0.411984	NA	0.410981
Libyan Dinar	1.644740	1.644740	1.644740	1.644740	1.644740	1.644740	1.644740	1.644740	1.644740	1.644740	1.644740
Malaysian Ringgit	5.205300	5.228320	5.243810	5.242790	5.259060	5.261220	5.263550	5.262600	5.230650	5.204760	5.208550
Mauritian Rupee	37.629200	37.720000	37.802000	37.787800	37.965900	37.902600	37.867300	NA	37.497600	37.300100	37.166000
Mexican Peso	15.054600	15.322700	15.445400	15.487000	15.370900	15.368000	15.243800	15.105500	14.889900	14.858400	14.901000
Nepalese Rupee	106.907000	107.380000	107.699000	107.678000	108.012000	108.056000	108.104000	108.084000	107.428000	106.896000	NA
New Zealand Dollar	2.454430	2.447740	2.450200	2.442570	2.445600	2.460960	2.471270	2.496660	2.534500	2.506270	2.476370
Norwegian Krone	9.808730	9.799500	9.787230	9.855230	9.882890	9.948270	9.918470	9.878790	9.907460	9.884550	9.903540
Rial Omani	0.526696	0.529022	0.530591	0.530490	0.532136	0.532354	0.532589	0.532493	0.529260	0.526640	0.527023
Pakistani Rupee	79.573500	79.925200	80.162200	80.146800	80.202800	80.235600	80.271000	80.068500	79.582400	79.188500	79.246200
Nuevo Sol	NA	NA	NA	NA	NA	NA	NA	NA	NA	NA	NA
Philippine Peso	NA	NA	NA	NA	NA	NA	NA	NA	NA	NA	NA
Polish Zloty	NA	5.437180	5.425140	5.393600	5.391790	5.446060	5.475070	5.489590	5.545450	5.477320	5.519010
Qatar Riyal	4.986140	5.008190	5.023030	5.022050	5.037630	5.039710	5.041920	5.041030	5.010420	4.985620	4.989250
Russian Ruble	NA	NA	NA	NA	NA	NA	NA	NA	NA	NA	NA
Saudi Arabian Riyal	5.136820	5.159530	5.174830	5.173810	5.189870	5.192000	5.194290	5.193380	5.161820	5.136290	5.140010
Singapore Dollar	2.380880	2.385900	2.390220	2.394030	2.400760	2.401890	2.404200	2.411380	2.407620	2.401730	2.403740
South African Rand	11.068100	10.979500	10.929200	11.016800	11.030200	10.951700	10.914900	11.093000	11.149600	11.327200	11.123000
Sri Lanka Rupee	132.731000	133.340000	133.730000	133.708000	134.151000	134.217000	134.276000	134.238000	133.441000	132.740000	132.858000
Swedish Krona	11.619500	11.612400	11.564000	11.565200	11.597600	11.598900	11.617900	11.678200	11.703600	11.703900	11.678100
Swiss Franc	NA	1.840640	1.833540	1.839810	NA	1.842400	1.836700	1.841640	1.856880	1.866870	1.863150
Thai Baht	58.507600	58.639700	58.663100	58.795200	58.923700	58.787200	58.796600	59.009200	58.806200	NA	58.448100
Trinidad And Tobago Dollar	NA	NA	NA	8.631550	NA	8.676710	NA	8.635800	8.632890	8.590770	8.605190
Tunisian Dinar	NA	NA	NA	NA	NA	NA	NA	NA	NA	NA	NA
U.A.E. Dirham	5.030660	5.052900	5.067880	5.066880	5.082620	5.084710	5.086940	5.086030	5.055150	5.030130	5.033780
Peso Uruguayo	NA	NA	NA	NA	NA	NA	NA	NA	NA	NA	NA
Bolivar Fuerte	NA	NA	NA	NA	NA	NA	NA	NA	NA	NA	NA

Currency units per SDR for March 2003 Continued

Currency	March 18, 2003	March 19, 2003	March 20, 2003	March 21, 2003	March 24, 2003	March 25, 2003	March 26, 2003	March 27, 2003	March 28, 2003	March 31, 2003
Chinese Yuan	11.234700	11.243800	11.243000	11.216000	11.248300	11.281700	11.251500	11.289400	11.281300	11.371400
Euro	1.282170	1.285170	1.282410	1.281720	1.277910	1.274910	1.274300	1.271960	1.270230	1.260940
Japanese Yen	161.045000	161.245000	162.999000	NA	164.295000	163.356000	163.021000	163.466000	163.868000	165.061000
U.K. Pound Sterling	0.867792	0.873469	0.867002	0.865673	0.863908	0.864521	0.865464	0.866972	0.871346	0.869648
U.S. Dollar	1.357310	1.358420	1.358330	1.355030	1.358930	1.363010	1.359300	1.363920	1.362950	1.373790
Algerian Dinar	NA	NA	NA	NA	NA	NA	NA	NA	NA	NA
Australian Dollar	2.290040	2.291540	2.292150	2.283890	2.287380	2.285770	2.277640	2.273960	2.274250	2.275990
Bahrain Dinar	0.510347	0.510767	0.510730	0.509492	0.510960	0.512489	0.511096	0.512834	0.512471	0.516545
Botswana Pula	7.191040	7.179830	7.147200	7.133630	7.165480	7.123120	7.041160	7.061450	7.049150	7.079550
Brazilian Real	4.673750	4.659400	4.695470	4.718490	4.682060	4.642680	4.605850	4.601740	NA	4.636390
Brunei Dollar	2.392390	2.400340	2.402610	2.391500	2.402730	2.401620	2.402150	2.413870	2.412020	2.425560
Canadian Dollar	2.006920	2.011010	2.008150	2.019950	2.011360	2.013840	1.999530	2.002510	2.000540	2.018510
Chilean Peso	1,006.590000	1,000.530000	1,001.600000	1,005.680000	997.795000	998.841000	989.932000	989.923000	994.777000	999.241000
Colombian Peso	4,012.840000	NA	4,014.730000	4,003.600000	4,017.100000	4,029.120000	4,022.530000	4,037.000000	4,032.620000	4,064.020000
Czech Koruna	40.488500	40.603400	40.653400	40.585900	40.512600	40.540000	40.546600	40.490700	40.451100	40.275300
Danish Krone	9.523810	9.547270	9.526080	9.520730	9.492530	9.468080	9.463330	9.445990	9.433430	9.364170
Hungarian Forint	313.009000	313.538000	315.295000	315.181000	314.363000	313.656000	314.529000	313.034000	313.738000	311.877000
Icelandic Krona	108.042000	NA	108.313000	108.931000	NA	106.669000	NA	107.286000	NA	105.315000
Indian Rupee	NA	64.755900	64.914400	64.635000	64.766800	64.947300	64.675500	64.840800	64.808400	65.255000
Indonesian Rupiah	12,202.200000	12,259.800000	12,388.000000	12,229.200000	12,203.200000	12,185.300000	12,118.200000	12,159.400000	12,128.900000	12,237.700000
Iranian Rial	11,118.900000	11,037.600000	NA	NA	NA	11,061.700000	11,101.700000	11,076.900000	11,076.900000	11,098.500000
Israeli New Sheqel	NA	NA	6.443920	6.432360	6.411450	6.408860	6.371050	6.407710	6.419520	6.438940
Kazakhstani Tenge	NA	NA	NA	NA	NA	NA	NA	NA	NA	NA
Korean Won	1,685.240000	1,697.490000	1,705.520000	1,698.940000	1,698.120000	1,705.260000	1,693.820000	1,697.810000	1,696.330000	1,721.220000
Kuwaiti Dinar	0.407531	0.407867	0.408327	NA	0.409011	0.409216	0.408103	0.409490	NA	0.411902
Libyan Dinar	1.644740	1.644740	1.644740	1.644740	1.644740	1.644740	1.644740	1.644740	1.644740	1.644740
Malaysian Ringgit	5.157780	5.162010	5.161640	5.149120	5.163960	5.179410	5.165340	5.182900	5.179230	5.220410
Mauritian Rupee	36.734500	36.807600	36.916000	36.728900	36.722700	36.793700	36.776500	36.819500	36.848200	37.182300
Mexican Peso	14.678900	14.757000	14.769700	NA	14.677600	14.611400	14.612200	14.685500	14.542500	14.821700
Nepalese Rupee	105.931000	106.018000	106.011000	105.754000	106.058000	106.376000	106.087000	106.447000	106.372000	107.217000
New Zealand Dollar	2.466040	2.471210	2.471490	2.449010	2.464960	2.467430	2.478210	2.490050	2.480360	2.482450
Norwegian Krone	10.072700	10.125100	10.156600	10.076300	10.034200	9.981330	9.956690	9.974070	9.980240	9.960750
Rial Omani	0.521885	0.522313	0.522278	0.521010	0.522510	0.524076	0.522652	0.524428	0.524057	0.528223
Pakistani Rupee	78.473200	78.537900	78.532400	78.337400	78.562600	78.797900	78.583600	78.850700	78.751300	79.377700
Nuevo Sol	NA	NA	NA	NA	NA	NA	NA	NA	NA	NA
Philippine Peso	NA	NA	NA	NA	NA	NA	NA	NA	NA	NA
Polish Zloty	5.517180	5.527820	5.518220	5.514720	5.537100	5.536670	5.523520	5.533570	5.552130	5.565480
Qatar Riyal	4.940610	4.944670	4.944330	4.932330	4.946530	4.961350	4.947850	4.964680	4.961150	5.000600
Russian Ruble	NA	NA	NA	NA	NA	NA	NA	NA	NA	NA
Saudi Arabian Riyal	5.089910	5.094090	5.093720	5.081380	5.096010	5.111270	5.097390	5.114700	5.111090	5.151720
Singapore Dollar	2.392390	2.400340	2.402610	2.391500	2.402730	2.401620	2.402150	2.413870	2.412020	2.425560
South African Rand	11.170700	11.084700	11.063600	NA	11.068500	11.006300	10.820000	10.843200	10.835500	10.880400
Sri Lanka Rupee	NA	131.671000	131.676000	131.363000	131.762000	132.130000	131.742000	132.203000	132.130000	133.183000
Swedish Krona	11.750900	11.784300	11.739300	11.717700	11.737800	11.738900	11.791900	11.763800	11.745300	11.684100
Swiss Franc	1.888970	1.883050	1.881420	1.890140	1.884300	1.875770	1.883310	1.881940	1.876650	1.859700
Thai Baht	58.219100	NA	58.371300	58.164900	58.383900	58.380200	58.263500	58.461800	58.518500	58.912200
Trinidad And Tobago Dollar	8.510710	8.464180	8.505060	8.454730	NA	8.523550	8.519560	8.539640	8.553220	NA
Tunisian Dinar	NA	NA	NA	NA	NA	NA	NA	NA	NA	NA
U.A.E. Dirham	4.984720	4.988830	4.988450	4.976360	4.990690	5.005630	4.992040	5.008990	5.005460	5.045230
Peso Uruguayo	NA	NA	NA	NA	NA	NA	NA	NA	NA	NA
Bolivar Fuerte	NA	NA	NA	NA	NA	NA	NA	NA	NA	NA

Notes:


The value of the U.S. dollar in terms of the SDR is the reciprocal of the sum of the dollar values, based on market exchange rates, of specified quantities of the SDR basket currencies. See SDR Valuation.

These rates are the official rates used by the Fund to conduct operations with member countries. The rates are derived from the currency's representative exchange rate, as reported by the central bank, normally against the U.S. dollar at spot market rates and rounded to six significant digits. See Representative Exchange Rates for Selected Currencies.

The value in terms of each national currency of the SDR (shown above) is the reciprocal of the value in terms of the SDR of each national currency, rounded to six significant digits.

Exchange rates are published daily except on IMF holidays or whenever the IMF is closed for business.
