Currency units per SDR for August 2003
Currency	August 01, 2003	August 04, 2003	August 05, 2003	August 06, 2003	August 07, 2003	August 08, 2003	August 11, 2003	August 12, 2003	August 13, 2003	August 14, 2003	August 15, 2003
Chinese Yuan	11.459900	11.520100	11.522600	11.553300	11.537900	11.551100	11.518300	11.538300	11.516100	11.518600	11.510700
Euro	1.239610	1.230860	1.228310	1.225230	1.227800	1.232140	1.232030	1.232340	1.233780	1.234820	1.236520
Japanese Yen	166.696000	166.729000	167.532000	167.354000	167.466000	166.375000	165.458000	165.442000	165.749000	166.023000	165.495000
U.K. Pound Sterling	0.863811	0.863461	0.864409	0.864528	0.867355	0.865284	0.870057	0.869361	0.867092	0.865554	0.868598
U.S. Dollar	1.384520	1.391730	1.392040	1.395780	1.393920	1.395530	1.391570	1.394020	1.391330	1.391640	1.390710
Algerian Dinar	NA	NA	NA	NA	NA	NA	NA	NA	NA	NA	NA
Australian Dollar	2.138250	NA	2.150200	2.146700	2.160450	2.140710	2.127460	2.115350	2.128720	2.111750	2.114830
Bahrain Dinar	0.520578	0.523292	0.523407	0.524813	0.524115	0.524720	0.523231	0.524150	0.523141	0.523256	0.522909
Botswana Pula	6.828690	6.877860	6.852270	6.807030	6.746960	6.772770	6.779890	6.805080	6.831950	6.806750	6.762510
Brazilian Real	4.104690	4.174910	4.278020	4.237320	4.235010	4.195090	4.158570	4.173270	4.205850	4.216810	4.190500
Brunei Dollar	2.437030	2.450150	2.454020	2.462860	2.455810	2.447200	2.444440	2.444270	2.444990	2.439830	2.432080
Canadian Dollar	1.933340	NA	1.954840	1.962190	1.942010	1.944670	1.925240	1.930990	1.925180	1.939110	NA
Chilean Peso	977.756000	985.824000	992.832000	995.401000	990.884000	986.962000	977.097000	978.723000	978.828000	980.075000	NA
Colombian Peso	NA	4,017.740000	4,029.370000	4,049.290000	4,024.320000	4,028.960000	4,001.020000	4,005.720000	3,991.030000	3,994.950000	3,984.130000
Czech Koruna	40.051300	39.718600	39.522700	39.398800	39.372700	39.465500	39.608400	39.676600	39.598600	39.734100	39.810700
Danish Krone	9.210480	9.147460	9.130000	9.109290	9.127840	9.160360	9.157840	9.159940	9.170020	9.177010	9.190670
Hungarian Forint	327.799000	324.427000	321.547000	321.630000	320.602000	318.962000	319.380000	318.129000	319.784000	320.592000	321.867000
Icelandic Krona	108.394000	108.959000	108.064000	108.159000	108.266000	108.935000	109.308000	110.169000	111.446000	110.886000	110.756000
Indian Rupee	63.909200	64.172900	64.200900	64.317800	64.148200	64.236000	63.956600	64.027000	63.890000	63.890400	NA
Indonesian Rupiah	11,740.700000	11,847.800000	11,822.600000	12,028.900000	11,954.300000	11,936.000000	11,874.300000	NA	11,873.600000	11,902.700000	11,886.400000
Iranian Rial	11,538.400000	11,436.100000	11,502.600000	11,502.400000	11,530.500000	11,530.500000	11,538.200000	11,511.100000	11,528.500000	11,520.200000	11,520.200000
Israeli New Sheqel	6.140360	6.214070	6.204320	6.187510	NA	6.183570	6.174400	6.195020	6.177530	6.187240	6.178940
Kazakhstani Tenge	NA	NA	NA	NA	NA	NA	NA	NA	NA	NA	NA
Korean Won	1,634.560000	1,642.800000	1,644.550000	1,655.540000	1,653.050000	1,654.400000	1,644.700000	1,645.220000	1,639.410000	1,641.160000	NA
Kuwaiti Dinar	NA	0.417019	0.416873	0.417996	0.417437	NA	NA	0.416908	0.416356	0.416448	NA
Libyan Dinar	1.932370	1.932370	1.932370	1.932370	1.932370	1.932370	1.932370	1.932370	1.932370	1.932370	1.932370
Malaysian Ringgit	5.261160	5.288570	5.289750	5.303970	5.296920	5.303010	5.287980	5.297260	5.287060	5.288240	5.284710
Mauritian Rupee	40.418900	40.519100	40.459900	40.357400	40.268700	40.178900	39.918200	39.998900	39.958100	40.061500	39.893700
Mexican Peso	14.675500	14.733400	14.911100	14.943000	14.915100	14.879500	14.877200	14.978400	14.965400	14.885100	14.918600
Nepalese Rupee	103.901000	104.443000	104.465000	104.746000	104.607000	104.727000	104.966000	NA	NA	104.081000	104.012000
New Zealand Dollar	2.390390	2.385140	2.396350	2.391270	2.415390	2.406910	2.388970	2.373200	2.373070	2.366330	2.363150
Norwegian Krone	10.111600	10.057400	10.105200	10.024800	10.025000	10.057400	10.105100	10.157500	10.217000	10.267500	10.241500
Rial Omani	0.532348	0.535120	0.535237	0.536679	0.535963	0.536581	0.535060	0.536000	0.534968	0.535086	0.534731
Pakistani Rupee	80.004500	80.421400	80.439500	80.655600	80.548400	80.640600	80.412400	80.553600	80.398100	80.416200	80.362600
Nuevo Sol	NA	NA	NA	NA	NA	NA	NA	NA	NA	NA	NA
Philippine Peso	NA	NA	NA	NA	NA	NA	NA	NA	NA	NA	NA
Polish Zloty	5.402810	5.390860	5.347940	5.361760	5.371200	5.370970	5.385120	5.364170	5.408090	5.387030	NA
Qatar Riyal	5.039640	5.065910	5.067010	5.080660	5.073880	5.079730	5.065320	5.074240	5.064450	5.065570	5.062190
Russian Ruble	41.955100	42.214000	42.152700	42.289200	42.286000	42.420900	42.271000	42.311700	42.273100	42.206700	42.212600
Saudi Arabian Riyal	5.191950	5.218990	5.220130	5.234180	5.227200	5.233220	5.218390	5.227560	5.217490	5.218660	5.215180
Singapore Dollar	2.437030	2.450150	2.454020	2.462860	2.455810	2.447200	2.444440	2.444270	2.444990	2.439830	2.432080
South African Rand	10.300800	10.410200	10.391600	NA	10.126800	10.271100	10.235000	10.280900	10.365400	10.214700	10.214800
Sri Lanka Rupee	134.477000	135.158000	135.203000	135.570000	135.389000	135.562000	NA	135.392000	135.121000	135.091000	135.011000
Swedish Krona	11.405000	11.408700	11.303400	11.257000	11.304700	11.307300	11.358700	11.347300	11.412400	NA	11.369100
Swiss Franc	NA	1.889560	1.883430	1.881100	1.886950	1.891640	1.899780	1.900190	NA	1.909190	NA
Thai Baht	58.155400	58.381900	58.500400	58.695400	58.537700	58.444700	58.222100	NA	58.170300	58.031600	57.894200
Trinidad And Tobago Dollar	NA	8.714900	NA	NA	NA	NA	NA	NA	8.695120	8.703900	NA
Tunisian Dinar	NA	NA	NA	NA	NA	NA	NA	NA	NA	NA	NA
U.A.E. Dirham	5.084630	5.111140	5.112270	5.126020	5.119170	5.125080	5.110540	5.119540	5.109650	5.110800	5.107410
Peso Uruguayo	NA	NA	NA	NA	NA	NA	NA	NA	NA	NA	NA
Bolivar Fuerte	NA	NA	NA	NA	NA	NA	NA	NA	NA	NA	NA

Currency units per SDR for August 2003 Continued

Currency	August 18, 2003	August 19, 2003	August 20, 2003	August 21, 2003	August 22, 2003	August 25, 2003	August 26, 2003	August 27, 2003	August 28, 2003	August 29, 2003
Chinese Yuan	11.470400	11.432500	11.445600	11.414600	11.381100	11.377700	11.341000	11.374200	11.348200	11.399800
Euro	1.238700	1.248340	1.244800	1.252740	1.262250	1.262530	1.266840	1.259920	1.266190	1.260430
Japanese Yen	165.415000	164.857000	164.075000	162.877000	162.014000	161.631000	161.042000	161.605000	161.096000	161.209000
U.K. Pound Sterling	0.870671	0.870708	0.869664	0.870997	0.872471	0.873958	0.876155	0.875005	0.875664	0.871688
U.S. Dollar	1.385850	1.381290	1.382850	1.379140	1.375100	1.374640	1.370220	1.374200	1.371030	1.377270
Algerian Dinar	NA	NA	NA	NA	NA	NA	NA	NA	NA	NA
Australian Dollar	2.095970	2.109800	2.110890	2.095320	2.111640	2.111260	2.121740	2.133180	2.153680	2.151980
Bahrain Dinar	0.521080	0.519365	0.519951	0.518557	0.517036	0.516865	0.515201	0.516697	0.515509	0.517853
Botswana Pula	6.725810	6.749510	6.773690	6.783750	6.799020	6.796760	6.784950	6.728030	6.692860	6.706910
Brazilian Real	4.146750	4.121760	4.143700	4.137700	4.128600	4.112650	4.095170	4.107200	4.075530	4.066100
Brunei Dollar	2.422470	2.418080	2.419980	2.399980	2.395970	2.397790	2.396100	2.411710	2.403700	2.420270
Canadian Dollar	1.927580	1.935040	1.939300	1.941000	1.938750	1.921610	1.908990	1.926760	1.915330	1.907650
Chilean Peso	974.849000	971.034000	973.871000	969.096000	961.446000	958.552000	955.192000	959.656000	959.371000	963.243000
Colombian Peso	NA	3,952.330000	3,967.780000	3,946.590000	3,923.920000	3,905.700000	3,896.430000	3,914.890000	3,908.660000	3,920.060000
Czech Koruna	39.937500	40.362600	40.373500	40.719100	40.839200	40.964500	40.983300	41.059700	41.210400	40.888300
Danish Krone	9.206320	9.279800	9.253180	9.311510	9.381920	9.382890	9.414070	9.362160	9.407510	9.360050
Hungarian Forint	321.615000	323.760000	NA	324.291000	324.317000	323.577000	323.960000	324.901000	323.687000	324.732000
Icelandic Krona	110.591000	110.655000	111.388000	111.848000	112.304000	113.037000	113.427000	112.162000	110.121000	110.663000
Indian Rupee	63.555000	63.318000	63.362100	63.219900	63.062000	63.041400	62.852000	62.993300	62.834600	63.147700
Indonesian Rupiah	NA	11,725.700000	11,676.800000	NA	NA	NA	NA	NA	NA	NA
Iranian Rial	11,533.900000	11,494.200000	11,471.600000	11,492.900000	11,492.900000	11,454.600000	11,468.600000	11,440.000000	11,467.700000	11,467.700000
Israeli New Sheqel	6.150400	6.128770	6.153660	6.159230	6.174210	6.157030	6.126250	6.145410	6.124410	6.119200
Kazakhstani Tenge	NA	NA	NA	NA	NA	NA	NA	NA	NA	NA
Korean Won	1,632.950000	1,624.250000	1,629.820000	1,622.420000	1,614.230000	1,609.160000	1,603.840000	1,608.910000	1,609.460000	1,625.040000
Kuwaiti Dinar	0.415091	0.414055	0.414522	0.412887	NA	0.412669	0.411340	0.412616	0.411707	NA
Libyan Dinar	1.932370	1.932370	1.932370	1.932370	1.932370	1.932370	1.932370	1.932370	1.932370	1.932370
Malaysian Ringgit	5.266230	5.248880	5.254810	5.240730	5.225370	5.223650	5.206810	5.221960	5.209930	5.233600
Mauritian Rupee	39.768700	39.663200	39.877200	39.712800	39.580900	39.500100	39.435600	39.579800	39.510200	39.799600
Mexican Peso	14.860500	14.918800	14.987200	14.964600	14.935600	14.949700	14.951500	15.025100	15.054800	15.215400
Nepalese Rupee	NA	103.306000	103.423000	103.146000	102.844000	102.459000	NA	102.426000	102.190000	NA
New Zealand Dollar	2.352090	2.365620	2.365060	2.344680	2.360280	2.358690	2.374730	2.390530	2.423170	2.409070
Norwegian Krone	10.286800	10.401100	10.339300	10.368200	10.459000	10.475200	10.544000	10.498900	10.482200	10.394800
Rial Omani	0.532859	0.531104	0.531706	0.530279	0.528726	0.528550	0.526848	0.528379	0.527162	0.529560
Pakistani Rupee	80.082000	NA	79.907900	79.694000	79.502000	79.475500	NA	NA	NA	79.528600
Nuevo Sol	NA	NA	NA	NA	NA	NA	NA	NA	NA	NA
Philippine Peso	NA	NA	NA	NA	NA	NA	NA	NA	NA	NA
Polish Zloty	5.394850	5.434100	5.438450	5.454640	5.497100	NA	5.508000	5.506670	5.485490	5.501370
Qatar Riyal	5.044490	5.027880	5.033570	5.020080	5.005360	5.003700	4.987580	5.002080	4.990570	5.013260
Russian Ruble	42.025500	41.888700	41.915500	41.822600	41.679300	41.653600	41.601100	41.763900	41.821400	42.011500
Saudi Arabian Riyal	5.196940	5.179820	5.185670	5.171780	5.156630	5.154900	5.138320	5.153230	5.141360	5.164760
Singapore Dollar	2.422470	2.418080	2.419980	2.399980	2.395970	2.397790	2.396100	2.411710	2.403700	2.420270
South African Rand	NA	NA	10.219200	10.295300	NA	10.275500	10.146500	10.072900	NA	NA
Sri Lanka Rupee	134.509000	134.010000	134.129000	133.626000	133.084000	132.931000	132.432000	132.805000	132.545000	133.302000
Swedish Krona	11.405600	11.540600	11.553700	NA	11.568000	11.674200	11.701700	11.728800	11.674300	11.627600
Swiss Franc	1.915110	1.928970	1.926440	1.935070	1.944110	1.943610	1.950370	1.938030	1.950840	1.940570
Thai Baht	57.686100	NA	57.609300	57.332200	57.073400	56.867600	56.696700	56.761100	56.446800	56.729500
Trinidad And Tobago Dollar	8.690290	8.635500	NA	8.624180	8.615560	8.598970	8.563180	8.606740	8.589960	8.612890
Tunisian Dinar	NA	NA	NA	NA	NA	NA	NA	NA	NA	NA
U.A.E. Dirham	5.089550	5.072770	5.078510	5.064910	5.050050	5.048390	5.032130	5.046730	5.035120	5.058020
Peso Uruguayo	NA	NA	NA	NA	NA	NA	NA	NA	NA	NA
Bolivar Fuerte	NA	NA	NA	NA	NA	NA	NA	NA	NA	NA

Notes:


The value of the U.S. dollar in terms of the SDR is the reciprocal of the sum of the dollar values, based on market exchange rates, of specified quantities of the SDR basket currencies. See SDR Valuation.

These rates are the official rates used by the Fund to conduct operations with member countries. The rates are derived from the currency's representative exchange rate, as reported by the central bank, normally against the U.S. dollar at spot market rates and rounded to six significant digits. See Representative Exchange Rates for Selected Currencies.

The value in terms of each national currency of the SDR (shown above) is the reciprocal of the value in terms of the SDR of each national currency, rounded to six significant digits.

Exchange rates are published daily except on IMF holidays or whenever the IMF is closed for business.
