Currency units per SDR for June 2003
Currency	June 02, 2003	June 03, 2003	June 04, 2003	June 05, 2003	June 06, 2003	June 09, 2003	June 10, 2003	June 11, 2003	June 12, 2003	June 13, 2003	June 16, 2003
Chinese Yuan	11.695300	11.701700	11.698700	11.696600	11.775900	11.715300	11.725700	11.748700	11.759500	11.761800	11.811400
Euro	1.210610	1.205990	1.208970	1.200120	1.204380	1.207060	1.210960	1.208240	1.210790	1.209310	1.203830
Japanese Yen	168.150000	167.391000	167.842000	167.387000	167.598000	167.654000	167.383000	167.167000	167.477000	167.116000	167.961000
U.K. Pound Sterling	0.866889	0.864700	0.865688	0.862195	0.854489	0.857089	0.857824	0.853133	0.848961	0.851238	0.847702
U.S. Dollar	1.413030	1.413780	1.413400	1.413140	1.422730	1.415400	1.416700	1.419440	1.420740	1.421050	1.427030
Algerian Dinar	NA	NA	NA	NA	NA	NA	NA	NA	NA	NA	NA
Australian Dollar	2.172880	2.147950	2.139250	2.132080	2.135590	NA	2.154680	2.159830	2.137410	2.138850	2.136910
Bahrain Dinar	0.531299	0.531581	0.531440	0.531341	0.534945	0.532189	0.532680	0.533709	0.534197	0.534316	0.536561
Botswana Pula	7.338480	7.274420	7.291230	7.291770	7.286720	7.271510	7.259530	7.232800	7.283960	7.164400	7.169180
Brazilian Real	4.189340	4.209110	4.188200	4.112810	4.114680	4.031480	4.062250	4.058890	4.075250	4.065920	4.075880
Brunei Dollar	2.450190	2.439900	2.440240	2.436960	2.448800	2.448640	2.449760	2.462020	2.469530	2.469930	2.464900
Canadian Dollar	1.935140	1.945080	1.918550	1.893750	1.926380	1.922680	1.933510	1.920360	1.916440	1.898670	1.911070
Chilean Peso	1,009.040000	1,004.140000	1,007.700000	1,007.800000	1,019.900000	1,008.120000	1,015.150000	1,018.310000	1,018.830000	1,006.550000	NA
Colombian Peso	NA	4,033.980000	4,022.770000	4,027.050000	4,039.420000	4,003.030000	3,992.970000	3,988.100000	4,008.290000	4,024.710000	4,026.510000
Czech Koruna	37.953800	37.770500	38.078600	37.716800	37.736600	NA	37.895300	37.819500	37.885400	37.777300	37.723500
Danish Krone	8.988120	8.953990	8.976420	NA	8.941980	NA	8.990950	8.970140	8.988600	8.978190	8.937750
Hungarian Forint	302.161000	304.896000	308.984000	325.051000	314.295000	NA	319.523000	312.205000	311.781000	312.504000	311.534000
Icelandic Krona	102.077000	102.598000	103.546000	103.414000	103.418000	102.885000	103.391000	103.789000	104.453000	104.220000	104.373000
Indian Rupee	66.638200	66.490200	66.260300	66.290600	66.612000	66.382100	66.329700	66.330200	66.320000	66.349100	66.542000
Indonesian Rupiah	11,780.400000	11,622.700000	11,632.300000	11,545.400000	11,630.800000	11,606.300000	11,602.800000	11,703.300000	11,735.300000	11,695.300000	11,694.500000
Iranian Rial	11,574.000000	11,523.300000	NA	NA	NA	NA	11,539.800000	11,548.900000	11,577.000000	11,577.000000	11,581.600000
Israeli New Sheqel	6.230020	6.186700	6.182230	6.265860	NA	6.226340	6.253320	6.265390	6.254100	6.251210	6.213260
Kazakhstani Tenge	NA	NA	NA	NA	NA	NA	NA	NA	NA	NA	NA
Korean Won	1,703.120000	1,707.140000	1,699.340000	1,697.890000	NA	1,699.610000	1,700.460000	1,694.380000	1,695.080000	1,697.160000	1,702.010000
Kuwaiti Dinar	0.422692	0.422919	0.422806	0.422728	NA	0.423402	0.423792	0.424610	0.424488	NA	0.426367
Libyan Dinar	1.644740	1.644740	1.644740	1.644740	1.644740	1.644740	1.644740	1.644740	1.644740	1.644740	1.932370
Malaysian Ringgit	5.369500	5.372360	5.370940	5.369930	5.406370	5.378510	5.383460	5.393860	5.398810	5.400010	5.422700
Mauritian Rupee	NA	38.259900	NA	38.425800	38.866500	38.724300	38.757100	39.107400	39.287000	39.413400	39.607100
Mexican Peso	14.469700	14.505100	14.682700	14.922500	15.025200	15.205800	15.179200	15.062900	15.027900	15.055500	14.981300
Nepalese Rupee	108.160000	NA	108.189000	108.169000	108.903000	108.342000	108.441000	108.651000	108.751000	108.775000	109.003000
New Zealand Dollar	NA	NA	2.434800	2.431000	2.450030	2.451330	2.467690	2.475470	2.460150	2.458140	2.453620
Norwegian Krone	9.526890	9.605590	9.766010	9.765340	9.813830	NA	9.951040	9.877320	9.922410	9.857750	9.883470
Rial Omani	0.543310	0.543599	0.543455	0.543354	0.547040	0.544221	0.544722	0.545774	0.546275	0.546394	0.548691
Pakistani Rupee	81.424600	81.468400	NA	81.431900	82.070100	81.647300	81.722700	81.880600	81.955800	82.013600	82.358800
Nuevo Sol	NA	NA	NA	NA	NA	NA	NA	NA	NA	NA	NA
Philippine Peso	NA	NA	NA	NA	NA	NA	NA	NA	NA	NA	NA
Polish Zloty	5.300540	5.301520	5.352430	5.400730	5.326290	5.299250	5.366740	5.374990	5.372240	5.357510	5.310390
Qatar Riyal	5.143420	5.146150	5.144800	5.143850	5.178740	5.152040	5.156790	5.166760	5.171490	5.172640	5.194370
Russian Ruble	43.295100	43.463300	43.476200	43.309700	43.487000	43.114800	43.292900	43.310300	NA	NA	43.469000
Saudi Arabian Riyal	5.298860	5.301660	5.300260	5.299280	5.335240	5.307740	5.312620	5.322890	5.327760	5.328960	5.351340
Singapore Dollar	2.450190	2.439900	2.440240	2.436960	2.448800	2.448640	2.449760	2.462020	2.469530	2.469930	2.464900
South African Rand	11.389000	11.395100	11.604000	11.319300	11.424500	NA	NA	11.263200	11.337500	NA	NA
Sri Lanka Rupee	137.425000	137.486000	137.449000	137.428000	138.399000	137.690000	137.802000	138.043000	138.160000	138.193000	138.791000
Swedish Krona	11.032200	10.949700	10.999800	11.054300	10.962100	NA	11.039600	11.061000	10.946800	10.952800	10.927500
Swiss Franc	1.846540	1.850350	1.856650	1.866340	1.858650	NA	1.864240	1.857480	1.859750	1.868970	1.853560
Thai Baht	58.992500	58.749600	58.896600	58.796600	59.172600	59.007800	59.130300	59.365100	59.335900	59.184200	59.287400
Trinidad And Tobago Dollar	NA	NA	8.859360	NA	NA	NA	NA	NA	8.903770	8.907730	8.949590
Tunisian Dinar	NA	NA	NA	NA	NA	NA	NA	NA	NA	NA	NA
U.A.E. Dirham	5.189330	NA	5.190730	5.189760	5.224990	5.198050	5.202830	5.212890	5.217650	5.218830	5.240760
Peso Uruguayo	NA	NA	NA	NA	NA	NA	NA	NA	NA	NA	NA
Bolivar Fuerte	NA	NA	NA	NA	NA	NA	NA	NA	NA	NA	NA

Currency units per SDR for June 2003 Continued

Currency	June 17, 2003	June 18, 2003	June 19, 2003	June 20, 2003	June 23, 2003	June 24, 2003	June 25, 2003	June 26, 2003	June 27, 2003	June 30, 2003
Chinese Yuan	11.781000	11.745100	11.699800	11.729000	11.667000	11.687800	11.685300	11.638800	11.603300	11.595500
Euro	1.206560	1.212950	1.212810	1.215810	1.221520	1.220950	1.222140	1.229950	1.228260	1.225920
Japanese Yen	167.390000	167.588000	167.715000	167.564000	166.745000	166.125000	165.874000	166.269000	167.446000	167.893000
U.K. Pound Sterling	0.847099	0.844666	0.844802	0.846389	0.850181	0.846281	0.844416	0.843483	0.846962	0.848954
U.S. Dollar	1.423380	1.419040	1.413530	1.417030	1.409510	1.412030	1.411700	1.406080	1.401810	1.400860
Algerian Dinar	NA	NA	NA	NA	NA	NA	NA	NA	NA	NA
Australian Dollar	2.121600	2.117650	2.124330	2.113070	2.111620	2.125580	2.125410	2.102400	2.104500	2.098980
Bahrain Dinar	0.535192	0.533558	0.531485	0.532802	0.529975	0.530921	0.530800	0.528687	0.527079	0.526723
Botswana Pula	7.161680	7.230760	7.228460	7.205860	7.196890	7.162200	7.049700	7.011150	6.910560	6.888900
Brazilian Real	4.056650	4.077740	4.061920	4.094370	4.077010	4.063820	4.038580	4.014500	4.055710	4.035040
Brunei Dollar	2.459460	2.452090	2.449220	2.454290	2.445360	2.457910	2.456630	2.450380	2.457510	2.460890
Canadian Dollar	1.906760	1.893280	1.907700	1.926030	1.911580	1.921770	1.895490	1.903700	1.890900	1.898590
Chilean Peso	1,007.610000	1,000.760000	997.884000	1,002.110000	994.758000	996.125000	992.595000	989.727000	985.474000	976.725000
Colombian Peso	4,011.970000	4,014.390000	3,999.460000	4,006.510000	NA	3,990.900000	3,974.290000	3,946.810000	3,942.270000	NA
Czech Koruna	37.927500	38.095400	38.156700	38.291000	38.474000	38.504500	38.463200	38.717800	38.757100	38.707200
Danish Krone	8.957360	9.005030	9.005030	9.027470	9.070050	9.066020	9.074660	9.133170	9.122260	9.108550
Hungarian Forint	316.489000	318.318000	319.711000	319.369000	317.507000	318.356000	318.323000	322.106000	329.761000	326.372000
Icelandic Krona	104.106000	104.143000	104.078000	104.534000	103.980000	106.015000	108.108000	107.172000	107.140000	107.250000
Indian Rupee	66.386500	66.098700	65.842300	65.948700	65.655100	65.800300	65.813300	65.439000	65.169900	NA
Indonesian Rupiah	11,657.500000	11,633.300000	11,657.400000	NA	11,632.700000	11,613.900000	11,608.400000	11,566.400000	NA	11,606.100000
Iranian Rial	11,618.900000	11,596.300000	NA	11,560.900000	11,585.600000	11,527.000000	11,553.200000	11,554.800000	11,554.800000	11,485.000000
Israeli New Sheqel	6.195980	6.211100	6.179930	6.209410	6.194790	6.171960	6.152180	6.092550	6.072640	6.040510
Kazakhstani Tenge	NA	NA	NA	NA	NA	NA	NA	NA	NA	NA
Korean Won	1,695.250000	1,686.380000	1,674.320000	1,680.600000	1,678.160000	1,681.580000	1,678.790000	1,671.130000	1,663.530000	1,671.360000
Kuwaiti Dinar	0.425279	0.423980	0.422333	NA	0.422233	0.422987	0.422888	0.421205	NA	0.420636
Libyan Dinar	1.932370	1.932370	1.932370	1.932370	1.932370	1.932370	1.932370	1.932370	1.932370	1.932370
Malaysian Ringgit	5.408860	5.392350	5.371410	5.384710	5.356130	5.365700	5.364460	5.343110	5.326860	5.323250
Mauritian Rupee	39.671500	39.689000	39.696900	39.727500	39.929600	40.227900	40.270300	40.154800	40.229300	40.274200
Mexican Peso	14.947500	15.025200	14.822000	14.831900	14.771100	14.852800	14.785300	14.736900	14.603500	14.620800
Nepalese Rupee	108.725000	108.265000	107.534000	107.800000	107.228000	107.420000	107.395000	106.968000	106.642000	106.570000
New Zealand Dollar	2.439800	2.424040	2.423330	2.421860	2.413130	2.411250	2.411920	2.404380	2.413580	2.406970
Norwegian Krone	9.908350	9.919450	9.859500	9.918670	9.988910	9.973970	10.070500	10.166100	10.161400	10.167100
Rial Omani	0.547291	0.545619	0.543502	0.544846	0.541955	0.542924	0.542797	0.540640	0.538993	0.538631
Pakistani Rupee	82.148300	NA	81.579400	81.892000	81.457800	81.603300	81.584000	81.259900	81.041900	80.987400
Nuevo Sol	NA	NA	NA	NA	NA	NA	NA	NA	NA	NA
Philippine Peso	NA	NA	NA	NA	NA	NA	NA	NA	NA	NA
Polish Zloty	5.301380	5.286890	NA	5.372820	5.393480	5.467380	5.475700	5.467410	NA	5.458570
Qatar Riyal	5.181110	5.165290	5.145250	5.157990	5.130630	5.139780	5.138590	5.118130	5.102590	5.099130
Russian Ruble	43.243100	43.110300	42.943900	43.050400	42.785100	42.856500	42.799800	42.659900	42.542500	42.559300
Saudi Arabian Riyal	5.337690	5.321390	5.300740	5.313860	5.285660	5.295100	5.293860	5.272820	5.256770	5.253230
Singapore Dollar	2.459460	2.452090	2.449220	2.454290	2.445360	2.457910	2.456630	2.450380	2.457510	2.460890
South African Rand	11.159300	11.231700	11.301100	11.208700	11.205600	10.999700	NA	10.756500	10.513600	10.583500
Sri Lanka Rupee	138.372000	137.941000	137.399000	137.739000	137.033000	137.256000	137.163000	136.575000	136.145000	136.072000
Swedish Krona	10.928000	10.919500	11.029000	NA	11.043500	11.165600	11.254800	11.203000	11.253000	11.210400
Swiss Franc	1.858940	1.869720	1.889600	1.871470	1.872960	1.869100	1.875300	1.888930	1.898050	1.902500
Thai Baht	59.101700	58.995000	58.833900	58.921600	58.616000	58.662700	58.650300	58.459400	58.554900	58.901800
Trinidad And Tobago Dollar	NA	NA	NA	NA	8.816940	NA	8.835410	NA	NA	NA
Tunisian Dinar	NA	NA	NA	NA	NA	NA	NA	NA	NA	NA
U.A.E. Dirham	5.227360	5.211400	5.191190	5.204050	5.176440	5.185670	5.184460	5.163850	5.148140	5.144640
Peso Uruguayo	NA	NA	NA	NA	NA	NA	NA	NA	NA	NA
Bolivar Fuerte	NA	NA	NA	NA	NA	NA	NA	NA	NA	NA

Notes:


The value of the U.S. dollar in terms of the SDR is the reciprocal of the sum of the dollar values, based on market exchange rates, of specified quantities of the SDR basket currencies. See SDR Valuation.

These rates are the official rates used by the Fund to conduct operations with member countries. The rates are derived from the currency's representative exchange rate, as reported by the central bank, normally against the U.S. dollar at spot market rates and rounded to six significant digits. See Representative Exchange Rates for Selected Currencies.

The value in terms of each national currency of the SDR (shown above) is the reciprocal of the value in terms of the SDR of each national currency, rounded to six significant digits.

Exchange rates are published daily except on IMF holidays or whenever the IMF is closed for business.
