Currency units per SDR for February 2003
Currency	February 03, 2003	February 04, 2003	February 05, 2003	February 06, 2003	February 07, 2003	February 10, 2003	February 11, 2003	February 12, 2003	February 13, 2003	February 14, 2003	February 17, 2003
Chinese Yuan	11.337100	11.373200	11.430300	11.377300	11.345600	11.362300	11.295700	11.319900	11.327800	11.343500	NA
Euro	1.276670	1.269730	1.265810	1.271250	1.270520	1.270080	1.274640	1.274400	1.272110	1.269740	1.273970
Japanese Yen	164.575000	165.305000	165.168000	164.952000	164.081000	165.342000	NA	165.132000	165.525000	165.000000	164.505000
U.K. Pound Sterling	0.836127	0.835220	0.836211	0.834864	0.843028	0.840138	0.842730	0.845109	0.844516	0.847781	0.853883
U.S. Dollar	1.369740	1.374110	1.381000	1.374600	1.370770	1.372700	1.364630	1.367550	1.368540	1.370430	1.365190
Algerian Dinar	NA	NA	NA	NA	NA	NA	NA	NA	NA	NA	NA
Australian Dollar	2.337440	2.348500	2.329620	2.332200	2.314700	2.320320	2.318430	2.308500	2.316810	2.300160	2.310350
Bahrain Dinar	0.515023	0.516665	0.519257	0.516849	0.515408	0.516134	0.513099	0.514200	0.514570	0.515283	0.513310
Botswana Pula	7.422090	7.350130	7.363390	7.360630	7.324450	7.338700	7.370390	7.330730	7.300820	7.299270	NA
Brazilian Real	4.828350	4.798650	4.888470	4.926160	4.939830	4.913450	4.917320	4.886130	4.926060	4.981670	4.992760
Brunei Dollar	NA	2.398360	2.400040	2.395650	2.387600	2.401270	2.397650	NA	2.400420	2.403880	2.396320
Canadian Dollar	2.082140	2.080810	2.098430	2.091450	2.085080	2.101740	2.088020	2.090580	2.079490	2.081420	2.076320
Chilean Peso	1,008.340000	1,007.360000	1,020.350000	1,023.620000	1,018.660000	1,017.830000	1,014.210000	1,016.210000	1,022.440000	1,026.320000	NA
Colombian Peso	4,027.400000	4,063.790000	4,097.130000	4,070.580000	4,061.970000	4,055.000000	4,051.420000	4,052.340000	4,051.930000	4,056.140000	4,033.800000
Czech Koruna	40.314300	40.167900	40.257600	40.215200	40.323900	40.365700	40.540300	40.482400	40.048900	39.848100	40.097000
Danish Krone	9.495500	9.441360	9.412210	9.449560	9.441270	9.439660	9.473380	9.473200	9.454030	9.436540	9.467720
Hungarian Forint	311.644000	310.644000	310.159000	312.281000	314.276000	312.481000	313.196000	311.474000	310.125000	310.623000	NA
Icelandic Krona	106.306000	105.847000	104.514000	105.844000	104.357000	105.670000	105.786000	105.671000	105.309000	106.099000	107.044000
Indian Rupee	65.446300	65.654700	65.956500	65.609500	65.412900	65.463900	65.106300	65.355200	NA	65.588800	65.201400
Indonesian Rupiah	NA	12,186.900000	12,239.800000	12,199.600000	12,154.600000	12,195.100000	12,152.000000	NA	12,275.800000	12,244.800000	12,173.400000
Iranian Rial	10,986.200000	10,941.500000	10,973.600000	11,006.600000	11,006.600000	10,938.700000	NA	NA	10,913.100000	10,913.100000	10,938.800000
Israeli New Sheqel	6.625460	6.694650	6.750330	6.694290	6.672890	6.687800	6.634820	6.644960	6.697650	6.748000	6.632090
Kazakhstani Tenge	NA	NA	NA	NA	NA	NA	NA	NA	NA	NA	NA
Korean Won	1,603.830000	1,618.150000	1,629.310000	1,613.920000	1,613.530000	1,619.650000	1,627.730000	1,651.730000	1,646.220000	1,648.220000	1,640.140000
Kuwaiti Dinar	0.409417	0.410720	0.412781	0.410868	NA	NA	NA	NA	NA	NA	0.409175
Libyan Dinar	1.644740	1.644740	1.644740	1.644740	1.644740	1.644740	1.644740	1.644740	1.644740	1.644740	1.644740
Malaysian Ringgit	5.205030	5.221600	5.247800	5.223490	5.208930	5.216270	5.185590	5.196690	5.200450	5.207660	5.187720
Mauritian Rupee	NA	NA	NA	NA	NA	NA	NA	NA	NA	NA	NA
Mexican Peso	14.907300	15.090700	NA	14.946100	14.938500	15.092600	14.929000	15.020100	15.016000	14.913500	14.698600
Nepalese Rupee	106.902000	107.242000	107.780000	107.281000	106.982000	107.132000	106.503000	106.731000	106.808000	106.956000	106.546000
New Zealand Dollar	2.528130	2.524540	2.512290	NA	2.496390	2.498090	2.497030	2.481950	2.488710	NA	2.478560
Norwegian Krone	9.548180	9.506520	9.573960	9.552740	9.489560	9.477950	9.516470	9.515740	9.532520	9.568100	9.573960
Rial Omani	0.526665	0.528343	0.530994	0.528533	0.527059	0.527805	0.524700	0.525823	0.526202	0.526931	0.524915
Pakistani Rupee	79.725100	79.978900	80.380000	80.007700	79.572900	79.684400	79.216100	79.385900	79.443300	79.476100	79.172200
Nuevo Sol	NA	NA	NA	NA	NA	NA	NA	NA	NA	NA	NA
Philippine Peso	NA	NA	NA	NA	NA	NA	NA	NA	NA	NA	NA
Polish Zloty	5.249670	5.280280	5.274180	5.303210	5.287730	5.296550	5.282760	5.264790	5.275460	5.284270	5.287370
Qatar Riyal	4.985870	5.001750	5.026840	5.003530	4.989600	4.996630	4.967240	4.977900	4.981490	4.988380	4.969290
Russian Ruble	NA	NA	NA	NA	NA	NA	NA	NA	NA	NA	NA
Saudi Arabian Riyal	5.136530	5.152890	5.178740	5.154750	5.140380	5.147630	5.117370	5.128340	5.132020	5.139120	5.119460
Singapore Dollar	NA	2.398360	2.400040	2.395650	2.387600	2.401270	2.397650	NA	2.400420	2.403880	2.396320
South African Rand	11.711300	11.563100	11.586600	11.567200	11.500700	11.530700	11.585700	11.466900	11.434200	11.436300	11.453900
Sri Lanka Rupee	132.673000	NA	133.757000	133.138000	132.773000	132.932000	132.190000	NA	132.590000	132.744000	132.218000
Swedish Krona	11.831800	11.752000	11.693600	11.718500	11.644700	11.619900	11.664200	11.665200	11.577800	11.539100	11.634800
Swiss Franc	1.873530	1.866310	1.853860	1.866020	1.867120	1.861520	1.873770	1.867800	1.866820	1.865160	1.877410
Thai Baht	58.648300	58.748500	58.959100	58.798600	58.749900	59.016500	58.853600	58.840500	58.855400	58.976500	NA
Trinidad And Tobago Dollar	8.589520	8.583250	NA	8.619430	8.596750	8.586490	8.546790	8.543800	8.555420	8.569570	8.558790
Tunisian Dinar	NA	NA	NA	NA	NA	NA	NA	NA	NA	NA	NA
U.A.E. Dirham	5.030380	5.046400	5.071740	5.048210	5.034160	5.041240	5.011600	5.022350	5.025960	5.032920	5.013660
Peso Uruguayo	NA	NA	NA	NA	NA	NA	NA	NA	NA	NA	NA
Bolivar Fuerte	NA	NA	NA	NA	NA	NA	NA	NA	NA	NA	NA

Currency units per SDR for February 2003 Continued

Currency	February 18, 2003	February 19, 2003	February 20, 2003	February 21, 2003	February 24, 2003	February 25, 2003	February 26, 2003	February 27, 2003	February 28, 2003
Chinese Yuan	NA	11.313100	11.339900	11.365000	11.327900	11.351900	11.332200	11.368700	11.347200
Euro	1.275690	1.275300	1.272850	1.266840	1.276480	1.272890	1.273190	1.269140	1.271420
Japanese Yen	162.987000	162.710000	162.889000	162.522000	162.033000	160.867000	160.796000	160.558000	161.417000
U.K. Pound Sterling	0.856531	0.857802	0.857839	0.860119	0.867250	0.869527	0.868689	0.867310	0.866093
U.S. Dollar	1.366770	1.366730	1.369970	1.373000	1.368520	1.371410	1.369060	1.373470	1.370850
Algerian Dinar	NA	NA	NA	NA	NA	NA	NA	NA	NA
Australian Dollar	2.312250	2.314930	2.301690	2.291390	2.285820	2.263810	NA	2.261600	2.264360
Bahrain Dinar	0.513906	0.513893	0.515108	0.516249	0.514562	0.515650	0.514766	0.516425	0.515437
Botswana Pula	NA	7.310690	7.180090	7.145460	7.155640	7.159580	7.071590	7.185300	7.182880
Brazilian Real	4.950990	4.903980	4.921890	4.950910	4.938860	4.918160	4.929290	4.918260	4.913400
Brunei Dollar	2.395950	2.393560	2.395110	2.393830	2.383820	2.383100	2.375590	2.381180	2.382120
Canadian Dollar	2.070380	2.069510	2.060840	2.066920	2.044980	2.046970	2.044690	2.053610	2.038590
Chilean Peso	NA	1,011.630000	1,019.050000	1,025.230000	1,025.510000	1,031.410000	1,033.990000	1,035.000000	1,032.990000
Colombian Peso	4,010.890000	4,004.040000	4,024.190000	4,034.190000	4,023.340000	4,044.360000	4,041.200000	4,047.450000	4,052.650000
Czech Koruna	40.251300	40.284600	40.240000	40.205700	40.437000	40.186500	40.255900	40.165600	40.420900
Danish Krone	9.481010	9.477590	9.458680	9.413980	9.483260	9.454480	9.457160	9.426760	9.444300
Hungarian Forint	NA	313.980000	313.859000	312.043000	312.460000	310.351000	309.818000	309.319000	NA
Icelandic Krona	108.535000	108.382000	107.337000	107.177000	NA	NA	NA	NA	NA
Indian Rupee	65.249400	65.193300	65.361200	65.547100	65.292100	65.498600	65.290300	65.487000	65.348400
Indonesian Rupiah	12,149.200000	12,133.900000	12,170.800000	12,193.600000	12,204.500000	12,194.600000	12,173.700000	12,226.600000	12,207.400000
Iranian Rial	10,938.800000	10,924.600000	10,931.100000	10,931.100000	10,981.100000	10,944.000000	10,978.100000	10,967.500000	10,967.500000
Israeli New Sheqel	6.623350	6.640940	6.679940	6.700260	6.663330	6.685650	6.650880	6.648940	6.593780
Kazakhstani Tenge	NA	NA	NA	NA	NA	NA	NA	NA	NA
Korean Won	1,649.960000	1,643.360000	1,641.770000	1,642.660000	1,634.150000	1,635.550000	1,630.690000	1,631.270000	1,626.920000
Kuwaiti Dinar	0.409648	0.409638	0.410607	NA	0.410172	NA	NA	NA	NA
Libyan Dinar	1.644740	1.644740	1.644740	1.644740	1.644740	1.644740	1.644740	1.644740	1.644740
Malaysian Ringgit	5.193730	5.193590	5.205870	5.217410	5.200370	5.211370	5.202430	5.219180	5.209230
Mauritian Rupee	NA	NA	NA	NA	NA	NA	NA	NA	NA
Mexican Peso	14.723100	14.815400	14.932300	15.075300	15.028400	15.165600	15.104700	15.153900	15.123700
Nepalese Rupee	106.670000	NA	106.919000	107.156000	106.806000	107.032000	106.848000	107.192000	106.988000
New Zealand Dollar	2.482780	2.481360	2.474200	2.456620	2.449470	2.425990	2.425260	2.425770	2.442710
Norwegian Krone	9.595180	9.597210	9.592230	9.560870	9.641340	9.711570	9.690860	9.877130	9.821740
Rial Omani	0.525522	0.525508	0.526751	0.527919	0.526197	0.527309	0.526402	0.528097	0.527090
Pakistani Rupee	79.263800	79.261900	79.449600	79.758800	79.498200	79.666000	79.529200	79.785500	79.633100
Nuevo Sol	NA	NA	NA	NA	NA	NA	NA	NA	NA
Philippine Peso	NA	NA	NA	NA	NA	NA	NA	NA	NA
Polish Zloty	5.279970	5.289940	5.326710	5.325860	5.323820	5.324360	5.318780	5.339090	5.364810
Qatar Riyal	4.975050	4.974900	4.986690	4.997730	4.981420	4.991940	4.983380	4.999430	4.989900
Russian Ruble	NA	NA	NA	NA	NA	NA	NA	NA	NA
Saudi Arabian Riyal	5.125390	5.125260	5.137370	5.148750	5.131940	5.142790	5.133970	5.150500	5.140670
Singapore Dollar	2.395950	2.393560	2.395110	2.393830	2.383820	2.383100	2.375590	2.381180	2.382120
South African Rand	11.467200	11.439600	11.117300	11.080100	11.105500	11.087900	10.911400	11.070200	11.158700
Sri Lanka Rupee	132.382000	132.396000	132.705000	132.991000	132.547000	132.821000	132.605000	133.036000	132.821000
Swedish Krona	11.617500	11.637700	11.600200	11.574400	11.618700	11.588400	11.595900	11.585200	11.617900
Swiss Franc	1.876030	1.877480	1.870000	1.859730	1.868710	1.860180	NA	1.857200	1.858180
Thai Baht	58.869600	58.785800	58.859200	58.786500	58.664400	NA	58.577800	58.579900	58.518900
Trinidad And Tobago Dollar	8.539050	8.546570	8.574050	8.608590	8.555270	8.585980	NA	8.593210	8.586710
Tunisian Dinar	NA	NA	NA	NA	NA	NA	NA	NA	NA
U.A.E. Dirham	5.019450	5.019320	5.031190	5.042360	5.025880	5.036510	5.027880	5.044060	5.034440
Peso Uruguayo	NA	NA	NA	NA	NA	NA	NA	NA	NA
Bolivar Fuerte	NA	NA	NA	NA	NA	NA	NA	NA	NA

Notes:


The value of the U.S. dollar in terms of the SDR is the reciprocal of the sum of the dollar values, based on market exchange rates, of specified quantities of the SDR basket currencies. See SDR Valuation.

These rates are the official rates used by the Fund to conduct operations with member countries. The rates are derived from the currency's representative exchange rate, as reported by the central bank, normally against the U.S. dollar at spot market rates and rounded to six significant digits. See Representative Exchange Rates for Selected Currencies.

The value in terms of each national currency of the SDR (shown above) is the reciprocal of the value in terms of the SDR of each national currency, rounded to six significant digits.

Exchange rates are published daily except on IMF holidays or whenever the IMF is closed for business.
