Currency units per SDR for November 2003
Currency	November 03, 2003	November 04, 2003	November 05, 2003	November 06, 2003	November 07, 2003	November 10, 2003	November 11, 2003	November 12, 2003	November 13, 2003	November 14, 2003	November 17, 2003
Chinese Yuan	11.828700	11.758800	11.763600	11.759800	11.740500	11.783400	11.787500	11.825800	11.871300	11.918000	11.911000
Euro	1.233220	1.238850	1.238810	1.240980	1.241640	1.239770	1.238710	1.231680	1.227960	1.223880	1.219340
Japanese Yen	NA	156.563000	155.887000	156.244000	156.313000	155.887000	154.947000	155.377000	155.473000	155.552000	157.578000
U.K. Pound Sterling	0.842432	0.847529	0.848176	0.849149	0.852181	0.851912	0.854058	0.854212	0.852152	0.851905	0.851216
U.S. Dollar	1.429180	1.420710	1.421290	1.420790	1.418450	1.423630	1.424150	1.428750	1.434260	1.439890	1.439060
Algerian Dinar	NA	NA	NA	NA	NA	NA	NA	NA	NA	NA	NA
Australian Dollar	2.019190	2.036860	2.002660	1.998580	2.005730	2.000600	1.992100	1.997140	1.994790	1.995140	2.015500
Bahrain Dinar	0.537372	0.534188	0.534405	0.534217	0.533336	0.535283	0.535481	0.537210	0.539281	0.541401	0.541087
Botswana Pula	6.587620	6.612580	6.580030	6.629940	6.670360	6.638520	6.620850	6.600830	6.585190	6.546470	6.529330
Brazilian Real	4.080880	4.056290	4.064740	4.061750	4.070950	4.084530	4.101400	4.135800	4.174250	4.202760	4.232280
Brunei Dollar	2.488780	2.478430	2.475600	2.475440	2.469520	2.475260	2.469900	2.478460	2.479970	2.476610	2.474330
Canadian Dollar	1.904090	1.892390	1.892160	1.898030	1.877600	1.865810	NA	1.857950	1.863960	1.877330	NA
Chilean Peso	895.993000	890.274000	889.047000	889.442000	892.005000	880.980000	877.763000	890.972000	899.410000	902.169000	898.852000
Colombian Peso	NA	4,088.880000	4,078.320000	4,058.260000	4,048.500000	4,048.530000	4,045.160000	4,058.240000	4,081.450000	4,104.050000	NA
Czech Koruna	39.495400	39.701800	39.560100	39.674200	39.621500	39.722100	39.629700	39.413500	39.334500	39.247200	NA
Danish Krone	9.167160	9.208950	9.212510	9.227310	9.231310	9.218370	9.210990	9.158680	9.131920	9.104980	9.070710
Hungarian Forint	323.252000	322.899000	321.253000	320.772000	319.661000	318.323000	319.180000	319.411000	317.731000	315.337000	314.579000
Icelandic Krona	109.361000	109.111000	108.387000	108.591000	108.824000	109.093000	109.133000	108.842000	108.760000	108.683000	108.836000
Indian Rupee	64.784900	64.443400	64.412700	64.347600	64.241800	64.447500	64.499500	64.750900	65.100800	65.299300	65.347900
Indonesian Rupiah	12,169.500000	NA	12,063.900000	12,052.600000	12,042.600000	12,080.900000	12,078.200000	12,115.800000	12,162.500000	12,270.800000	12,227.700000
Iranian Rial	11,952.500000	11,939.400000	11,868.600000	11,873.500000	11,873.500000	11,854.000000	NA	11,908.700000	11,945.800000	11,945.800000	12,034.600000
Israeli New Sheqel	6.428470	6.363390	6.367360	6.385040	6.373080	6.410590	6.461370	6.460820	6.464210	6.515510	6.513220
Kazakhstani Tenge	NA	NA	NA	NA	NA	NA	NA	NA	NA	NA	NA
Korean Won	1,689.860000	1,683.970000	1,685.360000	1,680.940000	1,676.180000	1,680.160000	1,673.090000	1,678.930000	1,684.390000	1,689.280000	1,685.430000
Kuwaiti Dinar	0.420437	0.418855	0.419024	0.418878	NA	0.419713	0.419868	0.421225	0.422676	NA	0.424092
Libyan Dinar	1.932370	1.932370	1.932370	1.932370	1.932370	1.932370	1.932370	1.932370	1.932370	1.932370	1.932370
Malaysian Ringgit	5.430890	5.398720	5.400880	5.399010	5.390110	5.409790	5.411750	5.429260	5.450160	5.471600	5.468460
Mauritian Rupee	40.215200	39.972500	39.986700	39.961200	39.949700	40.093300	40.065100	40.172400	40.345800	40.411400	40.338200
Mexican Peso	15.704000	15.627600	15.609900	15.614900	15.558700	15.673700	15.606100	15.799400	16.028800	16.046400	NA
Nepalese Rupee	105.459000	104.834000	104.877000	104.840000	104.667000	105.049000	105.088000	105.428000	105.834000	106.250000	106.189000
New Zealand Dollar	2.329930	2.336700	2.318010	2.302740	2.309050	2.305470	2.284120	2.288750	2.285300	2.285180	2.279170
Norwegian Krone	10.145700	10.199400	10.217800	10.228700	10.223600	10.205800	10.169800	10.101000	10.047100	10.054200	10.004700
Rial Omani	0.549520	0.546263	0.546484	0.546296	0.545393	0.547384	0.547585	0.549354	0.551472	0.553639	0.553321
Pakistani Rupee	82.054000	81.568100	81.601300	81.572700	81.436500	81.733400	81.763500	82.027700	82.343800	82.545000	NA
Nuevo Sol	NA	NA	NA	NA	NA	NA	NA	NA	NA	NA	NA
Philippine Peso	NA	NA	NA	NA	NA	NA	NA	NA	NA	NA	NA
Polish Zloty	5.745010	5.735850	5.681590	5.716540	5.691940	5.680690	NA	5.661840	5.621990	5.589250	5.569600
Qatar Riyal	5.202210	5.171410	5.173490	5.171670	5.163160	5.181990	5.183900	5.200640	5.220680	5.241200	5.238210
Russian Ruble	42.795600	42.423600	42.372000	42.355700	NA	42.440100	42.445400	42.591600	42.825500	42.935600	42.880200
Saudi Arabian Riyal	5.359430	5.327680	5.329840	5.327960	5.319180	5.338600	5.340570	5.357820	5.378450	5.399600	5.396480
Singapore Dollar	2.488780	2.478430	2.475600	2.475440	2.469520	2.475260	2.469900	2.478460	2.479970	2.476610	2.474330
South African Rand	9.782730	9.845520	9.799790	9.945500	10.007200	9.922700	9.890710	NA	9.810270	9.719310	NA
Sri Lanka Rupee	135.615000	134.505000	134.663000	135.595000	135.259000	135.421000	135.534000	136.636000	137.580000	138.458000	138.657000
Swedish Krona	11.208300	11.209400	11.199700	11.185200	11.163200	11.111400	11.144000	11.105000	10.997200	10.946800	10.915300
Swiss Franc	1.912240	1.933590	1.941620	1.943080	1.946820	1.951510	1.942540	1.929530	1.928790	1.916210	1.898840
Thai Baht	57.064300	56.712200	56.693800	56.676800	56.603300	56.781400	56.823700	57.055800	57.242600	57.423100	57.408600
Trinidad And Tobago Dollar	8.971990	8.874770	8.895370	8.932080	8.902580	8.912500	NA	8.940950	NA	NA	9.021360
Tunisian Dinar	NA	NA	NA	NA	NA	NA	NA	NA	NA	NA	NA
U.A.E. Dirham	5.248660	5.217570	5.219670	5.217850	5.209260	5.228270	5.230180	5.247090	5.267290	5.288010	5.284970
Peso Uruguayo	NA	NA	NA	NA	NA	NA	NA	NA	NA	NA	NA
Bolivar Fuerte	NA	NA	NA	NA	NA	NA	NA	NA	NA	NA	NA

Currency units per SDR for November 2003 Continued

Currency	November 18, 2003	November 19, 2003	November 20, 2003	November 21, 2003	November 24, 2003	November 25, 2003	November 26, 2003	November 27, 2003	November 28, 2003
Chinese Yuan	11.884100	11.953800	11.960900	11.946400	11.913100	11.893900	11.915700	NA	NA
Euro	1.219090	1.212650	1.213450	1.212980	1.217360	1.221300	1.217100	1.214550	1.207920
Japanese Yen	156.292000	156.198000	157.414000	157.467000	NA	157.206000	157.706000	157.594000	158.641000
U.K. Pound Sterling	0.850572	0.850572	0.848263	0.847824	0.848536	0.846582	0.847415	0.843675	0.842169
U.S. Dollar	1.435850	1.444270	1.445100	1.443330	1.439280	1.436990	1.439580	1.445550	1.448780
Algerian Dinar	NA	NA	NA	NA	NA	NA	NA	NA	NA
Australian Dollar	2.007330	1.997610	2.002630	2.000180	1.990160	1.994980	2.004710	1.996900	2.010520
Bahrain Dinar	0.539878	0.543044	0.543357	0.542694	0.541169	0.540307	0.541284	0.543528	0.544742
Botswana Pula	6.523630	6.454820	6.462870	6.413380	6.442630	6.439560	6.379710	NA	NA
Brazilian Real	4.241210	4.248030	4.262880	4.253780	4.216100	4.204910	4.209060	4.243130	4.269420
Brunei Dollar	2.472100	2.473170	2.476460	2.485420	2.481330	NA	2.474790	2.489670	2.500590
Canadian Dollar	1.870050	1.882600	1.881950	1.881960	1.900720	1.886910	1.877650	1.891220	1.879500
Chilean Peso	892.483000	908.447000	913.634000	910.813000	905.133000	898.691000	895.319000	901.705000	904.781000
Colombian Peso	4,081.430000	4,090.130000	4,084.720000	4,086.220000	4,082.450000	4,078.190000	4,087.250000	4,103.490000	4,112.650000
Czech Koruna	39.109600	38.619700	38.655000	38.695600	38.830400	38.948100	38.816900	NA	NA
Danish Krone	9.068070	9.019740	9.025030	9.021360	9.052230	9.084800	9.054280	9.035870	8.986500
Hungarian Forint	313.747000	312.684000	313.008000	312.885000	314.829000	319.700000	318.450000	319.047000	320.355000
Icelandic Krona	108.780000	108.652000	107.963000	108.105000	108.364000	108.895000	108.775000	108.648000	107.949000
Indian Rupee	65.388500	65.772200	66.055400	66.162100	66.020100	66.000900	NA	66.336300	66.557100
Indonesian Rupiah	12,183.200000	12,238.700000	12,268.900000	12,321.700000	NA	NA	NA	NA	NA
Iranian Rial	12,207.700000	12,000.800000	12,064.000000	12,064.000000	12,057.600000	12,025.200000	NA	12,037.800000	12,037.800000
Israeli New Sheqel	6.487150	6.486220	6.468260	6.477650	NA	6.431940	6.432070	6.434140	6.444170
Kazakhstani Tenge	NA	NA	NA	NA	NA	NA	NA	NA	NA
Korean Won	1,691.860000	1,704.960000	1,701.460000	1,712.940000	1,720.660000	1,727.690000	1,732.390000	1,739.580000	1,742.300000
Kuwaiti Dinar	0.423144	0.425626	0.425871	NA	0.424157	NA	NA	NA	NA
Libyan Dinar	1.932370	1.932370	1.932370	1.932370	1.932370	1.932370	1.932370	1.932370	1.932370
Malaysian Ringgit	5.456220	5.488230	5.491370	5.484650	5.469290	5.460540	5.470400	5.493090	5.505360
Mauritian Rupee	40.131000	40.404900	40.335900	40.233200	40.041200	39.995700	NA	40.188100	40.269500
Mexican Peso	16.030200	16.189400	NA	16.173700	16.246500	16.295100	16.342400	16.390400	16.513900
Nepalese Rupee	105.951000	106.573000	106.634000	106.503000	NA	NA	106.947000	107.383000	107.623000
New Zealand Dollar	2.290390	2.270860	2.265400	2.256260	2.245720	2.254800	2.261010	2.256560	2.265840
Norwegian Krone	9.983130	9.926740	9.917580	9.900990	9.939070	9.962140	9.919260	9.916210	9.859700
Rial Omani	0.552084	0.555321	0.555639	0.554961	0.553403	0.552520	0.553520	0.555815	0.557057
Pakistani Rupee	82.312700	82.795900	82.843200	82.549800	82.318100	82.217200	82.365500	82.707500	NA
Nuevo Sol	NA	NA	NA	NA	NA	NA	NA	NA	NA
Philippine Peso	NA	NA	NA	NA	NA	NA	NA	NA	NA
Polish Zloty	5.595220	5.588470	5.604530	5.647740	5.665470	5.669770	5.664600	5.662230	5.700960
Qatar Riyal	5.226490	5.257130	5.260140	5.253730	5.239000	5.230620	5.240070	5.261800	5.273570
Russian Ruble	42.788800	43.032200	43.076000	43.008200	42.798000	42.730300	42.807500	42.986200	43.084900
Saudi Arabian Riyal	5.384420	5.416000	5.419110	5.412490	5.397320	5.388690	5.398430	5.420820	5.432920
Singapore Dollar	2.472100	2.473170	2.476460	2.485420	2.481330	NA	2.474790	2.489670	2.500590
South African Rand	NA	9.510490	9.523170	9.396110	9.470500	9.455370	9.342910	9.287640	9.286690
Sri Lanka Rupee	138.691000	140.316000	139.115000	NA	138.011000	137.871000	NA	139.191000	139.804000
Swedish Krona	10.934000	10.871700	10.870700	10.897100	10.837800	10.899500	10.926400	NA	10.945500
Swiss Franc	1.903500	1.881450	1.878920	1.879650	1.890500	1.896100	1.887150	1.879070	1.868920
Thai Baht	57.299000	57.626300	57.665100	57.599000	57.410200	57.347300	57.463700	57.689100	57.841200
Trinidad And Tobago Dollar	9.000500	NA	9.048220	NA	9.038400	NA	9.049360	9.072850	9.067170
Tunisian Dinar	NA	NA	NA	NA	NA	NA	NA	NA	NA
U.A.E. Dirham	5.273150	5.304080	5.307120	5.300620	5.285780	5.277320	5.286870	5.308790	5.320650
Peso Uruguayo	NA	NA	NA	NA	NA	NA	NA	NA	NA
Bolivar Fuerte	NA	NA	NA	NA	NA	NA	NA	NA	NA

Notes:


The value of the U.S. dollar in terms of the SDR is the reciprocal of the sum of the dollar values, based on market exchange rates, of specified quantities of the SDR basket currencies. See SDR Valuation.

These rates are the official rates used by the Fund to conduct operations with member countries. The rates are derived from the currency's representative exchange rate, as reported by the central bank, normally against the U.S. dollar at spot market rates and rounded to six significant digits. See Representative Exchange Rates for Selected Currencies.

The value in terms of each national currency of the SDR (shown above) is the reciprocal of the value in terms of the SDR of each national currency, rounded to six significant digits.

Exchange rates are published daily except on IMF holidays or whenever the IMF is closed for business.
