Currency units per SDR for June 2004
Currency	June 01, 2004	June 02, 2004	June 03, 2004	June 04, 2004	June 07, 2004	June 08, 2004	June 09, 2004	June 10, 2004	June 11, 2004	June 14, 2004	June 15, 2004
Chinese Yuan	12.174000	12.179500	12.139000	12.139300	12.198900	12.203800	12.163900	12.102100	NA	12.049000	12.063500
Euro	1.202580	1.198710	1.199600	1.201900	1.196430	1.199350	1.208890	NA	1.214050	1.213050	1.209480
Japanese Yen	161.429000	163.046000	162.356000	162.904000	162.349000	161.751000	160.780000	160.766000	160.335000	161.447000	161.598000
U.K. Pound Sterling	0.800435	0.797366	0.798429	0.798193	0.801154	0.800391	0.800942	0.799437	0.801533	0.804790	0.803142
U.S. Dollar	1.470880	1.471540	1.466630	1.466680	1.473890	1.474480	1.469650	1.462170	1.457590	1.455790	1.457540
Algerian Dinar	NA	NA	NA	NA	NA	NA	NA	NA	NA	NA	NA
Australian Dollar	2.054300	2.076390	2.117890	2.122850	2.104350	2.094430	2.108540	2.117240	2.100580	NA	2.128730
Bahrain Dinar	0.553048	0.553299	0.551453	0.551472	0.554182	0.554404	0.552590	0.549777	0.548053	0.547375	0.548035
Botswana Pula	6.936450	6.965870	6.979000	6.965920	7.030220	7.043150	7.101470	7.082450	NA	7.017540	7.029380
Brazilian Real	NA	4.644030	4.589680	4.610500	4.617250	4.587260	4.577520	NA	4.541570	4.570300	4.541410
Brunei Dollar	2.502110	NA	2.499590	2.507580	2.514310	2.513250	2.505750	2.504260	2.499040	NA	NA
Canadian Dollar	2.012890	2.003650	1.995650	1.980310	1.982080	1.985830	1.990050	NA	1.989170	1.991950	NA
Chilean Peso	935.506000	945.305000	941.416000	943.165000	NA	950.462000	941.983000	942.854000	946.602000	945.457000	944.528000
Colombian Peso	4,008.020000	4,026.710000	4,000.510000	3,993.310000	4,002.150000	3,991.900000	3,976.820000	NA	3,982.730000	NA	NA
Czech Koruna	37.982400	37.706700	37.654400	37.640800	37.408800	37.476900	37.883200	38.015000	NA	38.151800	38.407600
Danish Krone	8.944540	8.914240	8.920690	8.935750	8.893710	8.917110	8.993370	9.024370	9.024860	9.016970	8.989650
Hungarian Forint	302.324000	301.445000	302.127000	303.074000	301.984000	300.617000	302.587000	306.807000	NA	308.204000	306.098000
Icelandic Krona	105.079000	105.303000	105.246000	104.809000	104.484000	104.732000	105.168000	105.569000	105.879000	105.705000	105.613000
Indian Rupee	66.851200	66.837300	66.453100	66.279200	66.413400	66.484500	66.104800	65.900000	65.722900	65.888700	65.997500
Indonesian Rupiah	13,633.500000	13,828.000000	NA	13,805.800000	13,832.400000	13,683.200000	13,635.400000	13,656.700000	13,648.900000	13,698.900000	13,700.900000
Iranian Rial	12,592.200000	12,620.100000	NA	NA	12,579.700000	12,644.500000	12,658.400000	12,625.800000	12,625.800000	12,584.900000	12,541.600000
Israeli New Sheqel	6.695410	6.696980	6.661470	6.676330	6.679670	6.660230	6.648720	6.614850	6.598530	6.597610	6.599750
Kazakhstani Tenge	NA	NA	NA	NA	NA	NA	NA	NA	NA	NA	NA
Korean Won	1,710.920000	1,709.340000	1,708.920000	1,705.160000	1,715.750000	1,708.920000	1,701.860000	1,688.370000	1,689.930000	1,686.380000	1,695.270000
Kuwaiti Dinar	0.433467	0.433663	0.432217	NA	0.434354	0.434529	0.433107	0.430901	NA	0.429021	0.429537
Libyan Dinar	1.932370	1.932370	1.932370	1.932370	1.932370	1.932370	1.932370	1.932370	1.932370	1.932370	1.932370
Malaysian Ringgit	5.589340	5.591840	5.573200	5.573390	5.600770	5.603030	5.584660	5.556230	5.538850	5.531980	5.538660
Mauritian Rupee	NA	41.278100	41.138700	41.124800	NA	41.282100	41.136000	40.919500	40.797500	40.761600	40.901100
Mexican Peso	16.892300	16.814500	NA	16.753000	16.728300	16.720200	16.725800	NA	NA	16.643600	NA
Nepalese Rupee	108.396000	108.445000	108.084000	108.087000	108.618000	108.323000	107.968000	107.418000	107.053000	NA	107.049000
New Zealand Dollar	2.320720	2.340230	2.351880	2.363700	NA	2.327510	2.342820	2.353410	2.296140	2.324420	2.334680
Norwegian Krone	9.837100	9.821060	9.825980	9.833910	9.793940	9.820960	9.892370	10.045400	10.067600	10.107800	10.043500
Rial Omani	0.565553	0.565806	0.563920	0.563936	0.566710	0.566938	0.565080	0.562205	0.560444	0.559751	0.560425
Pakistani Rupee	84.895400	84.933600	84.650400	84.813300	85.229700	85.264600	84.984900	NA	84.312100	84.207700	84.309200
Nuevo Sol	NA	NA	NA	NA	NA	NA	NA	NA	NA	NA	NA
Philippine Peso	NA	NA	NA	NA	NA	NA	NA	NA	NA	NA	NA
Polish Zloty	5.583440	5.588310	5.587590	5.587030	5.573510	5.504670	5.532350	NA	5.573550	5.543640	5.528010
Qatar Riyal	5.353980	5.356390	5.338540	5.338710	5.364950	5.367110	5.349540	5.322290	5.305630	5.299050	5.305460
Russian Ruble	42.663200	42.749800	42.658500	42.630100	42.793700	42.792300	42.669400	42.465000	42.311900	NA	42.297800
Saudi Arabian Riyal	5.515780	5.518280	5.499880	5.500040	5.527090	5.529290	5.511190	5.483150	5.465970	5.459200	5.465770
Singapore Dollar	2.502110	NA	2.499590	2.507580	2.514310	2.513250	2.505750	2.504260	2.499040	NA	NA
South African Rand	9.472480	9.461990	9.489110	9.445370	9.543440	9.598860	NA	NA	9.518100	9.564530	NA
Sri Lanka Rupee	145.990000	NA	145.668000	145.864000	146.698000	146.841000	146.728000	146.097000	NA	145.520000	145.916000
Swedish Krona	10.928600	10.929800	10.974100	11.007400	10.917800	NA	10.912200	11.072300	11.150600	11.158600	11.095500
Swiss Franc	NA	NA	1.833290	1.835840	1.823200	1.821430	1.831920	1.836050	1.831900	1.835600	NA
Thai Baht	59.733600	NA	59.627400	59.705400	59.819300	59.807900	59.585500	59.422600	59.302100	59.470400	59.732900
Trinidad And Tobago Dollar	9.227990	9.253600	9.211920	9.183920	9.252150	9.244540	9.219220	NA	9.140850	9.101750	9.138510
Tunisian Dinar	NA	NA	NA	NA	NA	NA	NA	NA	NA	NA	NA
U.A.E. Dirham	5.401780	5.404240	5.386220	5.386360	5.412840	5.415040	5.397290	5.369820	5.353000	5.346360	5.352830
Peso Uruguayo	NA	NA	NA	NA	NA	NA	NA	NA	NA	NA	NA
Bolivar Fuerte	NA	NA	NA	NA	NA	NA	NA	NA	NA	NA	NA

Currency units per SDR for June 2004 Continued

Currency	June 16, 2004	June 17, 2004	June 18, 2004	June 21, 2004	June 22, 2004	June 23, 2004	June 24, 2004	June 25, 2004	June 28, 2004	June 29, 2004	June 30, 2004
Chinese Yuan	12.094000	12.116400	12.102100	12.135500	12.116900	12.110300	12.132400	12.146900	12.162300	12.146500	12.135300
Euro	1.211830	1.215390	1.214260	1.210570	1.210810	1.210540	1.209270	1.209100	1.203710	1.205990	1.206270
Japanese Yen	159.931000	161.106000	160.112000	159.088000	158.990000	159.121000	158.681000	157.548000	158.484000	158.938000	158.909000
U.K. Pound Sterling	0.800365	0.796959	0.797582	0.799003	0.804881	0.806023	0.808846	0.805270	0.804007	0.806088	0.809310
U.S. Dollar	1.461220	1.463930	1.462210	1.466250	1.464000	1.463180	1.465870	1.467610	1.469490	1.467570	1.466220
Algerian Dinar	NA	NA	NA	NA	NA	NA	NA	NA	NA	NA	NA
Australian Dollar	2.105210	2.140570	2.144320	2.130240	2.132860	2.120550	2.126300	2.095680	2.110120	2.098020	2.128350
Bahrain Dinar	0.549420	0.550440	0.549792	0.551307	0.550464	0.550155	0.551168	0.551819	0.552526	0.551806	0.551298
Botswana Pula	6.984800	6.984410	6.941410	6.887000	6.852320	6.816590	6.849880	6.869220	6.768690	6.808460	6.810130
Brazilian Real	4.584150	4.592650	4.572620	4.601090	4.580850	4.584570	4.580850	4.552800	4.568340	4.584550	4.570950
Brunei Dollar	2.503660	2.513570	2.513400	2.516080	2.520120	2.513740	2.514850	2.502560	2.507680	2.511160	2.516480
Canadian Dollar	NA	2.013350	1.995040	1.999960	1.989570	1.992260	1.968670	1.979360	1.973960	1.975350	1.965320
Chilean Peso	947.454000	950.661000	947.751000	948.092000	946.432000	941.433000	940.530000	930.977000	NA	930.804000	933.384000
Colombian Peso	NA	3,990.490000	3,967.070000	NA	3,968.880000	3,964.180000	3,980.620000	3,966.350000	3,963.320000	3,955.130000	3,958.190000
Czech Koruna	38.588000	38.577600	38.660800	38.582800	38.661200	38.606000	38.230000	38.320600	38.302100	38.564300	38.325600
Danish Krone	9.008120	9.035950	9.025190	8.997740	9.000500	8.998230	8.987710	8.986020	8.946060	8.963460	8.965630
Hungarian Forint	305.425000	309.139000	311.787000	308.483000	309.723000	306.873000	306.426000	306.392000	305.932000	305.753000	306.088000
Icelandic Krona	105.734000	105.930000	105.966000	106.376000	106.520000	106.256000	106.540000	106.401000	106.523000	106.223000	106.536000
Indian Rupee	66.324900	66.667600	66.720500	67.183500	67.636600	67.394100	67.180800	67.363200	67.361400	67.449500	67.416800
Indonesian Rupiah	13,718.000000	13,768.300000	13,749.200000	13,768.100000	13,767.400000	13,771.400000	13,823.200000	13,819.000000	13,824.900000	13,828.900000	13,804.500000
Iranian Rial	12,555.200000	12,585.500000	12,585.500000	NA	12,653.700000	12,638.700000	12,631.600000	12,631.600000	12,680.200000	12,703.700000	12,687.100000
Israeli New Sheqel	6.585750	6.586230	6.578470	6.583450	6.574790	6.585750	6.609600	6.605670	6.609730	6.593780	6.593610
Kazakhstani Tenge	NA	NA	NA	NA	NA	NA	NA	NA	NA	NA	NA
Korean Won	1,700.130000	1,693.770000	1,692.800000	1,698.350000	1,692.960000	NA	1,700.710000	1,697.290000	1,691.380000	1,688.730000	1,689.820000
Kuwaiti Dinar	0.430622	0.431421	NA	0.432102	0.431440	0.431198	0.431993	NA	NA	NA	0.432096
Libyan Dinar	1.932370	1.932370	1.932370	1.932370	1.932370	1.932370	1.932370	1.932370	1.932370	1.932370	1.932370
Malaysian Ringgit	5.552660	5.562940	5.556390	5.571740	5.563190	5.560070	5.570320	5.576900	5.584030	5.576750	5.571650
Mauritian Rupee	40.917900	40.976200	40.921900	41.047500	40.978700	40.914500	41.002300	41.051400	41.140800	41.140400	41.133800
Mexican Peso	NA	16.619000	16.568600	16.589600	16.554400	16.596100	16.565000	16.609600	16.769200	16.920600	16.899400
Nepalese Rupee	107.320000	107.519000	107.758000	108.422000	108.987000	109.292000	109.493000	109.256000	109.396000	109.253000	109.153000
New Zealand Dollar	2.299330	2.331840	2.353470	2.335160	2.323440	2.330640	2.345020	2.299960	2.306520	2.288070	2.322550
Norwegian Krone	10.054500	10.146100	10.176700	10.110100	10.078900	10.112900	10.107100	10.009500	10.008200	10.044000	10.176700
Rial Omani	0.561842	0.562882	0.562221	0.563771	0.562908	0.562591	0.563628	0.564296	0.565016	0.564280	0.563761
Pakistani Rupee	84.522300	84.679000	84.737900	84.971900	84.841400	84.793900	84.950200	85.305300	85.414600	85.303100	85.225300
Nuevo Sol	NA	NA	NA	NA	NA	NA	NA	NA	NA	NA	NA
Philippine Peso	NA	NA	NA	NA	NA	NA	NA	NA	NA	NA	NA
Polish Zloty	5.516120	5.565570	5.573080	5.550900	5.570500	5.522330	5.509190	5.526690	5.485160	5.492360	5.493930
Qatar Riyal	5.318870	5.328730	5.322430	5.337150	5.328960	5.325980	5.335780	5.342080	5.348940	5.341940	5.337030
Russian Ruble	42.404500	42.496600	42.441800	42.546100	42.486100	42.467700	42.542300	42.598100	42.650700	42.599800	42.589400
Saudi Arabian Riyal	5.479600	5.489740	5.483300	5.498430	5.489980	5.486910	5.497010	5.503520	5.510580	5.503400	5.498340
Singapore Dollar	2.503660	2.513570	2.513400	2.516080	2.520120	2.513740	2.514850	2.502560	2.507680	2.511160	2.516480
South African Rand	NA	9.478940	9.460470	9.339950	9.230460	9.188730	9.264320	9.289970	9.154910	9.106220	9.193200
Sri Lanka Rupee	147.409000	147.877000	147.802000	148.125000	148.055000	148.774000	149.699000	149.953000	150.572000	150.304000	150.007000
Swedish Krona	11.003000	11.125900	11.171300	11.062800	11.108100	11.021400	11.133300	NA	11.087300	11.021400	11.066300
Swiss Franc	1.846110	1.840460	1.836680	1.831050	1.834390	1.839220	1.830870	1.831860	1.838620	1.845470	1.838350
Thai Baht	59.746400	59.924700	59.821900	59.970700	59.963900	59.939100	59.985100	59.916500	60.125400	60.007400	60.022600
Trinidad And Tobago Dollar	9.176670	9.189830	9.167920	9.199040	9.184340	9.190670	9.205980	9.217440	9.235320	9.219140	9.203610
Tunisian Dinar	NA	NA	NA	NA	NA	NA	NA	NA	NA	NA	NA
U.A.E. Dirham	5.366330	5.376290	5.369960	5.384800	5.376520	5.373510	5.383440	5.389790	5.396680	5.389640	5.384710
Peso Uruguayo	NA	NA	NA	NA	NA	NA	NA	NA	NA	NA	NA
Bolivar Fuerte	NA	NA	NA	NA	NA	NA	NA	NA	NA	NA	NA

Notes:


The value of the U.S. dollar in terms of the SDR is the reciprocal of the sum of the dollar values, based on market exchange rates, of specified quantities of the SDR basket currencies. See SDR Valuation.

These rates are the official rates used by the Fund to conduct operations with member countries. The rates are derived from the currency's representative exchange rate, as reported by the central bank, normally against the U.S. dollar at spot market rates and rounded to six significant digits. See Representative Exchange Rates for Selected Currencies.

The value in terms of each national currency of the SDR (shown above) is the reciprocal of the value in terms of the SDR of each national currency, rounded to six significant digits.

Exchange rates are published daily except on IMF holidays or whenever the IMF is closed for business.
