Currency units per SDR for October 2004
Currency	October 01, 2004	October 04, 2004	October 05, 2004	October 06, 2004	October 07, 2004	October 08, 2004	October 11, 2004	October 12, 2004	October 13, 2004	October 14, 2004	October 15, 2004
Chinese Yuan	NA	12.141300	12.123200	12.120600	12.121400	12.146200	NA	12.146000	12.149100	12.189000	12.201100
Euro	1.185390	1.192150	1.190470	1.192350	1.190590	1.191640	1.189360	1.191950	1.196630	1.189890	1.187520
Japanese Yen	161.974000	162.420000	162.397000	162.700000	162.638000	162.277000	NA	160.915000	160.882000	161.514000	161.571000
U.K. Pound Sterling	0.820324	0.820210	0.821645	0.822395	0.822639	0.821254	0.821045	0.820998	0.819968	0.818043	0.819632
U.S. Dollar	1.471420	1.466940	1.464750	1.464440	1.464540	1.467500	1.473860	1.467530	1.467900	1.472720	1.474190
Algerian Dinar	NA	NA	NA	NA	NA	NA	NA	NA	NA	NA	NA
Australian Dollar	2.025350	NA	2.030150	2.021040	2.021170	2.016360	2.008530	2.006190	2.015240	2.032190	2.018610
Bahrain Dinar	0.553253	0.551569	0.550746	0.550630	0.550667	0.551782	0.554170	0.551791	0.551931	0.553744	0.554296
Botswana Pula	NA	6.987090	7.021830	7.006920	7.063140	7.060400	NA	7.036800	7.079350	7.066790	6.999960
Brazilian Real	NA	4.181510	4.138950	4.134570	4.152570	NA	4.162630	NA	4.155640	NA	NA
Brunei Dollar	2.481250	2.473990	2.469430	2.473150	2.476100	2.472600	2.481090	2.472640	2.472390	2.481240	2.477680
Canadian Dollar	1.858400	NA	1.848960	NA	1.841660	NA	NA	1.845120	NA	NA	NA
Chilean Peso	895.945000	892.045000	883.931000	879.121000	879.956000	884.791000	NA	875.526000	877.878000	888.320000	897.666000
Colombian Peso	3,837.900000	3,859.250000	3,851.780000	NA	3,812.700000	NA	3,808.070000	3,791.710000	NA	NA	NA
Czech Koruna	37.474100	37.581600	37.444900	37.461900	37.359000	37.374400	37.332800	37.413200	37.656100	37.429200	37.363300
Danish Krone	8.819660	8.870990	8.857790	8.872640	8.860770	8.865640	NA	8.866660	8.900920	8.849870	8.833220
Hungarian Forint	292.121000	292.860000	293.053000	293.182000	293.055000	292.517000	291.736000	293.521000	294.506000	294.707000	294.646000
Icelandic Krona	104.412000	104.329000	104.671000	104.356000	104.144000	104.251000	103.966000	104.239000	104.456000	103.960000	103.813000
Indian Rupee	67.567600	67.347300	67.173600	67.217900	67.164100	67.255800	67.458600	67.301100	NA	67.539300	67.606400
Indonesian Rupiah	13,456.100000	13,444.500000	13,282.400000	13,333.800000	13,320.000000	13,330.800000	13,357.600000	13,347.200000	13,379.900000	13,457.800000	13,418.100000
Iranian Rial	12,856.600000	NA	12,851.900000	12,837.100000	12,832.900000	12,832.900000	12,859.700000	12,861.200000	12,864.400000	12,873.500000	NA
Israeli New Sheqel	6.586050	6.554280	6.541590	6.538730	NA	6.556820	6.561640	6.545190	6.551230	NA	6.580810
Kazakhstani Tenge	NA	NA	NA	NA	NA	NA	NA	NA	NA	NA	NA
Korean Won	1,696.110000	1,684.050000	1,684.170000	1,681.470000	1,684.960000	1,690.270000	1,694.790000	1,681.790000	1,684.570000	1,688.040000	1,691.640000
Kuwaiti Dinar	NA	0.432307	0.431663	0.431572	0.431600	NA	0.434346	0.432481	NA	0.434011	NA
Libyan Dinar	1.932370	1.932370	1.932370	1.932370	1.932370	1.932370	1.932370	1.932370	1.932370	1.932370	1.932370
Malaysian Ringgit	5.591400	5.574380	5.566070	5.564890	5.565260	5.576530	5.600670	5.576620	5.578020	5.596350	5.601930
Mauritian Rupee	42.054600	41.938200	41.860600	41.853600	41.844500	NA	42.118600	41.918500	41.971100	42.124100	42.146600
Mexican Peso	16.701000	NA	16.573500	NA	16.530900	NA	16.573400	16.563300	NA	NA	NA
Nepalese Rupee	110.055000	109.720000	NA	109.533000	109.540000	109.762000	110.001000	109.404000	109.432000	109.792000	NA
New Zealand Dollar	2.175050	2.181970	2.189470	2.174380	2.170020	2.168940	2.153510	2.152440	2.168890	2.177940	2.165700
Norwegian Krone	9.871860	9.888950	9.854740	9.860670	9.864560	NA	9.783780	9.765050	9.843490	9.751820	9.756670
Rial Omani	0.565761	0.564038	0.563196	0.563079	0.563117	0.564254	0.566697	0.564264	0.564407	0.566261	0.566826
Pakistani Rupee	87.124000	NA	86.729500	NA	86.716700	NA	87.268400	86.893800	NA	87.201400	87.288200
Nuevo Sol	NA	NA	NA	NA	NA	NA	NA	NA	NA	NA	NA
Philippine Peso	NA	NA	NA	NA	NA	NA	NA	NA	NA	NA	NA
Polish Zloty	5.187210	5.147210	5.155650	5.138140	5.159000	5.160620	5.128280	5.115060	5.130180	5.115670	5.127230
Qatar Riyal	5.355960	5.339660	5.331710	5.330580	5.330950	5.341710	5.364840	5.341820	5.343160	5.360720	5.366040
Russian Ruble	42.991200	42.857900	42.798700	42.793200	42.794500	42.883100	42.929300	42.727400	NA	42.878900	42.921200
Saudi Arabian Riyal	5.517820	5.501030	5.492820	5.491670	5.492030	5.503150	5.526970	5.503240	5.504640	5.522730	5.528220
Singapore Dollar	2.481250	2.473990	2.469430	2.473150	2.476100	2.472600	2.481090	2.472640	2.472390	2.481240	2.477680
South African Rand	9.527440	9.513120	9.601440	9.562790	9.644040	NA	NA	9.604950	NA	NA	NA
Sri Lanka Rupee	152.475000	151.973000	151.705000	151.766000	151.774000	152.138000	152.786000	152.186000	152.312000	152.944000	153.109000
Swedish Krona	10.715600	10.683000	10.798900	10.767300	10.764400	10.756800	10.773900	10.779000	10.796400	10.806100	10.827900
Swiss Franc	1.841480	1.843360	1.853500	1.852230	1.850740	1.849640	1.842320	1.849090	1.846620	1.840320	1.833160
Thai Baht	60.922500	60.729700	60.618900	60.701300	60.642400	60.675600	60.846900	60.667800	60.733000	61.037000	NA
Trinidad And Tobago Dollar	9.238730	9.222970	NA	9.163640	9.184590	9.186870	9.226960	9.192020	9.199800	9.230710	NA
Tunisian Dinar	NA	NA	NA	NA	NA	NA	NA	NA	NA	NA	NA
U.A.E. Dirham	5.403800	5.387350	5.379290	5.378170	5.378540	5.389410	5.412750	5.389500	5.390860	5.408590	5.413980
Peso Uruguayo	NA	NA	NA	NA	NA	NA	NA	NA	NA	NA	NA
Bolivar Fuerte	NA	NA	NA	NA	NA	NA	NA	NA	NA	NA	NA

Currency units per SDR for October 2004 Continued

Currency	October 18, 2004	October 19, 2004	October 20, 2004	October 21, 2004	October 22, 2004	October 25, 2004	October 26, 2004	October 27, 2004	October 28, 2004	October 29, 2004
Chinese Yuan	12.230800	12.253400	12.287400	12.331600	NA	12.421400	12.409900	12.411800	12.362900	12.404600
Euro	1.184690	1.183550	1.179200	1.181940	1.182100	1.173240	1.172880	1.172330	1.175150	1.176710
Japanese Yen	161.447000	161.997000	161.228000	160.646000	160.340000	160.241000	160.017000	160.612000	158.560000	159.065000
U.K. Pound Sterling	0.820123	0.821686	0.820951	0.814359	0.816033	0.814637	0.816273	0.815601	0.819249	0.818157
U.S. Dollar	1.477780	1.480510	1.484610	1.489950	1.490150	1.500810	1.499410	1.499640	1.493740	1.498780
Algerian Dinar	NA	NA	NA	NA	NA	NA	NA	NA	NA	NA
Australian Dollar	2.021030	2.042640	2.040700	2.022470	2.023290	2.015860	2.005630	2.011860	1.995110	2.008820
Bahrain Dinar	0.555645	0.556672	0.558213	0.560221	0.560296	0.564302	0.563777	0.563866	0.561646	0.563542
Botswana Pula	6.950960	6.916630	6.897120	6.877250	NA	6.892320	6.893840	6.852370	6.850440	6.806430
Brazilian Real	4.228670	4.225220	4.260520	4.296860	4.250960	4.274450	4.319650	4.307110	4.268650	4.293560
Brunei Dollar	2.480010	2.486810	2.485830	2.491500	2.489900	2.495690	2.492920	2.500950	2.482590	2.491120
Canadian Dollar	1.854320	1.857150	NA	1.851710	NA	1.835940	1.836930	1.838110	1.821910	1.829560
Chilean Peso	902.967000	900.641000	903.832000	917.583000	912.342000	911.752000	917.608000	918.864000	912.093000	922.050000
Colombian Peso	NA	3,793.890000	3,794.920000	3,816.250000	3,807.730000	3,831.590000	3,850.660000	3,872.670000	3,853.220000	3,875.550000
Czech Koruna	37.176500	37.193200	37.131500	37.239800	37.309000	37.032400	37.113500	37.035100	NA	37.109700
Danish Krone	8.812590	8.803670	8.769850	8.788660	8.788890	8.722730	8.719990	8.716040	8.736290	8.746000
Hungarian Forint	293.901000	292.904000	291.443000	291.479000	291.489000	290.016000	290.901000	290.781000	NA	NA
Icelandic Krona	103.090000	103.443000	103.388000	103.269000	102.910000	102.625000	103.039000	103.760000	103.949000	103.536000
Indian Rupee	67.726800	67.851800	67.980000	68.195100	NA	68.511900	68.463100	68.563600	68.054500	68.119400
Indonesian Rupiah	13,431.500000	13,480.000000	13,455.000000	13,545.100000	13,539.500000	13,607.800000	13,599.700000	13,639.200000	13,578.100000	13,623.900000
Iranian Rial	12,924.200000	12,955.700000	12,982.600000	13,018.500000	13,018.500000	13,154.600000	13,131.800000	NA	13,097.100000	NA
Israeli New Sheqel	NA	6.613410	6.610960	6.618350	6.620760	6.648580	6.645400	NA	NA	6.696530
Kazakhstani Tenge	NA	NA	NA	NA	NA	NA	NA	NA	NA	NA
Korean Won	1,692.650000	1,693.550000	1,699.430000	1,702.570000	1,701.610000	1,712.570000	1,703.330000	NA	NA	NA
Kuwaiti Dinar	0.435502	0.436306	0.437514	0.439090	NA	0.442288	0.441876	0.441944	0.440205	NA
Libyan Dinar	1.932370	1.932370	1.932370	1.932370	1.932370	1.932370	1.932370	1.932370	1.932370	1.932370
Malaysian Ringgit	5.615550	5.625940	5.641530	5.661810	5.662580	5.703080	5.697750	5.698620	5.676210	5.695340
Mauritian Rupee	42.288700	42.309400	42.458500	42.570600	42.541800	42.859000	42.784200	42.709700	42.487400	42.651900
Mexican Peso	17.004500	16.952900	NA	17.093000	NA	17.281800	17.269900	17.263600	17.221800	17.294400
Nepalese Rupee	NA	110.372000	NA	NA	NA	NA	NA	111.491000	110.977000	111.352000
New Zealand Dollar	2.153260	2.163220	2.166050	2.157470	2.151540	NA	2.138650	2.152800	2.174610	2.196010
Norwegian Krone	9.760570	9.752580	9.704780	9.732640	9.706850	9.651670	9.661000	9.568650	9.628620	9.586070
Rial Omani	0.568208	0.569256	0.570832	0.572885	0.572964	0.577061	0.576522	0.576611	0.574343	0.576279
Pakistani Rupee	87.500500	87.662400	NA	NA	88.233200	88.864400	88.781600	88.795000	NA	NA
Nuevo Sol	NA	NA	NA	NA	NA	NA	NA	NA	NA	NA
Philippine Peso	NA	NA	NA	NA	NA	NA	NA	NA	NA	NA
Polish Zloty	NA	5.092190	5.072770	5.089810	5.074260	5.058480	5.109550	5.112270	5.097070	5.089860
Qatar Riyal	5.379120	5.389030	5.403970	5.423430	5.424170	5.462930	5.457860	5.458690	5.437210	5.455570
Russian Ruble	43.031700	43.108700	43.224400	NA	43.212800	43.324200	43.139300	43.140800	42.987300	43.113100
Saudi Arabian Riyal	5.541670	5.551920	5.567280	5.587310	5.588060	5.628030	5.622780	5.623660	5.601520	5.620410
Singapore Dollar	2.480010	2.486810	2.485830	2.491500	2.489900	2.495690	2.492920	2.500950	2.482590	2.491120
South African Rand	9.457790	NA	9.330800	9.312200	9.224070	9.237450	9.341340	9.245310	9.223820	NA
Sri Lanka Rupee	153.563000	153.904000	154.354000	154.935000	154.958000	156.071000	155.923000	NA	155.375000	155.944000
Swedish Krona	10.791500	10.792900	10.756000	10.727600	10.740300	10.700800	10.615800	10.598700	10.586900	10.637600
Swiss Franc	1.821660	NA	1.814190	1.813570	1.815450	1.796170	1.795990	1.797170	1.804880	1.798090
Thai Baht	61.271500	61.289900	61.375300	61.584300	61.577500	NA	61.520700	61.600600	61.265500	61.511200
Trinidad And Tobago Dollar	9.284620	9.304580	9.274800	9.354360	9.348500	9.417880	9.415400	9.402300	9.353220	9.401240
Tunisian Dinar	NA	NA	NA	NA	NA	NA	NA	NA	NA	NA
U.A.E. Dirham	5.427140	5.437180	5.452240	5.471840	5.472590	5.511710	5.506580	5.507430	5.485730	5.504270
Peso Uruguayo	NA	NA	NA	NA	NA	NA	NA	NA	NA	NA
Bolivar Fuerte	NA	NA	NA	NA	NA	NA	NA	NA	NA	NA

Notes:


The value of the U.S. dollar in terms of the SDR is the reciprocal of the sum of the dollar values, based on market exchange rates, of specified quantities of the SDR basket currencies. See SDR Valuation.

These rates are the official rates used by the Fund to conduct operations with member countries. The rates are derived from the currency's representative exchange rate, as reported by the central bank, normally against the U.S. dollar at spot market rates and rounded to six significant digits. See Representative Exchange Rates for Selected Currencies.

The value in terms of each national currency of the SDR (shown above) is the reciprocal of the value in terms of the SDR of each national currency, rounded to six significant digits.

Exchange rates are published daily except on IMF holidays or whenever the IMF is closed for business.
