Currency units per SDR for January 2004
Currency	January 02, 2004	January 05, 2004	January 06, 2004	January 07, 2004	January 08, 2004	January 09, 2004	January 12, 2004	January 13, 2004	January 14, 2004	January 15, 2004	January 16, 2004
Chinese Yuan	NA	12.349800	12.388700	12.355500	12.327100	12.396700	12.450100	12.399300	12.378100	12.351400	12.296300
Euro	1.179940	1.178850	1.173370	1.177320	1.178790	1.175890	1.172570	1.175050	1.178320	1.181090	1.189190
Japanese Yen	NA	159.502000	159.029000	158.587000	158.087000	161.080000	NA	159.590000	158.854000	158.557000	157.628000
U.K. Pound Sterling	0.831995	0.829112	0.821983	0.822889	0.821807	0.815534	0.812057	0.811965	0.814551	0.818331	0.820123
U.S. Dollar	1.485780	1.492070	1.496750	1.492720	1.489280	1.497730	1.504180	1.498080	1.495520	1.492300	1.485650
Algerian Dinar	NA	NA	NA	NA	NA	NA	NA	NA	NA	NA	NA
Australian Dollar	1.973930	1.955520	1.951940	1.944410	1.939420	1.932050	1.931650	1.925050	1.925730	1.928540	1.927420
Bahrain Dinar	0.558653	0.561016	0.562778	0.561262	0.559970	0.563146	0.565569	0.563279	0.562316	0.561107	0.558606
Botswana Pula	NA	6.454940	6.517500	6.596220	6.648580	6.741950	6.680790	6.882980	6.996580	6.988070	7.071190
Brazilian Real	4.291510	4.305200	4.283540	4.254250	4.276460	4.280490	4.273960	4.217840	4.189550	4.198450	4.177370
Brunei Dollar	2.525070	2.536360	2.543120	2.533600	2.528060	2.538050	2.544610	2.538500	2.532520	2.529460	2.524720
Canadian Dollar	1.916650	1.910290	1.918680	1.922920	1.904490	1.900910	1.915720	1.906900	1.924590	1.936860	1.928080
Chilean Peso	NA	876.870000	867.258000	843.654000	845.659000	NA	843.106000	837.738000	842.950000	853.716000	846.167000
Colombian Peso	4,127.800000	4,144.910000	4,159.340000	4,128.510000	4,108.670000	4,120.080000	4,143.000000	4,126.200000	4,131.090000	4,099.450000	4,046.670000
Czech Koruna	38.230500	38.159600	37.991900	38.101600	38.152400	38.227900	38.210500	38.255000	38.388600	38.523800	38.910800
Danish Krone	8.784800	8.779320	8.738590	8.768240	8.779790	8.757790	8.733240	8.752350	8.776160	8.796850	8.857790
Hungarian Forint	NA	308.604000	305.187000	308.874000	312.109000	316.844000	315.170000	316.110000	314.747000	314.100000	317.663000
Icelandic Krona	NA	104.862000	104.009000	104.446000	104.816000	104.556000	103.954000	104.311000	104.328000	103.954000	104.070000
Indian Rupee	67.736500	68.068000	68.281800	68.112900	67.821900	68.146400	68.319500	68.057800	67.911700	67.795200	67.522900
Indonesian Rupiah	NA	12,581.100000	12,520.300000	12,461.200000	12,460.800000	12,495.500000	12,529.800000	12,468.500000	12,453.200000	12,460.700000	12,424.500000
Iranian Rial	12,335.000000	12,335.000000	12,378.200000	12,412.600000	12,379.100000	12,379.100000	12,411.700000	12,466.600000	12,441.600000	12,420.300000	12,420.300000
Israeli New Sheqel	NA	NA	6.542280	6.560520	6.543900	6.564520	6.594310	6.584060	6.587790	6.588530	6.538380
Kazakhstani Tenge	NA	NA	NA	NA	NA	NA	NA	NA	NA	NA	NA
Korean Won	1,774.460000	1,783.760000	NA	1,773.200000	1,768.370000	1,772.260000	1,779.290000	1,765.480000	1,764.560000	1,761.220000	1,764.070000
Kuwaiti Dinar	NA	NA	0.441090	0.439905	0.438891	NA	0.443280	0.441484	0.440731	0.439783	NA
Libyan Dinar	NA	1.932370	1.932370	1.932370	1.932370	1.932370	1.932370	1.932370	1.932370	1.932370	1.932370
Malaysian Ringgit	NA	5.669830	5.687640	5.672340	5.659280	5.691360	5.715850	5.692690	5.682980	5.670770	5.645480
Mauritian Rupee	NA	38.809600	38.858900	38.538000	38.439400	38.686500	38.685600	38.512300	38.556300	38.383300	38.244400
Mexican Peso	16.475000	NA	16.417200	16.277200	16.210400	16.231800	16.272200	16.234500	16.186200	16.193600	16.070600
Nepalese Rupee	110.007000	110.472000	110.819000	110.521000	110.266000	NA	111.369000	NA	110.728000	110.162000	NA
New Zealand Dollar	NA	2.249460	2.236450	2.232610	2.221480	NA	2.208290	2.204030	2.194130	2.195050	2.209480
Norwegian Krone	9.903740	9.909430	10.051100	10.089000	NA	10.168500	10.091800	10.069000	10.094600	10.088300	10.228300
Rial Omani	0.571282	0.573700	0.575500	0.573951	0.572629	0.575874	0.578356	0.576010	0.575027	0.573789	0.571233
Pakistani Rupee	85.306800	85.667800	85.936500	85.705200	85.508100	85.992700	86.363200	86.012600	85.866400	85.681700	85.299500
Nuevo Sol	NA	NA	NA	NA	NA	NA	NA	NA	NA	NA	NA
Philippine Peso	NA	NA	NA	NA	NA	NA	NA	NA	NA	NA	NA
Polish Zloty	5.545940	NA	5.494110	5.513800	5.521960	5.518370	5.483630	5.523120	5.587720	5.586120	5.619180
Qatar Riyal	5.408210	5.431120	5.448170	5.433510	5.420990	5.451730	5.475190	5.453010	5.443690	5.431980	5.407770
Russian Ruble	NA	43.948100	43.772300	43.654600	NA	43.421800	43.427300	43.270600	43.174400	43.096900	42.905000
Saudi Arabian Riyal	5.571650	5.595250	5.612810	5.597690	5.584810	5.616460	5.640670	5.617790	5.608210	5.596130	5.571220
Singapore Dollar	2.525070	2.536360	2.543120	2.533600	2.528060	2.538050	2.544610	2.538500	2.532520	2.529460	2.524720
South African Rand	9.917580	9.489560	9.691430	NA	9.888850	10.087200	10.138100	10.426600	10.767800	10.684900	10.889900
Sri Lanka Rupee	144.071000	145.190000	146.092000	NA	145.689000	146.735000	146.962000	146.821000	146.545000	NA	145.731000
Swedish Krona	10.697600	10.683200	NA	10.699100	10.745200	10.727500	10.642000	10.730000	10.823800	10.834100	10.904700
Swiss Franc	NA	1.835540	1.841000	1.848880	1.856830	1.840110	1.830880	1.838890	1.840990	1.847470	1.862270
Thai Baht	NA	58.758900	58.678600	58.304300	58.107400	58.444300	58.527400	58.273700	58.266900	58.223800	57.936100
Trinidad And Tobago Dollar	NA	NA	9.370670	9.365050	NA	9.359620	NA	9.356290	9.389500	9.366010	9.328710
Tunisian Dinar	NA	NA	NA	NA	NA	NA	NA	NA	NA	NA	NA
U.A.E. Dirham	5.456520	5.479600	5.496800	5.482010	5.469380	5.500400	5.524100	5.501700	5.492300	5.480470	5.456070
Peso Uruguayo	NA	NA	NA	NA	NA	NA	NA	NA	NA	NA	NA
Bolivar Fuerte	NA	NA	NA	NA	NA	NA	NA	NA	NA	NA	NA

Currency units per SDR for January 2004 Continued

Currency	January 19, 2004	January 20, 2004	January 21, 2004	January 22, 2004	January 23, 2004	January 26, 2004	January 27, 2004	January 28, 2004	January 29, 2004	January 30, 2004
Chinese Yuan	NA	12.276000	12.344000	12.390900	12.414000	12.334100	12.290500	12.358800	12.310900	12.260500
Euro	1.191910	1.183110	1.182950	1.177820	1.181690	1.185010	1.186290	1.188510	1.192940	1.196150
Japanese Yen	157.135000	159.439000	159.842000	160.001000	159.278000	158.284000	157.620000	158.570000	157.809000	156.975000
U.K. Pound Sterling	0.825777	0.820419	0.814764	0.811919	0.811754	0.815228	0.821922	0.814140	0.815082	0.818043
U.S. Dollar	1.474750	1.483150	1.491340	1.497010	1.499790	1.490150	1.484880	1.493130	1.487360	1.481310
Algerian Dinar	NA	NA	NA	NA	NA	NA	NA	NA	NA	NA
Australian Dollar	1.945580	1.957950	1.937310	1.936120	1.929490	NA	1.929670	1.921660	1.928380	1.937880
Bahrain Dinar	0.554505	0.557665	0.560742	0.562876	0.563924	0.560296	0.558316	0.561416	0.559247	0.556973
Botswana Pula	NA	7.017490	6.938080	6.932220	6.992030	7.010800	6.920890	6.880800	6.863650	6.861110
Brazilian Real	4.155260	4.213770	4.231530	4.252860	4.260760	4.236050	4.220480	4.267210	4.280160	4.329590
Brunei Dollar	2.519020	2.539900	2.539010	NA	NA	2.528040	2.519840	2.532200	2.527770	2.521200
Canadian Dollar	1.920270	1.907630	1.940080	1.941170	1.967580	1.957460	1.937620	1.973470	1.983990	1.964810
Chilean Peso	NA	849.387000	845.780000	845.559000	848.522000	854.139000	859.166000	862.285000	870.148000	884.017000
Colombian Peso	4,024.140000	4,047.080000	4,072.470000	4,102.950000	4,113.750000	4,094.520000	4,108.500000	4,085.620000	4,047.930000	4,059.610000
Czech Koruna	39.103000	38.935700	38.777900	38.696200	38.964600	39.040400	39.046500	39.314000	39.630600	39.834000
Danish Krone	8.877680	8.810340	8.809640	8.773550	8.803050	8.827220	8.836110	8.852610	8.886360	8.910670
Hungarian Forint	NA	314.087000	311.153000	310.166000	309.152000	311.263000	312.790000	311.810000	312.985000	317.297000
Icelandic Krona	102.849000	102.738000	102.619000	102.515000	102.166000	102.642000	102.724000	102.892000	103.357000	103.173000
Indian Rupee	66.968500	67.364600	67.692000	67.964300	68.030500	NA	67.354100	67.698400	67.451800	67.118100
Indonesian Rupiah	12,336.300000	12,443.600000	12,521.300000	NA	12,584.800000	12,554.500000	12,548.700000	NA	12,541.400000	12,503.800000
Iranian Rial	NA	NA	12,393.200000	12,448.200000	12,448.200000	12,530.700000	12,454.700000	12,422.500000	12,422.500000	12,422.500000
Israeli New Sheqel	6.519880	6.565900	6.594700	NA	6.656110	6.641610	6.629980	6.693710	6.666360	6.640720
Kazakhstani Tenge	NA	NA	NA	NA	NA	NA	NA	NA	NA	NA
Korean Won	1,750.680000	1,758.570000	NA	NA	NA	1,771.190000	1,754.530000	1,757.710000	1,744.670000	1,738.470000
Kuwaiti Dinar	0.434609	0.437084	0.439499	0.441168	NA	0.439147	0.437595	0.440025	0.438325	NA
Libyan Dinar	1.932370	1.932370	1.932370	1.932370	1.932370	1.932370	1.932370	1.932370	1.932370	1.932370
Malaysian Ringgit	5.604060	5.635960	5.667100	5.688640	5.699210	5.662580	5.642540	5.673890	5.651950	5.628980
Mauritian Rupee	37.866700	38.081200	38.222600	NA	38.420200	38.143600	37.830400	37.903900	37.798600	37.786800
Mexican Peso	NA	16.087700	16.333300	16.468900	16.440700	16.269200	16.153900	16.296800	16.486300	16.326100
Nepalese Rupee	108.837000	109.457000	NA	110.479000	NA	109.966000	109.577000	110.186000	109.767000	NA
New Zealand Dollar	NA	NA	NA	NA	NA	2.219140	2.219390	2.203230	2.200230	2.212890
Norwegian Krone	10.258200	10.180100	10.220600	10.062200	10.154200	10.207700	10.203400	10.318700	10.454900	10.429200
Rial Omani	0.567041	0.570272	0.573421	0.575599	0.576671	0.572964	0.570936	0.574109	0.571889	0.569564
Pakistani Rupee	84.671900	NA	85.624500	85.949800	86.109700	85.556400	85.253700	85.727300	85.395600	85.048500
Nuevo Sol	NA	NA	NA	NA	NA	NA	NA	NA	NA	NA
Philippine Peso	NA	NA	NA	NA	NA	NA	NA	NA	NA	NA
Polish Zloty	5.628380	5.628700	5.567770	5.543880	5.513990	5.573170	5.629170	5.607740	5.637070	5.699790
Qatar Riyal	5.368090	5.398660	5.428470	5.449120	5.459260	5.424140	5.404970	5.434990	5.413980	5.391970
Russian Ruble	42.467000	42.692900	42.954400	NA	42.821200	42.463700	42.339700	42.531800	42.377200	42.208200
Saudi Arabian Riyal	5.530300	5.561830	5.592530	5.613780	5.624230	5.588060	5.568300	5.599230	5.577590	5.554910
Singapore Dollar	2.519020	2.539900	2.539010	NA	NA	2.528040	2.519840	2.532200	2.527770	2.521200
South African Rand	10.721400	10.782500	10.610900	10.606300	10.701000	10.773800	10.587200	10.362300	10.493300	10.369200
Sri Lanka Rupee	144.784000	145.718000	146.718000	147.840000	147.646000	146.579000	145.570000	145.384000	145.001000	144.431000
Swedish Krona	10.939000	10.916000	10.842000	10.782200	10.723500	10.863200	10.939900	10.795300	10.865100	10.980200
Swiss Franc	1.873820	1.864320	1.853740	1.847910	1.845050	1.856280	1.864710	1.857750	1.859350	1.869420
Thai Baht	57.583100	57.943800	58.219100	58.423800	58.616300	58.527100	58.280200	58.405400	58.338600	58.160800
Trinidad And Tobago Dollar	9.255400	9.275490	9.358910	9.360490	9.396550	9.338810	9.307260	9.357860	9.314460	9.284530
Tunisian Dinar	NA	NA	NA	NA	NA	NA	NA	NA	NA	NA
U.A.E. Dirham	5.416030	5.446860	5.476930	5.497770	5.508000	5.472590	5.453220	5.483510	5.462330	5.440130
Peso Uruguayo	NA	NA	NA	NA	NA	NA	NA	NA	NA	NA
Bolivar Fuerte	NA	NA	NA	NA	NA	NA	NA	NA	NA	NA

Notes:


The value of the U.S. dollar in terms of the SDR is the reciprocal of the sum of the dollar values, based on market exchange rates, of specified quantities of the SDR basket currencies. See SDR Valuation.

These rates are the official rates used by the Fund to conduct operations with member countries. The rates are derived from the currency's representative exchange rate, as reported by the central bank, normally against the U.S. dollar at spot market rates and rounded to six significant digits. See Representative Exchange Rates for Selected Currencies.

The value in terms of each national currency of the SDR (shown above) is the reciprocal of the value in terms of the SDR of each national currency, rounded to six significant digits.

Exchange rates are published daily except on IMF holidays or whenever the IMF is closed for business.
