Currency units per SDR for February 2004
Currency	February 02, 2004	February 03, 2004	February 04, 2004	February 05, 2004	February 06, 2004	February 09, 2004	February 10, 2004	February 11, 2004	February 12, 2004	February 13, 2004	February 16, 2004
Chinese Yuan	12.294900	12.351600	12.343900	12.350300	12.314000	12.423100	12.451800	12.412000	12.485900	12.485400	NA
Euro	1.192070	1.185730	1.190760	1.185790	1.187390	1.180570	1.178590	1.182620	1.178300	1.177000	1.180750
Japanese Yen	156.877000	157.476000	157.169000	157.458000	157.917000	158.641000	158.634000	NA	158.902000	158.975000	158.639000
U.K. Pound Sterling	0.815189	0.811886	0.811464	0.814273	0.811478	0.806783	0.803820	0.801815	0.797118	0.797315	0.798301
U.S. Dollar	1.485430	1.492240	1.491310	1.492070	1.487680	1.500860	1.504350	1.499560	1.508470	1.508440	1.504400
Algerian Dinar	NA	NA	NA	NA	NA	NA	NA	NA	NA	NA	NA
Australian Dollar	1.950670	1.962450	1.953250	1.960680	1.948760	1.933600	1.930890	1.923500	1.916490	1.907490	1.903820
Bahrain Dinar	0.558522	0.561082	0.560733	0.561019	0.559369	0.564325	0.565636	0.563835	0.567183	0.567173	0.565652
Botswana Pula	6.859560	6.821700	6.823660	6.789880	7.458900	7.442910	7.386940	7.367030	7.285500	7.188190	NA
Brazilian Real	4.367330	4.398830	4.372220	4.341630	4.362930	4.426350	4.412710	4.377210	4.411510	4.379610	4.374340
Brunei Dollar	NA	2.529800	2.526130	2.526980	2.523110	2.532100	2.531520	2.510260	2.522000	2.525130	2.518500
Canadian Dollar	1.988100	1.995730	1.987470	1.987290	1.977270	1.996750	1.999130	1.976270	1.989820	1.983600	1.977830
Chilean Peso	878.518000	861.430000	866.716000	876.294000	885.677000	898.416000	882.994000	874.585000	878.603000	870.383000	NA
Colombian Peso	4,073.750000	4,085.990000	4,097.030000	4,104.200000	4,089.480000	4,138.080000	4,123.680000	4,102.040000	4,128.580000	4,127.730000	4,098.510000
Czech Koruna	39.610500	39.569800	39.525700	39.511600	39.429400	39.235500	39.054400	38.966000	38.803800	38.376200	38.399700
Danish Krone	8.881550	8.834860	8.872720	8.835170	8.846660	8.795620	8.781790	8.811890	8.780020	8.769780	8.797550
Hungarian Forint	315.106000	316.207000	314.651000	315.156000	319.077000	314.701000	311.702000	312.193000	311.000000	309.607000	NA
Icelandic Krona	103.074000	102.816000	102.796000	102.207000	102.248000	102.329000	102.461000	102.705000	102.153000	102.001000	102.329000
Indian Rupee	NA	67.598600	67.571200	67.546100	67.362300	67.944000	68.072100	67.870200	68.258000	68.272000	68.074000
Indonesian Rupiah	NA	12,602.000000	12,582.200000	12,611.000000	12,570.900000	12,665.800000	12,683.200000	12,581.300000	12,666.600000	12,692.000000	12,635.400000
Iranian Rial	NA	NA	12,499.000000	12,488.200000	12,488.200000	12,459.300000	NA	NA	NA	NA	12,621.100000
Israeli New Sheqel	6.674050	6.649420	6.672090	6.685970	6.646950	6.707360	6.730470	6.721020	6.741320	6.692950	6.679540
Kazakhstani Tenge	NA	NA	NA	NA	NA	NA	NA	NA	NA	NA	NA
Korean Won	1,745.240000	1,746.970000	1,739.160000	1,743.190000	1,736.420000	1,754.810000	1,756.180000	1,743.840000	1,751.330000	1,750.850000	1,746.300000
Kuwaiti Dinar	NA	NA	NA	0.439715	NA	0.442304	0.443333	0.441921	0.444545	NA	0.443345
Libyan Dinar	1.932370	1.932370	1.932370	1.932370	1.932370	1.932370	1.932370	1.932370	1.932370	1.932370	1.932370
Malaysian Ringgit	5.644650	5.670510	5.666970	5.669870	5.653170	5.703270	5.716540	5.698330	5.732170	5.732070	5.716700
Mauritian Rupee	NA	38.041800	37.915000	NA	NA	38.075100	38.215100	37.930900	38.057400	38.029600	37.855100
Mexican Peso	16.272200	16.537000	16.495100	NA	16.558600	16.665400	16.708700	16.475000	16.536700	16.536600	16.463200
Nepalese Rupee	109.625000	NA	110.059000	110.108000	109.411000	NA	110.645000	110.292000	110.948000	110.946000	110.648000
New Zealand Dollar	2.207180	2.215000	2.191170	2.188430	NA	2.179270	2.161120	2.151750	2.152490	2.159540	2.145770
Norwegian Krone	10.368000	10.295700	10.384600	10.360200	10.372400	10.268000	10.394000	10.425400	10.439800	NA	10.404900
Rial Omani	0.571148	0.573766	0.573408	0.573704	0.572014	0.577081	0.578423	0.576582	0.580006	0.579996	0.578439
Pakistani Rupee	85.284900	85.675900	85.622300	85.666300	85.434300	86.191300	86.391600	86.116300	86.628100	86.626600	86.393800
Nuevo Sol	NA	NA	NA	NA	NA	NA	NA	NA	NA	NA	NA
Philippine Peso	NA	NA	NA	NA	NA	NA	NA	NA	NA	NA	NA
Polish Zloty	5.692040	5.722460	5.680980	5.721510	5.755530	5.708380	5.686600	5.740590	5.706070	5.724980	5.723310
Qatar Riyal	5.406980	5.431770	5.428350	5.431150	5.415150	5.463140	5.475850	5.458400	5.490820	5.490730	5.476000
Russian Ruble	42.372300	42.708800	42.544100	42.510100	42.509600	42.765400	42.881300	42.784200	43.018500	NA	42.867700
Saudi Arabian Riyal	5.570380	5.595910	5.592400	5.595280	5.578800	5.628220	5.641340	5.623350	5.656750	5.656650	5.641490
Singapore Dollar	NA	2.529800	2.526130	2.526980	2.523110	2.532100	2.531520	2.510260	2.522000	2.525130	2.518500
South African Rand	10.442600	10.333800	10.349700	10.265500	10.517900	10.483500	10.395100	10.362000	10.091600	9.910410	9.989210
Sri Lanka Rupee	NA	145.258000	NA	NA	144.926000	146.387000	147.902000	147.437000	148.666000	148.571000	148.241000
Swedish Krona	11.014500	10.930700	10.961100	10.929400	10.923300	10.746200	10.752400	10.770600	10.759100	10.762700	10.794000
Swiss Franc	1.871200	1.858590	1.865630	1.861960	1.865550	1.850110	1.848550	1.864100	1.855710	1.857800	NA
Thai Baht	58.251300	58.442300	58.274400	58.255000	58.171300	58.583000	58.657600	58.395900	58.634200	58.707200	58.558600
Trinidad And Tobago Dollar	9.310380	9.331750	9.368560	9.341430	9.305010	NA	9.413630	9.400440	9.445990	9.464680	9.449830
Tunisian Dinar	NA	NA	NA	NA	NA	NA	NA	NA	NA	NA	NA
U.A.E. Dirham	5.455270	5.480260	5.476840	5.479630	5.463500	5.511920	5.524740	5.507120	5.539830	5.539740	5.524890
Peso Uruguayo	NA	NA	NA	NA	NA	NA	NA	NA	NA	NA	NA
Bolivar Fuerte	NA	NA	NA	NA	NA	NA	NA	NA	NA	NA	NA

Currency units per SDR for February 2004 Continued

Currency	February 17, 2004	February 18, 2004	February 19, 2004	February 20, 2004	February 23, 2004	February 24, 2004	February 25, 2004	February 26, 2004	February 27, 2004
Chinese Yuan	12.512200	12.510700	12.418200	12.373400	12.321700	12.350700	12.375900	12.253100	12.250400
Euro	1.175680	1.178650	1.179120	1.180510	1.183710	1.184720	1.183950	1.189630	1.191880
Japanese Yen	159.740000	159.554000	159.933000	160.700000	161.963000	162.123000	161.782000	161.213000	161.328000
U.K. Pound Sterling	0.792701	0.791690	0.793481	0.796844	0.800942	0.795862	0.790077	0.797359	0.800474
U.S. Dollar	1.511680	1.511500	1.500310	1.494880	1.488630	1.492160	1.495220	1.480370	1.480070
Algerian Dinar	NA	NA	NA	NA	NA	NA	NA	NA	NA
Australian Dollar	1.905800	1.896010	1.891940	1.895860	1.926030	1.931600	1.916200	1.914850	1.920180
Bahrain Dinar	0.568392	0.568324	0.564114	0.562076	0.559726	0.561051	0.562202	0.556619	0.556508
Botswana Pula	7.219120	7.175400	7.213030	7.226900	7.200150	7.192850	7.154150	7.149850	7.151850
Brazilian Real	4.392650	4.401040	4.394100	4.410050	NA	NA	NA	4.351550	4.345650
Brunei Dollar	2.535250	2.531770	2.518870	2.514840	2.527240	2.531450	2.524520	2.508640	2.520860
Canadian Dollar	1.980610	1.992160	1.991660	2.009120	1.988360	1.981590	1.999100	1.988440	1.983450
Chilean Peso	876.478000	865.411000	857.199000	868.885000	871.262000	875.373000	881.803000	870.489000	879.639000
Colombian Peso	4,118.380000	4,104.030000	4,047.320000	4,026.980000	4,019.580000	3,977.840000	3,965.220000	3,944.170000	3,976.270000
Czech Koruna	38.443600	38.564500	38.694400	38.530600	38.592800	38.655900	38.482400	38.574100	38.659600
Danish Krone	8.760330	8.782410	8.786270	8.795930	8.820130	8.827450	8.822230	8.864780	8.881780
Hungarian Forint	310.001000	308.029000	309.888000	308.439000	309.978000	307.340000	304.889000	306.971000	308.151000
Icelandic Krona	102.598000	101.709000	102.051000	101.801000	102.775000	103.019000	102.602000	103.449000	103.383000
Indian Rupee	68.464100	NA	67.933900	67.673200	67.420000	67.579900	67.688300	66.972100	66.988200
Indonesian Rupiah	12,689.100000	12,692.100000	12,632.600000	12,582.400000	NA	12,602.800000	12,612.100000	12,498.800000	12,502.200000
Iranian Rial	12,625.600000	12,648.200000	12,643.700000	12,643.700000	12,524.100000	12,485.100000	12,513.200000	12,538.900000	12,538.900000
Israeli New Sheqel	6.720930	6.711050	6.674850	6.656730	6.640770	6.655040	6.664180	6.633540	6.638120
Kazakhstani Tenge	NA	NA	NA	NA	NA	NA	NA	NA	NA
Korean Won	1,751.290000	1,750.620000	1,732.260000	1,736.610000	1,737.080000	1,763.880000	1,759.570000	1,733.670000	1,738.350000
Kuwaiti Dinar	0.445494	0.445440	NA	NA	0.438698	0.439738	NA	NA	NA
Libyan Dinar	1.932370	NA	1.932370	1.932370	1.932370	1.932370	1.932370	1.932370	1.932370
Malaysian Ringgit	5.744390	5.743690	5.701160	5.680560	5.656780	5.670190	5.681820	5.625440	5.624270
Mauritian Rupee	NA	NA	37.839700	37.681500	37.442000	37.581800	37.748000	37.483400	37.513500
Mexican Peso	16.528300	16.484100	16.456600	16.357500	16.291100	16.497000	16.586700	16.389900	16.370500
Nepalese Rupee	111.184000	NA	NA	109.941000	109.481000	109.741000	109.966000	108.874000	108.852000
New Zealand Dollar	2.140590	2.130370	2.142070	2.127340	2.181140	2.187600	2.164780	2.151710	2.154090
Norwegian Krone	10.327100	10.370400	10.371500	10.415600	10.396400	10.398900	10.449600	10.444900	10.413500
Rial Omani	0.581243	NA	0.576868	0.574782	0.572377	0.573737	0.574911	0.569204	0.569087
Pakistani Rupee	NA	NA	86.159400	85.681000	85.322800	85.524900	85.700100	84.849300	84.865900
Nuevo Sol	NA	NA	NA	NA	NA	NA	NA	NA	NA
Philippine Peso	NA	NA	NA	NA	NA	NA	NA	NA	NA
Polish Zloty	5.728230	5.725280	5.771970	5.800900	5.807880	5.780310	5.765550	5.751390	5.818620
Qatar Riyal	5.502520	5.501850	5.461110	5.441380	5.418620	5.431450	5.442590	5.388570	5.387470
Russian Ruble	NA	43.055200	42.752600	42.594300	NA	42.516300	42.609600	42.206900	42.205100
Saudi Arabian Riyal	5.668810	5.668130	5.626160	5.605820	5.582350	5.595600	5.607050	5.551390	5.550280
Singapore Dollar	2.535250	2.531770	2.518870	2.514840	2.527240	2.531450	2.524520	2.508640	2.520860
South African Rand	10.037600	9.885230	10.007100	10.015700	9.944020	9.937790	9.831010	9.874110	9.842520
Sri Lanka Rupee	149.341000	NA	148.623000	148.273000	147.364000	147.818000	148.115000	146.678000	146.497000
Swedish Krona	10.835000	10.773200	10.832200	10.852800	10.904200	10.926300	10.877700	10.951100	10.971000
Swiss Franc	1.849850	1.852350	1.863530	1.863220	1.871510	1.865500	1.861990	1.876370	1.884880
Thai Baht	58.993600	58.978600	58.675500	58.529200	58.470300	58.589500	58.578200	58.183200	58.186200
Trinidad And Tobago Dollar	9.467100	9.484970	9.386670	9.341250	NA	NA	NA	9.278680	9.269390
Tunisian Dinar	NA	NA	NA	NA	NA	NA	NA	NA	NA
U.A.E. Dirham	5.551670	5.550990	5.509880	5.489950	5.466990	5.479960	5.491190	5.436670	5.435580
Peso Uruguayo	NA	NA	NA	NA	NA	NA	NA	NA	NA
Bolivar Fuerte	NA	NA	NA	NA	NA	NA	NA	NA	NA

Notes:


The value of the U.S. dollar in terms of the SDR is the reciprocal of the sum of the dollar values, based on market exchange rates, of specified quantities of the SDR basket currencies. See SDR Valuation.

These rates are the official rates used by the Fund to conduct operations with member countries. The rates are derived from the currency's representative exchange rate, as reported by the central bank, normally against the U.S. dollar at spot market rates and rounded to six significant digits. See Representative Exchange Rates for Selected Currencies.

The value in terms of each national currency of the SDR (shown above) is the reciprocal of the value in terms of the SDR of each national currency, rounded to six significant digits.

Exchange rates are published daily except on IMF holidays or whenever the IMF is closed for business.
