Currency units per SDR for May 2004
Currency	May 03, 2004	May 04, 2004	May 05, 2004	May 06, 2004	May 07, 2004	May 10, 2004	May 11, 2004	May 12, 2004	May 13, 2004	May 14, 2004	May 17, 2004
Chinese Yuan	12.004300	12.061700	NA	12.105600	12.063000	11.917600	11.903000	11.937800	11.906200	11.874700	11.986500
Euro	1.213340	1.208230	1.207110	1.207110	1.207160	1.215790	1.218250	1.216360	1.216630	1.215580	1.204470
Japanese Yen	NA	NA	NA	159.153000	160.970000	162.128000	163.216000	162.468000	163.981000	164.121000	164.652000
U.K. Pound Sterling	0.818317	0.815328	0.816140	0.815468	0.811695	0.812929	0.819437	0.814551	0.815388	0.819928	0.819169
U.S. Dollar	1.450310	1.457240	1.463750	1.462540	1.457400	1.439860	1.438030	1.442240	1.438430	1.434630	1.448130
Algerian Dinar	NA	NA	NA	NA	NA	NA	NA	NA	NA	NA	NA
Australian Dollar	2.009570	2.017220	2.001020	2.000460	2.029810	2.063130	2.065240	2.059460	2.079850	2.085520	2.087540
Bahrain Dinar	0.545316	0.547924	0.550370	0.549913	0.547981	0.541386	NA	0.542282	0.540848	0.539421	0.544496
Botswana Pula	7.231650	7.233740	7.230190	7.217040	7.195280	7.310800	7.228100	7.130990	7.230080	7.171340	7.114350
Brazilian Real	4.269560	4.307750	4.345580	4.330280	4.356310	4.390990	4.492540	NA	4.488330	4.486220	4.485430
Brunei Dollar	2.464800	2.473230	2.475490	2.466860	2.465480	2.464890	2.474990	2.470560	2.472650	2.480610	2.490930
Canadian Dollar	1.992580	1.995980	2.009430	2.015370	2.019370	2.005870	1.993970	2.001540	2.009190	1.997720	2.005800
Chilean Peso	906.413000	909.769000	910.813000	910.606000	919.050000	919.549000	926.690000	924.402000	923.122000	921.922000	924.223000
Colombian Peso	3,850.830000	3,892.170000	3,900.580000	3,888.060000	3,921.400000	3,899.170000	3,928.390000	3,936.650000	3,925.480000	3,933.260000	3,938.760000
Czech Koruna	39.504900	39.045300	38.869800	38.881500	38.902300	39.156900	39.180500	39.042800	38.808700	38.845400	38.400100
Danish Krone	9.029020	8.990620	8.982470	8.983190	NA	9.046740	9.065030	9.051490	9.052890	9.044860	8.961860
Hungarian Forint	304.376000	304.316000	302.468000	302.130000	304.509000	309.195000	308.715000	307.413000	309.837000	311.659000	307.394000
Icelandic Krona	106.917000	106.758000	107.439000	107.336000	106.755000	107.082000	107.147000	107.158000	106.731000	106.622000	106.119000
Indian Rupee	65.220500	NA	65.517500	65.360800	65.160600	64.721600	65.200100	65.506300	64.901800	65.189500	66.556200
Indonesian Rupiah	NA	12,654.700000	12,708.300000	12,693.400000	12,669.200000	12,587.200000	12,856.000000	12,870.500000	12,852.300000	12,890.100000	12,982.500000
Iranian Rial	12,421.900000	12,419.000000	12,481.300000	12,537.000000	12,537.000000	12,473.500000	NA	12,309.500000	12,349.900000	12,349.900000	12,290.500000
Israeli New Sheqel	6.654020	6.684360	6.684940	6.688160	6.685120	6.672320	6.656640	6.668930	6.658500	6.625110	6.658500
Kazakhstani Tenge	NA	NA	NA	NA	NA	NA	NA	NA	NA	NA	NA
Korean Won	1,704.400000	1,709.050000	NA	1,709.260000	1,699.620000	1,685.350000	1,701.330000	1,713.960000	1,700.370000	1,698.740000	1,720.230000
Kuwaiti Dinar	0.427405	0.429450	0.431365	0.431008	NA	0.424326	0.423786	0.425027	0.423905	NA	0.426763
Libyan Dinar	1.932370	1.932370	1.932370	1.932370	1.932370	1.932370	NA	1.932370	1.932370	1.932370	1.932370
Malaysian Ringgit	5.511160	5.537530	5.562230	5.557620	5.538110	5.471450	NA	5.480500	5.466030	5.451580	5.502880
Mauritian Rupee	39.985800	40.182800	40.327300	40.321600	40.207100	39.785800	39.797200	39.875700	39.879900	39.820200	40.214900
Mexican Peso	16.578500	16.627900	16.670200	16.725300	16.799700	16.749600	16.727900	16.765500	16.726200	16.600500	16.694300
Nepalese Rupee	NA	NA	106.407000	106.319000	105.946000	104.671000	NA	105.925000	105.645000	105.366000	NA
New Zealand Dollar	2.310510	2.328610	2.313860	2.297780	2.314070	2.334780	2.374940	2.368210	2.350760	2.393040	2.399950
Norwegian Krone	9.962140	9.946090	9.865820	9.851250	9.769540	9.846590	9.986120	9.975960	9.931370	9.949560	NA
Rial Omani	0.557644	0.560309	0.562810	0.562344	0.560372	0.553624	NA	0.554542	0.553076	0.551615	0.556805
Pakistani Rupee	83.346500	83.745100	84.118400	84.049200	83.866600	82.856900	82.752000	NA	82.774600	82.830100	NA
Nuevo Sol	NA	NA	NA	NA	NA	NA	NA	NA	NA	NA	NA
Philippine Peso	NA	NA	NA	NA	NA	NA	NA	NA	NA	NA	NA
Polish Zloty	NA	5.789750	5.719290	5.739280	5.738820	5.782320	5.764490	5.775440	5.796730	5.787270	5.756750
Qatar Riyal	5.279110	5.304360	5.328050	5.323620	5.304930	5.241090	NA	5.249760	5.235880	5.222040	5.271200
Russian Ruble	NA	NA	NA	42.227800	42.196100	NA	NA	41.909600	41.825400	41.702300	42.058900
Saudi Arabian Riyal	5.438650	5.464660	5.489050	5.484500	5.465260	5.399480	NA	5.408390	5.394090	5.379840	5.430470
Singapore Dollar	2.464800	2.473230	2.475490	2.466860	2.465480	2.464890	2.474990	2.470560	2.472650	2.480610	2.490930
South African Rand	10.036100	10.076800	9.931570	9.996400	9.997800	10.273400	10.044600	9.864950	10.025800	NA	9.796620
Sri Lanka Rupee	142.716000	NA	NA	144.063000	NA	141.912000	NA	142.374000	141.947000	141.638000	143.070000
Swedish Krona	11.076700	11.137000	11.047600	10.943400	11.003400	11.072500	11.105200	11.137700	11.093900	11.118400	11.078200
Swiss Franc	1.883080	1.875470	1.863640	1.868680	1.871160	1.877290	1.876630	1.875630	1.869670	1.872330	1.850420
Thai Baht	NA	58.233000	NA	58.184200	58.287300	58.209300	58.388400	58.393500	58.489500	58.623200	59.130000
Trinidad And Tobago Dollar	9.099350	9.143780	9.169100	9.164220	9.147370	9.007060	NA	9.036930	8.984000	8.977140	9.088930
Tunisian Dinar	NA	NA	NA	NA	NA	NA	NA	NA	NA	NA	NA
U.A.E. Dirham	5.326260	5.351710	5.375620	5.371180	5.352320	5.287870	NA	5.296640	5.282620	5.268680	5.318240
Peso Uruguayo	NA	NA	NA	NA	NA	NA	NA	NA	NA	NA	NA
Bolivar Fuerte	NA	NA	NA	NA	NA	NA	NA	NA	NA	NA	NA

Currency units per SDR for May 2004 Continued

Currency	May 18, 2004	May 19, 2004	May 20, 2004	May 21, 2004	May 24, 2004	May 25, 2004	May 26, 2004	May 27, 2004	May 28, 2004
Chinese Yuan	11.968300	11.999400	11.966500	12.035900	11.994200	12.044500	12.086800	12.106900	12.157300
Euro	1.206670	1.209230	1.212660	1.208640	1.210800	1.206330	1.206260	1.202430	1.199430
Japanese Yen	165.273000	164.184000	163.730000	163.952000	163.022000	164.510000	163.189000	162.951000	162.304000
U.K. Pound Sterling	0.819518	0.813458	0.815927	0.811089	0.809677	0.806023	0.803419	0.800891	0.800576
U.S. Dollar	1.445960	1.449750	1.445740	1.454120	1.449080	1.455200	1.460300	1.462750	1.468820
Algerian Dinar	NA	NA	NA	NA	NA	NA	NA	NA	NA
Australian Dollar	2.115820	2.082070	2.088010	2.077610	2.081420	2.078860	2.060240	2.055000	2.043150
Bahrain Dinar	0.543679	0.545105	0.543596	0.546750	0.544855	0.547154	0.549073	0.549995	0.552276
Botswana Pula	7.117690	7.108330	NA	7.126310	7.080800	7.048660	7.046070	7.034130	7.006040
Brazilian Real	4.513120	4.517550	4.489160	4.624830	4.643300	4.626070	4.609870	4.616740	4.629140
Brunei Dollar	2.495860	2.493850	2.479730	2.496440	2.488660	2.502500	2.501060	2.496330	2.495820
Canadian Dollar	2.011620	1.995720	1.981240	1.996650	NA	2.002350	2.001190	1.985980	2.006110
Chilean Peso	927.859000	926.913000	918.679000	NA	932.210000	932.462000	930.899000	934.099000	932.418000
Colombian Peso	3,923.310000	3,951.210000	3,957.780000	4,013.070000	NA	4,026.280000	4,030.520000	4,029.630000	4,033.250000
Czech Koruna	38.465400	38.560300	38.679200	38.477500	38.447000	38.156700	38.140100	38.316800	38.095200
Danish Krone	8.978680	8.997090	NA	8.992720	9.008680	8.975210	8.974160	8.945020	8.921320
Hungarian Forint	305.719000	305.766000	306.395000	306.499000	306.785000	303.976000	303.085000	302.819000	300.800000
Icelandic Krona	106.263000	106.368000	106.074000	106.398000	106.261000	105.880000	105.930000	105.289000	105.094000
Indian Rupee	65.733300	65.659000	65.419800	65.915200	65.744900	66.007900	66.209800	66.481800	66.669800
Indonesian Rupiah	13,042.500000	13,069.500000	NA	13,123.400000	13,095.400000	13,307.800000	13,471.300000	13,486.600000	13,535.200000
Iranian Rial	12,404.700000	12,389.000000	12,430.200000	12,430.200000	12,470.500000	12,437.500000	12,487.100000	12,526.400000	12,523.500000
Israeli New Sheqel	6.657170	6.654330	6.641690	6.671510	6.642620	6.650260	NA	NA	6.690480
Kazakhstani Tenge	NA	NA	NA	NA	NA	NA	NA	NA	NA
Korean Won	1,712.300000	1,716.790000	1,702.790000	1,710.770000	1,705.720000	1,711.750000	NA	1,723.120000	1,720.430000
Kuwaiti Dinar	0.426123	0.427241	0.426058	NA	0.427046	0.428846	0.430350	0.431074	NA
Libyan Dinar	1.932370	1.932370	1.932370	1.932370	1.932370	1.932370	1.932360	1.932360	1.932360
Malaysian Ringgit	5.494630	5.509030	5.493810	5.525660	5.506520	5.529750	5.549140	5.558460	5.581510
Mauritian Rupee	40.282900	40.480700	40.289400	40.464200	40.414000	40.844800	41.114400	41.223000	41.392100
Mexican Peso	16.618800	16.737000	16.732200	16.820200	16.752600	16.699800	16.728600	16.750700	16.763300
Nepalese Rupee	106.965000	107.245000	106.544000	NA	NA	107.241000	NA	NA	108.245000
New Zealand Dollar	2.436320	2.419060	2.383340	2.390460	2.377890	2.391450	2.365630	2.351310	2.319310
Norwegian Krone	9.984030	10.037800	NA	9.972480	9.970890	9.918470	9.911790	9.840680	9.849790
Rial Omani	0.555969	0.557426	0.555886	0.559109	0.557171	0.559522	0.561485	0.562427	0.564761
Pakistani Rupee	83.484300	83.703000	NA	84.016700	83.725400	84.078800	84.373900	84.515100	84.776700
Nuevo Sol	NA	NA	NA	NA	NA	NA	NA	NA	NA
Philippine Peso	NA	NA	NA	NA	NA	NA	NA	NA	NA
Polish Zloty	5.724520	5.689380	5.685920	5.685020	5.657960	5.599010	5.624770	5.602340	5.583290
Qatar Riyal	5.263270	5.277070	5.262490	5.292990	5.274680	5.296920	5.315500	5.324420	5.346510
Russian Ruble	41.930300	42.040100	41.912600	42.155500	42.011300	42.188600	42.314100	42.393000	42.573700
Saudi Arabian Riyal	5.422350	5.436560	5.421520	5.452950	5.434070	5.457000	5.476120	5.485310	5.508060
Singapore Dollar	2.495860	2.493850	2.479730	2.496440	2.488660	2.502500	2.501060	2.496330	2.495820
South African Rand	9.803540	9.764000	9.816530	9.800750	10.505900	9.640690	9.630660	9.617600	9.576710
Sri Lanka Rupee	143.116000	143.504000	143.173000	144.051000	143.522000	144.040000	144.565000	144.951000	145.527000
Swedish Krona	11.054300	11.021700	NA	11.022200	NA	11.019500	10.977800	10.930400	10.884000
Swiss Franc	1.851550	1.860310	NA	1.853420	1.861780	1.853050	1.853850	1.846730	1.834260
Thai Baht	59.090500	59.014800	58.867500	59.313700	59.037100	59.393700	59.489800	59.551500	59.598700
Trinidad And Tobago Dollar	9.064700	9.097030	9.059690	9.123420	9.095040	9.133420	9.176670	9.158430	9.192870
Tunisian Dinar	NA	NA	NA	NA	NA	NA	NA	NA	NA
U.A.E. Dirham	5.310280	5.324190	5.309460	5.340250	5.321750	5.344220	5.362940	5.371950	5.394240
Peso Uruguayo	NA	NA	NA	NA	NA	NA	NA	NA	NA
Bolivar Fuerte	NA	NA	NA	NA	NA	NA	NA	NA	NA

Notes:


The value of the U.S. dollar in terms of the SDR is the reciprocal of the sum of the dollar values, based on market exchange rates, of specified quantities of the SDR basket currencies. See SDR Valuation.

These rates are the official rates used by the Fund to conduct operations with member countries. The rates are derived from the currency's representative exchange rate, as reported by the central bank, normally against the U.S. dollar at spot market rates and rounded to six significant digits. See Representative Exchange Rates for Selected Currencies.

The value in terms of each national currency of the SDR (shown above) is the reciprocal of the value in terms of the SDR of each national currency, rounded to six significant digits.

Exchange rates are published daily except on IMF holidays or whenever the IMF is closed for business.
