Currency units per SDR for August 2004
Currency	August 02, 2004	August 03, 2004	August 04, 2004	August 05, 2004	August 06, 2004	August 09, 2004	August 10, 2004	August 11, 2004	August 12, 2004	August 13, 2004	August 16, 2004
Chinese Yuan	12.091700	12.059200	12.051300	12.075600	12.065800	12.167600	12.171500	12.140800	12.160500	12.114900	12.194400
Euro	1.211850	1.211910	1.215060	1.211550	1.208370	1.200350	1.197590	1.199070	1.198770	1.197900	1.194230
Japanese Yen	162.523000	161.110000	161.981000	162.235000	162.731000	162.061000	162.566000	163.228000	162.524000	163.498000	162.994000
U.K. Pound Sterling	0.798429	0.801276	0.800532	0.799776	0.800269	0.798518	0.800807	0.802684	0.802188	0.804505	0.799546
U.S. Dollar	1.460880	1.456960	1.456000	1.458950	1.457770	1.470070	1.470520	1.466820	1.469210	1.463720	1.473320
Algerian Dinar	NA	NA	NA	NA	NA	NA	NA	NA	NA	NA	NA
Australian Dollar	NA	2.077510	2.072600	2.070020	2.071290	2.052890	2.056670	2.057830	2.057430	2.070320	2.056280
Bahrain Dinar	0.549291	0.547816	0.547456	0.548567	0.548122	0.552746	0.552917	0.551526	0.552422	0.550358	0.553971
Botswana Pula	6.797960	6.843410	6.830880	6.801660	6.710100	6.724950	6.747050	6.762700	6.801890	7.005110	7.030870
Brazilian Real	4.420630	NA	4.446930	4.460160	NA	NA	NA	NA	NA	NA	NA
Brunei Dollar	2.506440	2.502470	2.506660	2.511000	2.512030	NA	2.518270	2.517800	2.515280	2.514670	2.527630
Canadian Dollar	NA	1.921870	1.915370	1.922610	NA	1.935350	1.932120	1.941930	1.957870	NA	1.926520
Chilean Peso	937.014000	937.928000	934.169000	939.285000	935.690000	940.141000	939.311000	934.894000	939.929000	938.042000	943.298000
Colombian Peso	3,816.470000	3,807.870000	3,794.130000	3,806.970000	3,804.220000	3,826.460000	3,819.990000	3,812.240000	3,830.130000	3,827.580000	NA
Czech Koruna	38.320300	38.463600	38.617600	38.442000	38.200900	37.810200	37.573200	37.740000	37.752800	37.725900	37.568300
Danish Krone	9.011440	9.011690	9.034240	9.008440	8.983680	8.924350	8.903530	8.917270	8.916310	8.910270	8.882490
Hungarian Forint	NA	NA	304.028000	301.507000	NA	296.969000	295.266000	297.354000	296.589000	299.726000	295.725000
Icelandic Krona	104.599000	104.566000	104.818000	104.461000	104.654000	104.346000	104.804000	104.863000	104.461000	103.983000	103.678000
Indian Rupee	67.726400	67.457300	67.515100	67.593100	67.684200	68.182100	68.320500	68.001800	67.965700	67.711700	68.244500
Indonesian Rupiah	13,315.900000	13,309.300000	13,363.200000	13,422.400000	13,398.400000	13,457.000000	13,536.100000	13,553.500000	13,568.100000	13,561.400000	13,625.300000
Iranian Rial	12,695.600000	12,722.800000	12,693.000000	12,684.700000	NA	12,697.200000	12,807.200000	12,812.600000	12,784.800000	12,784.800000	NA
Israeli New Sheqel	6.600270	6.594170	6.591350	6.636760	6.640150	6.660890	6.651150	6.652030	6.661380	6.652610	6.684450
Kazakhstani Tenge	NA	NA	NA	NA	NA	NA	NA	NA	NA	NA	NA
Korean Won	1,711.130000	1,699.390000	1,693.920000	1,699.970000	1,697.290000	1,713.960000	1,701.390000	1,695.210000	NA	1,696.160000	1,712.300000
Kuwaiti Dinar	0.430522	0.429365	0.429085	0.429954	NA	0.433231	0.433362	0.432274	0.432975	NA	0.434188
Libyan Dinar	1.932370	1.932370	1.932370	NA	1.932370	1.932370	1.932370	1.932370	1.932370	1.932370	1.932370
Malaysian Ringgit	5.551360	5.536420	5.532810	5.544040	5.539520	5.586280	5.587970	5.573920	5.582970	5.562140	5.598630
Mauritian Rupee	41.364200	41.187700	41.123000	NA	41.198000	41.582800	41.648800	41.505300	41.551000	41.399500	41.726300
Mexican Peso	16.691000	16.616900	16.675200	16.715200	NA	16.725900	16.755600	16.785800	16.809800	NA	16.773500
Nepalese Rupee	109.851000	109.235000	109.120000	109.341000	NA	110.175000	110.208000	109.931000	110.110000	109.698000	110.418000
New Zealand Dollar	2.295540	2.283630	2.257720	2.257390	2.270320	2.253670	2.247470	2.247660	2.245470	2.225850	2.213860
Norwegian Krone	10.230400	10.211500	10.224100	10.137700	10.077700	9.987520	9.965720	9.987020	9.972580	9.929400	9.888160
Rial Omani	0.561709	0.560199	0.559835	0.560969	0.560513	0.565243	0.565416	0.563994	0.564911	0.562800	0.566492
Pakistani Rupee	85.168700	84.939400	84.883900	NA	NA	85.704500	85.730200	85.514700	85.653800	NA	85.893700
Nuevo Sol	NA	NA	NA	NA	NA	NA	NA	NA	NA	NA	NA
Philippine Peso	NA	NA	NA	NA	NA	NA	NA	NA	NA	NA	NA
Polish Zloty	5.301830	5.357220	5.381700	5.334670	5.312110	5.243150	5.252850	5.326170	5.286220	5.350050	5.307210
Qatar Riyal	5.317620	NA	5.299870	5.310590	5.306310	5.351060	5.352690	5.339230	5.347910	5.327930	5.362910
Russian Ruble	42.570800	42.518300	42.480900	42.566600	42.553400	42.998400	42.995200	42.907400	43.012600	42.825300	43.054800
Saudi Arabian Riyal	5.478310	5.463590	5.460010	5.471090	5.466660	5.512770	5.514440	5.500580	5.509520	5.488960	5.524950
Singapore Dollar	2.506440	2.502470	2.506660	2.511000	2.512030	NA	2.518270	2.517800	2.515280	2.514670	2.527630
South African Rand	9.079350	9.215230	9.143690	9.089260	NA	NA	8.999600	9.072270	9.138510	NA	9.554470
Sri Lanka Rupee	151.324000	151.306000	151.352000	151.670000	151.515000	152.713000	152.813000	NA	152.776000	151.801000	151.341000
Swedish Krona	11.194000	11.163900	NA	11.109900	11.111900	11.014500	10.988500	11.023200	11.037400	11.058400	11.013100
Swiss Franc	1.857220	1.865930	1.866310	1.860750	1.861290	1.846410	1.843590	1.849810	1.844440	1.841510	1.830750
Thai Baht	NA	60.243900	60.315100	60.484000	60.442300	60.837600	60.876500	60.876100	NA	60.826500	61.195800
Trinidad And Tobago Dollar	NA	NA	9.143440	9.142690	NA	9.193800	9.228410	9.199210	9.204120	9.172540	9.250440
Tunisian Dinar	NA	NA	NA	NA	NA	NA	NA	NA	NA	NA	NA
U.A.E. Dirham	5.365090	5.350680	5.347160	5.357990	5.353660	5.398840	5.400500	5.386920	5.395660	5.375510	5.410790
Peso Uruguayo	NA	NA	NA	NA	NA	NA	NA	NA	NA	NA	NA
Bolivar Fuerte	NA	NA	NA	NA	NA	NA	NA	NA	NA	NA	NA

Currency units per SDR for August 2004 Continued

Currency	August 17, 2004	August 18, 2004	August 19, 2004	August 20, 2004	August 23, 2004	August 24, 2004	August 25, 2004	August 26, 2004	August 27, 2004	August 30, 2004	August 31, 2004
Chinese Yuan	12.193000	12.189200	12.209600	12.195700	12.163100	12.106200	12.077400	12.073300	12.097500	12.066900	12.089900
Euro	1.194010	1.194320	1.193590	1.198640	1.199640	1.204940	1.207870	1.205560	1.209460	1.210210	1.206120
Japanese Yen	162.712000	161.924000	161.530000	160.832000	160.476000	160.822000	159.785000	160.576000	159.611000	160.738000	160.169000
U.K. Pound Sterling	0.802034	0.806172	0.807024	0.807174	0.808695	0.810215	0.812077	0.812433	0.811438	0.813266	0.814730
U.S. Dollar	1.473170	1.472710	1.475160	1.473490	1.469560	1.462680	1.459220	1.458720	1.461640	1.457940	1.460730
Algerian Dinar	NA	NA	NA	NA	NA	NA	NA	NA	NA	NA	NA
Australian Dollar	2.049490	2.056280	2.064310	2.032400	2.034000	2.052880	2.065710	2.069400	2.068840	2.092630	2.083490
Bahrain Dinar	0.553912	0.553741	0.554659	0.554032	0.552556	0.549967	0.548667	0.548480	0.549574	0.548186	0.549236
Botswana Pula	7.045280	7.043100	7.090390	7.090890	7.111360	7.126310	7.099100	7.026620	7.135160	7.115360	6.795690
Brazilian Real	NA	NA	4.412790	4.388790	4.369600	4.341090	NA	NA	4.316650	4.310100	NA
Brunei Dollar	2.523980	2.524370	2.527980	2.517020	2.505750	2.503520	2.497020	2.498500	2.501010	2.499340	2.502230
Canadian Dollar	1.926620	1.925280	1.912250	NA	1.919690	1.908800	1.902970	NA	1.915180	1.920540	1.923350
Chilean Peso	941.017000	935.349000	937.075000	930.674000	930.562000	921.973000	913.659000	914.662000	918.797000	913.484000	918.729000
Colombian Peso	3,844.870000	3,842.120000	3,849.990000	NA	3,830.520000	3,796.750000	NA	NA	NA	3,753.440000	3,726.960000
Czech Koruna	37.592400	37.607100	37.778800	37.918900	38.052900	38.174500	38.297300	38.282800	38.515600	38.528800	38.447900
Danish Krone	8.878240	8.880920	8.876900	8.915200	8.922910	8.962100	8.981500	8.964990	NA	8.998790	8.971100
Hungarian Forint	295.842000	295.661000	295.887000	NA	301.995000	300.493000	301.505000	301.707000	NA	301.880000	301.481000
Icelandic Krona	104.094000	104.695000	104.559000	104.780000	104.662000	104.933000	105.443000	105.320000	105.428000	105.598000	105.699000
Indian Rupee	68.370000	68.319100	68.373700	NA	67.967100	67.707600	67.605900	67.611900	67.688300	67.560700	67.690100
Indonesian Rupiah	NA	13,637.300000	NA	13,595.900000	13,578.800000	13,573.700000	13,524.100000	13,551.500000	13,574.200000	13,621.500000	13,625.700000
Iranian Rial	12,838.500000	12,840.200000	12,837.600000	12,837.600000	12,848.800000	12,817.500000	12,757.500000	NA	NA	NA	12,736.600000
Israeli New Sheqel	6.683780	6.674320	6.694250	6.676370	6.652700	6.618620	6.619010	6.622600	6.644610	6.607380	6.611260
Kazakhstani Tenge	NA	NA	NA	NA	NA	NA	NA	NA	NA	NA	NA
Korean Won	1,705.340000	1,705.110000	1,707.790000	NA	1,696.760000	1,686.180000	1,684.960000	1,687.010000	1,689.360000	1,679.980000	1,685.390000
Kuwaiti Dinar	0.434145	0.434007	0.434728	NA	0.433080	0.431051	0.430032	0.429886	NA	0.429653	0.430478
Libyan Dinar	1.932370	1.932370	1.932370	1.932370	1.932370	1.932370	1.932370	1.932370	NA	1.932370	1.932370
Malaysian Ringgit	5.598070	5.596320	5.605600	5.599260	5.584350	5.558180	5.545050	5.543150	NA	5.540170	5.550780
Mauritian Rupee	41.745800	41.743200	41.798900	41.722300	NA	41.439400	41.360600	41.414900	41.500700	NA	41.655700
Mexican Peso	16.717700	16.711100	16.750400	NA	16.718400	16.653900	NA	NA	16.624500	16.654100	16.624200
Nepalese Rupee	110.407000	NA	110.556000	110.431000	110.136000	109.621000	109.361000	109.324000	109.542000	NA	109.475000
New Zealand Dollar	2.215300	2.217940	2.221960	2.193350	2.186850	2.208150	2.252230	2.249730	2.245910	2.228580	2.249010
Norwegian Krone	9.887680	9.935520	9.900210	9.884060	9.911490	9.980640	10.041000	10.049600	10.102700	10.111200	10.132700
Rial Omani	0.566434	0.566258	0.567199	0.566556	0.565048	0.562401	0.561070	0.560878	0.562000	0.560576	0.561653
Pakistani Rupee	85.884800	85.858300	86.000800	86.662600	86.431200	86.026700	85.822900	85.794200	85.965300	85.747800	85.912100
Nuevo Sol	NA	NA	NA	NA	NA	NA	NA	NA	NA	NA	NA
Philippine Peso	NA	NA	NA	NA	NA	NA	NA	NA	NA	NA	NA
Polish Zloty	5.282790	5.308810	5.337720	5.328590	5.339230	5.336580	5.355350	5.380220	5.415940	5.386770	5.377670
Qatar Riyal	5.362360	5.360670	5.369560	5.363510	5.349220	5.324160	5.311580	5.309740	5.320370	5.306900	5.317060
Russian Ruble	43.039100	43.029100	43.122600	43.055200	42.937400	42.740700	42.642100	42.627700	NA	42.636800	42.739800
Saudi Arabian Riyal	5.524400	5.522670	5.531830	5.525590	5.510860	5.485040	5.472080	5.470220	5.481130	5.467260	5.477740
Singapore Dollar	2.523980	2.524370	2.527980	2.517020	2.505750	2.503520	2.497020	2.498500	2.501010	2.499340	2.502230
South African Rand	9.619820	9.594720	9.625380	9.688230	9.765240	9.770680	9.762190	NA	9.719870	9.753620	9.757720
Sri Lanka Rupee	151.800000	151.724000	151.990000	151.779000	151.397000	150.702000	150.335000	150.275000	150.578000	150.245000	150.626000
Swedish Krona	11.000900	11.015900	11.019400	10.973800	10.992300	11.043200	11.064500	11.049800	11.028100	NA	11.046800
Swiss Franc	1.835280	1.834560	1.832880	1.838480	1.846650	1.858770	1.858030	1.860600	1.861690	1.865870	1.859510
Thai Baht	61.150100	61.108600	61.193900	61.052700	60.900200	60.706900	60.569400	60.821300	60.832100	60.743400	60.830600
Trinidad And Tobago Dollar	9.246930	9.223140	9.243770	NA	9.229600	9.153740	9.151060	9.151890	9.154490	9.146030	NA
Tunisian Dinar	NA	NA	NA	NA	NA	NA	NA	NA	NA	NA	NA
U.A.E. Dirham	5.410230	5.408530	5.417500	5.411400	5.396970	5.371690	5.359000	5.357160	5.367860	5.354260	5.364550
Peso Uruguayo	NA	NA	NA	NA	NA	NA	NA	NA	NA	NA	NA
Bolivar Fuerte	NA	NA	NA	NA	NA	NA	NA	NA	NA	NA	NA

Notes:


The value of the U.S. dollar in terms of the SDR is the reciprocal of the sum of the dollar values, based on market exchange rates, of specified quantities of the SDR basket currencies. See SDR Valuation.

These rates are the official rates used by the Fund to conduct operations with member countries. The rates are derived from the currency's representative exchange rate, as reported by the central bank, normally against the U.S. dollar at spot market rates and rounded to six significant digits. See Representative Exchange Rates for Selected Currencies.

The value in terms of each national currency of the SDR (shown above) is the reciprocal of the value in terms of the SDR of each national currency, rounded to six significant digits.

Exchange rates are published daily except on IMF holidays or whenever the IMF is closed for business.
