Currency units per SDR for January 2005
Currency	January 03, 2005	January 04, 2005	January 05, 2005	January 06, 2005	January 07, 2005	January 10, 2005	January 11, 2005	January 12, 2005	January 13, 2005	January 14, 2005	January 17, 2005
Chinese Yuan	12.768300	12.716100	12.634700	12.607900	12.629300	12.589300	12.620300	12.614700	12.668800	12.612300	NA
Euro	1.142160	1.149580	1.154400	1.155530	1.156000	1.160870	1.160190	1.160030	1.156820	1.164060	1.165310
Japanese Yen	NA	157.866000	159.374000	158.427000	159.565000	NA	158.583000	157.598000	156.897000	156.958000	155.759000
U.K. Pound Sterling	0.809612	0.810682	0.812962	0.813656	0.811445	0.810511	0.811603	0.812843	0.812433	0.815076	0.816980
U.S. Dollar	1.542720	1.536410	1.526580	1.523330	1.525920	1.521090	1.524840	1.524160	1.530700	1.523870	1.524810
Algerian Dinar	NA	NA	NA	NA	NA	NA	NA	NA	NA	NA	NA
Australian Dollar	NA	1.972790	1.996040	1.994670	2.001200	2.005920	2.004520	2.004150	1.997260	2.007460	2.004220
Bahrain Dinar	0.580063	0.577691	0.573994	0.572774	0.573747	0.571929	0.573339	0.573082	0.575543	0.572974	0.573329
Botswana Pula	6.584360	6.691650	6.733920	6.831110	6.851900	6.790570	6.781590	6.825610	6.821280	6.824310	NA
Brazilian Real	4.093750	4.098210	4.103290	NA	NA	4.110590	4.111720	4.130170	4.148960	4.114890	4.127050
Brunei Dollar	2.528670	2.514020	2.514730	2.509690	2.512270	2.507210	2.502720	2.499770	2.499180	2.491210	2.492000
Canadian Dollar	NA	NA	NA	1.884820	NA	NA	1.852680	NA	NA	1.860030	1.854930
Chilean Peso	859.912000	860.852000	868.546000	870.314000	868.810000	863.901000	864.738000	865.007000	870.527000	864.110000	871.445000
Colombian Peso	NA	3,593.410000	NA	3,571.380000	NA	NA	3,596.400000	3,628.960000	3,610.370000	3,566.490000	3,585.180000
Czech Koruna	34.686500	34.931800	NA	35.173700	35.042700	35.120400	35.152100	35.360400	35.146400	34.989500	35.394000
Danish Krone	8.494370	8.547150	8.588190	8.597120	8.600520	8.637220	8.631480	8.631180	8.607110	8.660260	8.670850
Hungarian Forint	279.895000	282.223000	283.562000	285.960000	286.491000	287.775000	286.457000	288.599000	285.874000	286.959000	282.472000
Icelandic Krona	94.399300	95.887400	96.052300	96.000600	96.193600	96.482300	96.339100	96.174200	96.005200	95.408900	95.453500
Indian Rupee	67.278000	66.726300	66.818100	66.828800	66.881100	66.958200	66.818600	66.651600	66.876200	66.821700	66.664900
Indonesian Rupiah	14,355.000000	14,250.200000	14,204.800000	14,136.500000	14,198.700000	14,138.500000	14,150.500000	14,121.300000	13,998.300000	13,958.600000	13,944.400000
Iranian Rial	NA	NA	13,452.200000	13,432.800000	NA	13,435.800000	13,468.900000	NA	NA	NA	13,482.400000
Israeli New Sheqel	6.720070	6.723320	6.716910	NA	6.691160	6.648670	6.648320	6.652960	6.661600	6.654730	6.651240
Kazakhstani Tenge	NA	NA	NA	NA	NA	NA	NA	NA	NA	NA	NA
Korean Won	1,597.640000	1,593.410000	1,585.810000	1,595.390000	1,599.160000	1,601.550000	1,605.960000	1,593.050000	1,593.770000	1,579.490000	1,583.210000
Kuwaiti Dinar	0.450473	0.448632	0.445760	NA	NA	0.444158	0.445254	0.445054	0.446963	NA	0.445244
Libyan Dinar	1.932370	1.932370	1.932370	1.932370	1.932370	1.932370	1.932370	1.932370	1.932370	1.932370	1.932370
Malaysian Ringgit	5.862320	5.838360	5.801000	5.788680	5.798480	5.780150	5.794380	5.791800	5.816660	5.790690	5.794280
Mauritian Rupee	NA	43.386600	43.208900	43.125200	43.189800	43.074700	43.194100	43.166300	43.365900	43.234800	43.254700
Mexican Peso	17.279500	NA	NA	17.368700	NA	NA	17.110100	NA	NA	17.118900	17.121400
Nepalese Rupee	109.302000	108.793000	107.730000	107.547000	108.027000	108.104000	NA	108.916000	109.016000	108.530000	108.597000
New Zealand Dollar	NA	NA	2.171210	2.178060	2.184880	2.191770	2.197490	2.187050	2.166590	2.163350	2.178920
Norwegian Krone	9.381130	9.479300	9.562420	9.537160	9.503440	NA	9.518820	9.505250	9.469700	9.516110	9.549730
Rial Omani	0.593176	0.590748	0.586968	0.585720	0.586717	0.584857	0.586301	0.586039	0.588554	0.585926	0.586290
Pakistani Rupee	NA	90.838900	90.257600	90.065700	NA	89.932900	90.154300	NA	90.501000	NA	90.152600
Nuevo Sol	NA	NA	NA	NA	NA	NA	NA	NA	NA	NA	NA
Philippine Peso	NA	NA	NA	NA	NA	NA	NA	NA	NA	NA	NA
Polish Zloty	4.647120	4.671610	4.755740	4.764540	4.735990	4.729210	4.721660	4.736930	4.732000	4.730530	4.740190
Qatar Riyal	5.615490	5.592530	5.556730	5.544930	5.554350	5.536760	5.550410	5.547940	5.571740	5.546870	5.550310
Russian Ruble	NA	NA	NA	NA	NA	NA	42.626700	42.493500	42.657000	42.587300	42.644100
Saudi Arabian Riyal	5.785200	5.761530	5.724660	5.712490	5.722200	5.704080	5.718140	5.715590	5.740130	5.714480	5.718040
Singapore Dollar	2.528670	2.514020	2.514730	2.509690	2.512270	2.507210	2.502720	2.499770	2.499180	2.491210	2.492000
South African Rand	8.693230	NA	9.022100	9.140020	9.178440	9.096120	9.072760	9.221180	9.168930	9.173640	9.247960
Sri Lanka Rupee	161.270000	159.448000	157.052000	153.562000	151.730000	151.117000	149.800000	149.529000	150.341000	NA	150.125000
Swedish Krona	10.278300	10.328500	10.415100	NA	10.475400	10.518300	10.498500	10.528100	10.466200	10.529900	10.536400
Swiss Franc	1.763020	1.776390	1.790820	1.790980	1.788380	1.794880	1.791380	1.799110	1.790920	1.801060	1.798520
Thai Baht	NA	59.856900	59.796100	59.676600	59.793200	59.672300	59.593700	59.376800	59.403200	59.060500	58.713000
Trinidad And Tobago Dollar	9.701670	NA	9.575430	9.572130	NA	NA	9.556480	9.568190	9.619550	9.582670	NA
Tunisian Dinar	NA	NA	NA	NA	NA	NA	NA	NA	NA	NA	NA
U.A.E. Dirham	5.665630	5.642450	5.606360	5.594440	5.603940	5.586190	5.599980	5.597470	5.621480	5.596410	5.599860
Peso Uruguayo	NA	NA	NA	NA	NA	NA	NA	NA	NA	NA	NA
Bolivar Fuerte	NA	NA	NA	NA	NA	NA	NA	NA	NA	NA	NA

Currency units per SDR for January 2005 Continued

Currency	January 18, 2005	January 19, 2005	January 20, 2005	January 21, 2005	January 24, 2005	January 25, 2005	January 26, 2005	January 27, 2005	January 28, 2005	January 31, 2005
Chinese Yuan	12.595800	12.621200	NA	12.543400	12.606700	12.583800	12.575500	12.594300	12.587300	12.584400
Euro	1.165300	1.165590	1.171520	1.169130	1.165860	1.167310	1.168340	1.168190	1.166740	1.166470
Japanese Yen	156.069000	156.155000	155.563000	156.783000	156.691000	156.118000	157.261000	157.191000	156.951000	157.523000
U.K. Pound Sterling	0.813359	0.811056	0.812367	0.812750	0.810077	0.810248	0.808636	0.808035	0.807761	0.807096
U.S. Dollar	1.521880	1.524950	1.515470	1.515540	1.523190	1.520430	1.519430	1.521690	1.520850	1.520490
Algerian Dinar	NA	NA	NA	NA	NA	NA	NA	NA	NA	NA
Australian Dollar	2.021620	2.014460	1.991160	1.999920	1.979200	1.974070	NA	1.960180	1.961630	1.963450
Bahrain Dinar	0.572226	0.573381	0.569817	0.569843	0.572721	0.571680	0.571305	0.572154	0.571840	0.571706
Botswana Pula	6.846030	6.829160	NA	6.826780	6.775760	6.763470	6.774100	6.763060	6.771350	6.775800
Brazilian Real	4.108920	4.137340	4.118600	4.124390	4.111250	4.115190	4.069940	4.068990	4.051080	4.041320
Brunei Dollar	2.492220	2.489630	2.477040	NA	2.488740	2.482100	2.486090	2.486140	2.484310	2.493160
Canadian Dollar	1.860340	NA	1.868120	1.850780	1.867440	1.882750	1.869960	1.881870	1.889050	1.882370
Chilean Peso	874.516000	885.081000	879.113000	885.410000	884.142000	878.742000	888.747000	889.640000	890.956000	891.281000
Colombian Peso	3,578.280000	3,616.830000	3,582.110000	3,609.330000	3,615.850000	3,604.580000	3,601.160000	3,607.860000	3,608.410000	3,600.170000
Czech Koruna	35.386700	35.287300	35.580200	35.503000	35.297000	35.134100	35.068400	35.309200	35.260800	35.150700
Danish Krone	8.670170	8.671750	8.718090	8.700270	8.676860	8.687570	8.695730	8.694140	8.682820	8.680480
Hungarian Forint	288.091000	287.270000	288.380000	287.741000	286.742000	285.992000	286.975000	285.514000	286.102000	NA
Icelandic Krona	95.133000	94.775900	95.111300	95.115800	94.651300	94.874900	95.055200	94.862300	94.505500	94.757100
Indian Rupee	66.566800	66.701400	66.347300	NA	66.639600	66.609800	NA	66.573900	66.582800	66.430200
Indonesian Rupiah	13,925.200000	13,945.700000	13,868.100000	NA	13,935.700000	13,889.100000	13,902.800000	13,897.600000	13,908.100000	13,935.300000
Iranian Rial	NA	NA	13,411.900000	NA	13,480.300000	13,455.800000	13,447.000000	13,463.900000	NA	13,457.900000
Israeli New Sheqel	6.636890	6.654870	6.627170	6.621420	6.667020	6.697480	6.706770	6.713710	NA	6.664310
Kazakhstani Tenge	NA	NA	NA	NA	NA	NA	NA	NA	NA	NA
Korean Won	1,576.360000	1,581.220000	NA	NA	1,580.310000	1,571.820000	1,567.140000	1,572.510000	1,563.580000	1,560.630000
Kuwaiti Dinar	0.444389	NA	NA	NA	0.444773	0.443965	0.443673	0.444334	NA	0.443985
Libyan Dinar	1.932370	1.932370	1.932370	1.932370	1.932370	1.932370	1.932370	1.932370	1.932370	1.932370
Malaysian Ringgit	5.783120	5.794820	5.758810	5.759070	5.788140	5.777610	5.773840	5.782420	5.779210	5.777880
Mauritian Rupee	43.207400	43.312000	43.105500	43.236500	43.440700	NA	43.376600	NA	43.431200	43.432000
Mexican Peso	17.120400	NA	17.051300	17.050600	17.113600	17.164100	17.113600	17.193700	17.126700	17.051000
Nepalese Rupee	107.970000	108.187000	107.523000	107.520000	108.063000	107.874000	NA	107.956000	107.897000	107.871000
New Zealand Dollar	2.185980	2.189440	2.160020	2.150010	NA	2.128560	2.139140	2.125860	2.123790	2.140040
Norwegian Krone	9.510040	9.496590	9.581850	9.583410	9.550100	9.579650	9.613170	9.629370	9.625570	9.635030
Rial Omani	0.585161	0.586342	0.582700	0.582727	0.585669	0.584604	0.584221	0.585090	0.584765	0.584631
Pakistani Rupee	89.979800	90.160800	89.600900	89.604900	90.057600	89.894100	89.834300	89.968500	89.918400	NA
Nuevo Sol	NA	NA	NA	NA	NA	NA	NA	NA	NA	NA
Philippine Peso	NA	NA	NA	NA	NA	NA	NA	NA	NA	NA
Polish Zloty	4.769260	4.761040	4.794970	4.766220	4.742170	4.730950	4.756720	4.730640	4.739430	4.743950
Qatar Riyal	5.539640	5.550810	5.516330	5.516570	5.544440	5.534340	5.530730	5.538940	5.535870	5.534590
Russian Ruble	42.784400	42.938400	NA	NA	42.673400	42.542100	42.698500	42.611200	42.712200	42.746600
Saudi Arabian Riyal	5.707050	5.718570	5.683010	5.683270	5.711970	5.701610	5.697840	5.706330	5.703170	5.701840
Singapore Dollar	2.492220	2.489630	2.477040	NA	2.488740	2.482100	2.486090	2.486140	2.484310	2.493160
South African Rand	9.214980	NA	9.244370	9.161450	9.207680	NA	9.055760	9.015990	9.049040	9.069720
Sri Lanka Rupee	149.983000	150.230000	149.352000	NA	NA	149.783000	149.905000	150.203000	150.412000	151.076000
Swedish Krona	10.596100	10.529800	10.540100	10.567100	10.551900	10.559400	10.620800	NA	10.615500	10.632100
Swiss Franc	1.799470	1.795780	1.805380	NA	1.799200	1.799430	1.808420	1.802900	1.804330	1.805890
Thai Baht	58.594000	58.623500	58.415300	58.530200	58.630700	58.487700	58.589200	58.620100	58.499400	NA
Trinidad And Tobago Dollar	9.523270	9.566630	NA	9.503540	NA	9.537160	9.505700	9.542350	9.533620	9.501730
Tunisian Dinar	NA	NA	NA	NA	NA	NA	NA	NA	NA	NA
U.A.E. Dirham	5.589090	5.600360	5.565570	5.565820	5.593940	5.583750	5.580110	5.588400	5.585310	5.584000
Peso Uruguayo	NA	NA	NA	NA	NA	NA	NA	NA	NA	NA
Bolivar Fuerte	NA	NA	NA	NA	NA	NA	NA	NA	NA	NA

Notes:


The value of the U.S. dollar in terms of the SDR is the reciprocal of the sum of the dollar values, based on market exchange rates, of specified quantities of the SDR basket currencies. See SDR Valuation.

These rates are the official rates used by the Fund to conduct operations with member countries. The rates are derived from the currency's representative exchange rate, as reported by the central bank, normally against the U.S. dollar at spot market rates and rounded to six significant digits. See Representative Exchange Rates for Selected Currencies.

The value in terms of each national currency of the SDR (shown above) is the reciprocal of the value in terms of the SDR of each national currency, rounded to six significant digits.

Exchange rates are published daily except on IMF holidays or whenever the IMF is closed for business.
