Currency units per SDR for April 2005
Currency	April 01, 2005	April 04, 2005	April 05, 2005	April 06, 2005	April 07, 2005	April 08, 2005	April 11, 2005	April 12, 2005	April 13, 2005	April 14, 2005	April 15, 2005
Chinese Yuan	12.502400	12.451000	12.416400	12.454100	12.459700	12.423300	12.492400	12.506600	12.497200	12.443600	12.438800
Euro	1.165670	1.167720	1.171110	1.170100	1.164920	1.170950	1.163660	1.163720	1.168520	1.172770	1.167940
Japanese Yen	162.283000	161.991000	162.696000	162.438000	163.339000	163.132000	163.692000	162.639000	162.200000	162.001000	162.660000
U.K. Pound Sterling	0.800269	0.802678	0.800576	0.800186	0.801269	0.803077	0.799418	0.797830	0.798244	0.798072	0.797512
U.S. Dollar	1.510590	1.504380	1.500200	1.504750	1.505430	1.501030	1.509380	1.511090	1.509960	1.503490	1.502910
Algerian Dinar	NA	NA	NA	NA	NA	NA	NA	NA	NA	NA	NA
Australian Dollar	1.954190	1.952210	1.960530	1.965970	1.958410	1.958300	1.954900	1.949550	1.941570	1.942990	1.960230
Bahrain Dinar	0.567982	0.565646	0.564073	0.565787	0.566043	0.564388	0.567527	0.568172	0.567746	0.565310	0.565093
Botswana Pula	6.910320	6.900840	6.887950	6.867850	6.849080	6.894980	6.823560	6.874840	6.866580	6.898310	6.969220
Brazilian Real	NA	3.992920	3.989020	3.949530	NA	3.904340	3.914420	3.894840	NA	3.847430	3.868340
Brunei Dollar	2.504110	2.502530	2.501880	2.495930	2.496000	2.491720	2.501490	2.487100	2.481930	2.482260	2.493170
Canadian Dollar	1.834920	1.835790	1.830390	1.838650	NA	NA	1.861210	1.874660	1.867520	1.866880	NA
Chilean Peso	885.105000	880.119000	883.541000	883.829000	880.964000	870.853000	870.428000	867.973000	869.769000	861.126000	NA
Colombian Peso	3,569.870000	3,559.330000	3,562.170000	3,565.760000	3,556.250000	NA	NA	NA	3,526.370000	3,501.230000	NA
Czech Koruna	35.004900	35.041500	35.107600	35.060700	34.895900	35.064200	34.797100	34.785400	34.957100	35.157500	35.141000
Danish Krone	8.684550	8.699810	8.724860	NA	8.677920	8.722200	NA	8.669870	8.705570	8.739200	8.704890
Hungarian Forint	287.934000	288.780000	289.553000	288.189000	286.844000	288.184000	286.374000	286.261000	286.969000	288.053000	289.250000
Icelandic Krona	91.632200	91.706900	91.676700	91.879700	92.057300	92.193900	92.570300	93.113300	95.218100	95.095900	94.743600
Indian Rupee	NA	65.831500	65.723700	65.848000	65.847500	65.700400	66.020100	66.034900	66.060700	NA	65.872700
Indonesian Rupiah	14,328.000000	14,258.500000	14,236.800000	14,257.500000	14,271.500000	14,249.300000	14,339.100000	14,332.700000	14,326.500000	14,260.600000	14,315.200000
Iranian Rial	NA	13,361.900000	13,329.200000	13,368.200000	NA	NA	13,412.300000	13,426.100000	13,420.500000	13,366.000000	NA
Israeli New Sheqel	6.587700	6.577130	6.560350	6.563700	6.572720	6.561030	6.586920	6.606500	6.621200	6.597310	6.605280
Kazakhstani Tenge	NA	NA	NA	NA	NA	NA	NA	NA	NA	NA	NA
Korean Won	1,537.180000	1,524.080000	1,519.850000	1,521.450000	1,527.560000	1,522.200000	1,530.510000	1,532.700000	1,528.080000	1,522.280000	1,522.450000
Kuwaiti Dinar	NA	0.439279	0.438057	0.439387	0.439586	NA	0.440738	0.441238	0.440909	0.439018	NA
Libyan Dinar	1.932370	1.932370	1.932370	1.932370	1.932370	1.932370	1.932370	1.932370	1.932370	1.932370	1.932370
Malaysian Ringgit	5.740260	5.716640	5.700730	5.718040	5.720630	5.703920	5.735620	5.742140	5.737860	5.713240	5.711050
Mauritian Rupee	43.752000	43.634200	43.492400	43.585300	43.662200	43.521000	43.794500	43.856600	43.850600	43.601700	43.607000
Mexican Peso	16.902500	16.875400	16.828600	16.899400	NA	NA	16.735800	16.796500	16.702500	NA	NA
Nepalese Rupee	107.169000	106.728000	106.431000	106.755000	106.803000	106.491000	107.083000	NA	107.124000	NA	NA
New Zealand Dollar	2.122810	2.126930	2.123720	2.121160	2.118530	2.107310	2.107480	2.097570	2.091940	2.070920	2.103150
Norwegian Krone	9.552650	9.572950	9.560870	9.556210	NA	9.559040	9.510590	9.514570	9.571390	9.671180	9.614550
Rial Omani	0.580821	0.578433	0.576824	0.578576	0.578838	0.577147	0.580356	0.581014	0.580582	0.578091	0.577868
Pakistani Rupee	89.312000	NA	88.697300	NA	NA	NA	89.240300	NA	89.275400	88.892000	NA
Nuevo Sol	NA	NA	NA	NA	NA	NA	NA	NA	NA	NA	NA
Philippine Peso	NA	NA	NA	NA	NA	NA	NA	NA	NA	NA	NA
Polish Zloty	4.755040	4.806190	4.832440	4.795340	4.781390	NA	4.770700	4.756760	4.755470	4.809360	4.834260
Qatar Riyal	5.498550	5.475940	5.460720	5.477290	5.479750	5.463760	5.494140	5.500370	5.496260	5.472700	5.470580
Russian Ruble	42.120000	41.960900	41.914500	41.943300	41.863800	41.847100	41.950500	41.955500	41.962900	41.840700	41.935800
Saudi Arabian Riyal	5.664730	5.641400	5.625720	5.642800	5.645350	5.628890	5.660170	5.666590	5.662350	5.638090	NA
Singapore Dollar	2.504110	2.502530	2.501880	2.495930	2.496000	2.491720	2.501490	2.487100	2.481930	2.482260	2.493170
South African Rand	9.343000	9.342210	9.323750	9.224160	9.213190	NA	9.184590	9.285650	9.248550	9.306570	9.483350
Sri Lanka Rupee	150.459000	150.005000	149.637000	150.078000	150.198000	149.499000	150.330000	150.519000	NA	NA	149.721000
Swedish Krona	10.672300	10.692400	10.737600	10.713800	10.654700	10.728600	10.705300	10.641900	10.675400	10.697300	10.768300
Swiss Franc	1.809240	1.813980	1.820490	1.810210	1.809380	1.812500	1.805210	1.803490	1.808480	1.821630	1.818970
Thai Baht	59.230500	NA	59.425800	NA	NA	59.489100	59.824000	59.934400	NA	NA	NA
Trinidad And Tobago Dollar	9.505700	NA	9.414330	9.435830	9.415220	NA	9.482360	NA	9.462800	9.411500	9.388790
Tunisian Dinar	NA	NA	NA	NA	NA	NA	NA	NA	NA	NA	NA
U.A.E. Dirham	5.547630	5.524830	5.509460	5.526210	5.528680	5.512560	5.543180	5.549480	5.545330	5.521570	5.519430
Peso Uruguayo	NA	NA	NA	NA	NA	NA	NA	NA	NA	NA	NA
Bolivar Fuerte	NA	NA	NA	NA	NA	NA	NA	NA	NA	NA	NA

Currency units per SDR for April 2005 Continued

Currency	April 18, 2005	April 19, 2005	April 20, 2005	April 21, 2005	April 22, 2005	April 25, 2005	April 26, 2005	April 27, 2005	April 28, 2005	April 29, 2005
Chinese Yuan	12.519000	12.528100	12.559300	12.567600	12.576700	12.548300	12.545100	12.514800	12.526800	12.553600
Euro	1.166500	1.164740	1.162900	1.162870	1.162010	1.169320	1.167670	1.170340	1.172830	1.170630
Japanese Yen	162.831000	162.390000	162.217000	162.097000	162.244000	160.407000	160.336000	160.583000	160.269000	NA
U.K. Pound Sterling	0.796356	0.793097	0.793153	0.794508	0.793714	0.793330	0.795418	0.795627	0.794092	0.793298
U.S. Dollar	1.512600	1.513700	1.517460	1.518470	1.519570	1.516140	1.515750	1.512090	1.513540	1.516780
Algerian Dinar	NA	NA	NA	NA	NA	NA	NA	NA	NA	NA
Australian Dollar	1.978030	1.972250	1.962070	1.957300	1.953920	NA	1.941270	1.949570	1.947430	1.941850
Bahrain Dinar	0.568738	0.569152	0.570568	0.570946	0.571357	0.570067	0.569921	0.568544	0.569094	0.570311
Botswana Pula	6.983390	6.949950	6.932220	6.864690	6.844910	6.841770	6.852370	6.817330	6.873510	6.875690
Brazilian Real	3.927160	3.958170	3.917640	NA	3.895700	3.848570	3.834840	3.832680	3.812170	3.823650
Brunei Dollar	2.507740	2.501090	2.502300	2.503810	2.506520	2.497230	2.497190	2.494490	2.492050	2.498740
Canadian Dollar	1.887880	1.878500	1.880590	1.881530	1.875450	1.876220	1.889230	1.884970	1.893140	1.906440
Chilean Peso	877.293000	884.909000	879.918000	877.616000	881.329000	874.783000	875.113000	876.962000	877.994000	884.087000
Colombian Peso	3,575.720000	3,577.330000	3,574.590000	NA	3,550.240000	NA	3,552.860000	3,542.160000	3,538.770000	3,556.660000
Czech Koruna	35.219300	35.400900	35.086900	35.110000	35.180900	35.480600	35.324500	35.360200	35.793800	35.702000
Danish Krone	8.694590	8.680780	8.665660	8.662730	NA	8.710190	8.697770	8.715810	8.734080	8.716500
Hungarian Forint	289.496000	291.130000	289.942000	288.205000	289.979000	291.886000	291.296000	292.755000	293.506000	295.560000
Icelandic Krona	95.021800	95.166500	94.841600	94.904600	94.805600	95.501900	96.174200	96.214000	96.367000	95.966500
Indian Rupee	NA	66.239600	66.404100	66.432800	NA	66.270400	66.223000	66.093400	66.156800	66.207600
Indonesian Rupiah	14,415.100000	14,483.100000	14,514.500000	14,569.700000	NA	14,623.100000	14,786.100000	14,576.500000	14,431.600000	14,515.600000
Iranian Rial	13,456.100000	NA	13,494.800000	13,505.300000	NA	NA	NA	13,459.100000	13,475.100000	13,503.900000
Israeli New Sheqel	6.626690	NA	6.632840	6.632660	NA	6.613410	6.608640	6.604800	6.609650	6.626820
Kazakhstani Tenge	NA	NA	NA	NA	NA	NA	NA	NA	NA	NA
Korean Won	1,546.180000	1,546.250000	1,539.470000	NA	1,529.900000	1,524.170000	1,514.990000	NA	1,517.180000	1,520.570000
Kuwaiti Dinar	0.441679	0.442001	0.443099	NA	NA	0.442713	0.442597	0.441528	0.441956	0.442899
Libyan Dinar	1.932370	1.932370	1.932370	1.932370	1.932370	1.932370	1.932370	1.932370	1.932370	1.932370
Malaysian Ringgit	5.747890	5.752050	5.766380	5.770170	5.774340	5.761330	5.759840	5.745940	5.751460	5.763760
Mauritian Rupee	43.915700	44.059300	44.214100	44.158700	44.117400	43.961100	43.949300	43.802800	43.981000	44.107700
Mexican Peso	16.833700	16.768200	16.785300	16.765400	16.770100	16.764100	16.763400	16.789100	16.824400	16.810800
Nepalese Rupee	107.311000	107.389000	107.657000	107.728000	NA	107.562000	107.535000	NA	107.378000	107.608000
New Zealand Dollar	2.111390	2.112040	2.094500	2.088110	2.090760	NA	2.082070	2.090540	2.092260	2.083780
Norwegian Krone	9.588650	9.559590	9.520090	9.484340	9.484970	9.535710	9.494960	9.511310	9.552740	9.532340
Rial Omani	0.581595	0.582018	0.583465	0.583853	0.584273	0.582954	0.582805	0.581399	0.581957	0.583203
Pakistani Rupee	NA	89.495900	89.718300	89.777900	89.842400	89.640300	89.617000	89.400700	89.487100	89.678100
Nuevo Sol	NA	NA	NA	NA	NA	NA	NA	NA	NA	NA
Philippine Peso	NA	NA	NA	NA	NA	NA	NA	NA	NA	NA
Polish Zloty	4.857720	4.889260	4.856660	4.839970	4.879480	4.910920	4.903600	4.960240	4.975770	5.003550
Qatar Riyal	5.505850	5.509850	5.523580	5.527210	5.531220	5.518730	5.517300	5.504000	5.509310	5.521080
Russian Ruble	42.083800	42.011700	42.070400	42.072800	42.138100	42.067200	42.075000	42.044400	42.067400	42.125000
Saudi Arabian Riyal	5.672250	5.676370	5.690480	5.694270	5.698360	5.685500	5.684050	5.670320	5.675790	5.687930
Singapore Dollar	2.507740	2.501090	2.502300	2.503810	2.506520	2.497230	2.497190	2.494490	2.492050	2.498740
South African Rand	9.483980	9.430310	9.332450	9.247440	NA	9.202930	NA	NA	9.277990	9.252410
Sri Lanka Rupee	150.752000	150.881000	151.312000	151.510000	NA	151.328000	151.345000	150.915000	151.107000	151.537000
Swedish Krona	10.701600	10.690500	NA	10.659700	10.663600	10.666000	10.655700	10.705600	10.715900	10.731200
Swiss Franc	1.801810	1.800090	1.796830	1.789210	1.795670	1.805260	1.801770	1.806640	1.804450	1.799660
Thai Baht	60.012500	59.821500	59.772900	59.923300	60.033400	59.734300	59.827900	59.845500	59.907500	60.017500
Trinidad And Tobago Dollar	9.485780	9.482450	9.501280	9.515650	9.527260	9.507510	9.477950	9.478040	9.498120	9.496140
Tunisian Dinar	NA	NA	NA	NA	NA	NA	NA	NA	NA	NA
U.A.E. Dirham	5.555030	5.559080	5.572890	5.576590	5.580610	5.568020	5.566560	5.553150	5.558490	5.570380
Peso Uruguayo	NA	NA	NA	NA	NA	NA	NA	NA	NA	NA
Bolivar Fuerte	NA	NA	NA	NA	NA	NA	NA	NA	NA	NA

Notes:


The value of the U.S. dollar in terms of the SDR is the reciprocal of the sum of the dollar values, based on market exchange rates, of specified quantities of the SDR basket currencies. See SDR Valuation.

These rates are the official rates used by the Fund to conduct operations with member countries. The rates are derived from the currency's representative exchange rate, as reported by the central bank, normally against the U.S. dollar at spot market rates and rounded to six significant digits. See Representative Exchange Rates for Selected Currencies.

The value in terms of each national currency of the SDR (shown above) is the reciprocal of the value in terms of the SDR of each national currency, rounded to six significant digits.

Exchange rates are published daily except on IMF holidays or whenever the IMF is closed for business.
