Currency units per SDR for December 2005
Currency	December 01, 2005	December 02, 2005	December 05, 2005	December 06, 2005	December 07, 2005	December 08, 2005	December 09, 2005	December 12, 2005	December 13, 2005	December 14, 2005	December 15, 2005
Chinese Yuan	11.498600	11.467000	11.486900	11.490400	11.468400	11.509400	11.520700	11.556700	11.571100	11.630300	11.660600
Euro	1.211690	1.213200	1.208050	1.207190	1.212520	1.211140	1.210390	1.199850	1.201630	1.198300	1.203610
Japanese Yen	170.519000	171.028000	172.500000	172.086000	171.874000	171.972000	171.887000	172.914000	171.809000	171.115000	169.334000
U.K. Pound Sterling	0.823330	0.821990	0.818934	0.820749	0.819216	0.816493	0.815016	0.811352	0.810760	0.813623	0.814837
U.S. Dollar	1.423120	1.419080	1.421510	1.422430	1.419860	1.424790	1.426450	1.430820	1.432940	1.440360	1.444210
Algerian Dinar	NA	NA	NA	NA	NA	NA	NA	NA	NA	NA	NA
Australian Dollar	1.927050	1.910710	1.906020	1.893550	1.895170	1.910920	1.897370	1.903190	1.895170	1.910040	1.913620
Bahrain Dinar	0.535094	0.533575	NA	NA	NA	0.535719	0.536343	0.537987	0.538784	0.541574	0.543024
Botswana Pula	7.941550	7.866340	7.840620	7.798430	7.801410	7.863060	7.867880	7.865960	7.881960	7.866520	7.957100
Brazilian Real	3.139700	3.145960	3.134860	3.123660	3.095150	3.104900	3.155150	3.210470	3.242160	3.249020	3.288620
Brunei Dollar	2.406790	2.401370	2.401780	NA	2.393170	2.401340	NA	2.408350	2.403460	2.406410	2.410820
Canadian Dollar	1.663210	1.649970	1.644260	1.644620	1.644480	NA	1.651830	1.646440	NA	1.660880	1.671960
Chilean Peso	738.073000	732.971000	729.203000	730.151000	725.505000	NA	727.061000	737.817000	733.719000	736.572000	743.307000
Colombian Peso	3,237.200000	3,225.500000	3,233.070000	3,234.760000	3,229.040000	NA	3,243.830000	3,255.240000	NA	3,277.290000	3,286.230000
Czech Koruna	35.109900	35.099500	34.963400	34.933500	35.148600	35.219300	35.143300	34.881900	34.847600	34.729900	34.846000
Danish Krone	9.031470	9.041260	9.002520	8.994020	NA	9.021850	9.016890	8.937350	8.951670	8.927610	8.969010
Hungarian Forint	306.256000	305.330000	305.638000	303.547000	307.158000	309.948000	309.710000	307.983000	303.740000	302.144000	303.703000
Icelandic Krona	89.884400	90.339100	91.872100	91.846800	92.020900	92.226200	91.534900	90.843000	90.317900	89.878800	89.959600
Indian Rupee	65.449300	65.448000	65.787300	65.687900	65.554900	66.010500	65.930400	66.103900	66.000900	66.026200	65.711700
Indonesian Rupiah	14,273.900000	14,240.500000	14,222.200000	14,160.300000	14,028.200000	13,977.100000	13,900.700000	13,929.000000	13,956.800000	14,086.700000	14,174.900000
Iranian Rial	12,920.500000	NA	12,911.600000	12,918.500000	NA	NA	NA	12,996.100000	13,013.900000	13,079.900000	13,116.300000
Israeli New Sheqel	6.634600	6.604410	6.614280	6.584450	6.582460	6.603890	6.605890	6.593220	6.600090	6.608380	6.617390
Kazakhstani Tenge	NA	NA	NA	NA	NA	NA	NA	NA	NA	NA	NA
Korean Won	1,473.650000	NA	1,475.810000	1,476.350000	1,469.130000	1,474.370000	NA	1,479.610000	1,481.510000	1,482.850000	1,464.430000
Kuwaiti Dinar	0.415553	NA	0.415081	0.415351	0.414599	0.416037	NA	0.417798	0.418417	0.420585	0.421710
Libyan Dinar	1.932370	1.932370	1.932370	1.932370	1.932370	1.932370	1.932370	1.932370	1.932370	1.932370	1.932370
Malaysian Ringgit	5.375560	5.364120	5.374730	NA	5.367080	5.376860	NA	5.402050	5.405760	5.439510	5.455510
Mauritian Rupee	43.508100	43.435000	43.507200	43.488800	43.427300	43.490900	43.620900	43.733400	43.842500	44.166500	44.290100
Mexican Peso	14.978000	14.837600	14.889000	14.807100	14.823300	NA	15.154600	NA	NA	15.401900	15.507700
Nepalese Rupee	105.446000	105.360000	105.966000	106.398000	NA	NA	106.613000	106.918000	107.076000	NA	NA
New Zealand Dollar	2.023780	2.015450	1.994260	1.980830	1.979180	2.030480	2.034290	2.037910	2.014820	2.040750	2.043020
Norwegian Krone	9.659600	9.604950	9.536340	9.506700	9.610490	9.598310	9.594720	9.571760	9.555300	9.527710	9.580200
Rial Omani	0.547193	0.545637	0.546571	0.546926	0.545935	0.547831	0.548468	0.550149	0.550964	0.553817	0.555300
Pakistani Rupee	85.075200	84.868000	85.013000	NA	84.914200	NA	NA	85.569600	85.696400	86.140100	86.370700
Nuevo Sol	NA	NA	NA	NA	NA	NA	NA	NA	NA	NA	NA
Philippine Peso	NA	NA	NA	NA	NA	NA	NA	NA	NA	NA	NA
Polish Zloty	4.748410	4.702560	4.687990	4.630740	4.648910	4.677290	4.681170	4.640870	4.594000	4.589700	4.614250
Qatar Riyal	5.180170	5.165450	5.174300	5.177670	5.168280	5.186210	5.192270	5.208170	5.215890	5.242900	5.256930
Russian Ruble	41.008800	41.103200	41.220600	41.125900	41.071000	41.290100	41.261100	41.289200	41.144600	41.282200	41.433300
Saudi Arabian Riyal	5.336720	5.321550	5.330660	5.334130	5.324470	5.342940	5.349170	5.365560	5.373510	5.401350	5.415800
Singapore Dollar	2.406790	2.401370	2.401780	NA	2.393170	2.401340	NA	2.408350	2.403460	2.406410	2.410820
South African Rand	NA	9.082160	9.033670	NA	8.966440	NA	NA	9.085710	NA	9.045440	9.177930
Sri Lanka Rupee	145.127000	144.719000	144.995000	145.056000	144.836000	145.318000	145.504000	145.920000	146.132000	146.932000	NA
Swedish Krona	11.495300	11.491000	11.428900	11.361700	11.373100	11.373400	NA	11.371400	11.320200	11.296000	11.340700
Swiss Franc	1.871700	1.873190	1.870280	1.862250	1.867110	1.861770	1.860800	1.855480	1.856370	1.847550	1.853650
Thai Baht	58.666900	58.704700	NA	58.851900	58.668600	58.797900	58.838100	NA	58.979700	59.155500	59.127500
Trinidad And Tobago Dollar	8.947020	NA	NA	NA	NA	NA	NA	NA	8.981260	9.017380	NA
Tunisian Dinar	NA	NA	NA	NA	NA	NA	NA	NA	NA	NA	NA
U.A.E. Dirham	5.226440	5.211590	5.220490	NA	5.214440	5.232530	5.238620	5.254670	5.262470	5.289720	5.303860
Peso Uruguayo	NA	NA	NA	NA	NA	NA	NA	NA	NA	NA	NA
Bolivar Fuerte	NA	NA	NA	NA	NA	NA	NA	NA	NA	NA	NA

Currency units per SDR for December 2005 Continued

Currency	December 16, 2005	December 19, 2005	December 20, 2005	December 21, 2005	December 22, 2005	December 23, 2005	December 26, 2005	December 27, 2005	December 28, 2005	December 29, 2005	December 30, 2005
Chinese Yuan	11.645100	11.653100	11.634600	11.583600	11.557600	11.567800	NA	11.559900	11.581800	11.534100	11.534500
Euro	1.203690	1.205200	1.205350	1.208080	1.210320	1.207800	1.207800	1.208020	1.204030	1.208540	1.211550
Japanese Yen	166.912000	167.948000	167.516000	167.733000	168.195000	NA	166.838000	167.657000	168.493000	168.462000	168.610000
U.K. Pound Sterling	0.815322	0.817227	0.815687	0.819934	0.823269	0.825028	0.825028	0.827212	0.825928	0.830096	0.830055
U.S. Dollar	1.442380	1.443470	1.440990	1.434230	1.430840	1.432330	1.432330	1.431740	1.434720	1.429100	1.429270
Algerian Dinar	NA	NA	NA	NA	NA	NA	NA	NA	NA	NA	NA
Australian Dollar	NA	1.934950	1.949930	1.952400	1.950440	1.960480	NA	NA	1.972940	1.960350	1.948020
Bahrain Dinar	0.542335	0.542744	0.541815	0.539270	0.537996	0.538555	0.538555	0.538335	0.539453	0.537340	0.537403
Botswana Pula	7.999870	7.966160	7.913210	7.917340	7.922670	7.904700	NA	NA	7.891730	7.878170	7.870420
Brazilian Real	NA	NA	3.419050	3.368860	3.313830	3.329590	3.340050	3.338400	NA	3.354800	3.344340
Brunei Dollar	2.407050	2.404240	2.395940	2.391150	2.389080	2.391270	NA	2.386430	2.390960	2.381010	2.378590
Canadian Dollar	1.667970	1.679330	1.690860	1.677330	NA	NA	NA	NA	1.669870	1.664180	NA
Chilean Peso	745.306000	747.429000	746.982000	739.475000	731.048000	735.300000	NA	735.873000	738.651000	735.629000	734.943000
Colombian Peso	3,283.870000	3,288.010000	NA	NA	3,271.560000	3,270.680000	3,269.100000	3,267.750000	3,275.620000	3,261.700000	NA
Czech Koruna	34.938800	34.891600	34.872100	34.982300	34.935400	34.931700	NA	34.947400	34.826300	35.082900	35.142800
Danish Krone	8.970060	8.984730	8.988520	9.009250	9.027630	9.008770	NA	9.012420	8.983190	9.014210	9.038810
Hungarian Forint	304.328000	303.908000	302.508000	302.982000	303.452000	302.866000	NA	303.100000	302.912000	304.011000	305.262000
Icelandic Krona	89.874700	90.679100	90.941300	90.858700	91.315900	91.153500	91.153500	91.187600	91.276700	90.919000	90.229900
Indian Rupee	NA	65.302700	64.887900	65.071100	64.845800	64.683900	64.626600	64.714900	64.935500	64.537800	64.416800
Indonesian Rupiah	14,214.700000	14,333.700000	14,172.200000	14,153.000000	14,036.500000	14,094.100000	NA	14,066.900000	14,143.500000	14,062.300000	14,049.700000
Iranian Rial	NA	13,111.000000	13,091.400000	13,032.800000	13,003.500000	NA	13,019.900000	13,016.000000	13,043.000000	12,991.900000	NA
Israeli New Sheqel	6.604670	6.622650	6.625680	6.596050	6.611920	6.562930	NA	6.598920	6.586790	6.562410	6.578900
Kazakhstani Tenge	NA	NA	NA	NA	NA	NA	NA	NA	NA	NA	191.493000
Korean Won	NA	1,467.000000	NA	1,458.470000	1,457.450000	1,458.260000	1,453.530000	1,449.210000	1,451.790000	1,447.250000	1,447.850000
Kuwaiti Dinar	NA	0.421493	0.420771	0.418796	0.417805	NA	0.418240	0.418069	0.418938	NA	NA
Libyan Dinar	1.932370	1.932370	1.932370	1.932370	1.932370	1.932370	NA	1.932370	1.932370	1.932370	1.932370
Malaysian Ringgit	5.451050	5.455890	5.446680	5.420970	5.407860	NA	NA	5.411260	5.423230	5.401990	5.402630
Mauritian Rupee	44.195200	44.171000	44.149700	43.935800	43.802200	43.880600	43.905700	43.889500	44.019900	43.807200	43.830800
Mexican Peso	15.515300	15.486000	15.418200	15.268400	NA	NA	15.316200	15.371500	15.463000	15.306900	NA
Nepalese Rupee	NA	105.871000	105.330000	104.118000	104.709000	104.839000	104.410000	104.367000	104.584000	104.531000	104.344000
New Zealand Dollar	2.080460	2.091680	2.093860	2.106380	2.110690	2.126380	NA	NA	2.135630	2.098830	2.097540
Norwegian Krone	9.591590	9.654930	9.682600	9.724410	9.721860	9.697440	NA	9.685890	9.667160	9.688230	9.674270
Rial Omani	0.554594	0.555013	0.554063	0.551462	0.550158	0.550731	0.550731	0.550506	0.551648	0.549487	0.549553
Pakistani Rupee	86.361000	86.425900	86.277600	85.873000	85.670000	85.725100	NA	NA	85.868600	NA	85.513200
Nuevo Sol	NA	NA	NA	NA	NA	NA	NA	NA	NA	NA	NA
Philippine Peso	NA	NA	NA	NA	NA	NA	NA	NA	NA	NA	NA
Polish Zloty	NA	4.650150	4.625730	4.624680	4.634930	4.630020	NA	4.625670	4.628690	4.654560	4.661270
Qatar Riyal	5.250280	5.254230	5.245210	5.220600	5.208250	5.213680	5.213680	5.211540	5.222370	5.201910	5.202530
Russian Ruble	41.327600	41.340900	41.305900	41.252600	41.265400	41.222300	41.259600	41.259600	41.244100	41.143600	41.137900
Saudi Arabian Riyal	5.408940	5.413010	5.403740	5.378370	5.365640	5.371230	5.371230	5.369040	5.380190	5.359110	5.359750
Singapore Dollar	2.407050	2.404240	2.395940	2.391150	2.389080	2.391270	NA	2.386430	2.390960	2.381010	2.378590
South African Rand	NA	9.216590	9.114270	9.143190	9.128750	NA	NA	9.077210	9.081740	9.053300	9.040120
Sri Lanka Rupee	NA	147.283000	147.019000	146.324000	145.999000	146.233000	NA	146.146000	146.468000	145.881000	145.953000
Swedish Krona	11.391200	11.345700	11.301000	11.391400	11.411000	11.387000	NA	11.461100	11.348600	11.336300	NA
Swiss Franc	NA	1.862800	1.868680	1.877550	1.881560	1.882080	NA	1.880450	1.875030	1.880980	1.878480
Thai Baht	NA	59.097100	58.953900	58.711600	58.602900	58.629700	58.635200	58.631400	58.802100	58.531600	58.701300
Trinidad And Tobago Dollar	NA	9.052720	NA	8.967810	8.948630	8.992160	NA	8.978430	NA	8.935590	8.972070
Tunisian Dinar	NA	NA	NA	NA	NA	NA	NA	NA	NA	NA	NA
U.A.E. Dirham	5.297140	5.301130	5.292040	5.267210	5.254750	5.260220	5.260220	5.258070	5.269010	5.248350	5.248990
Peso Uruguayo	NA	NA	NA	NA	NA	NA	NA	NA	NA	NA	NA
Bolivar Fuerte	NA	NA	NA	NA	NA	NA	NA	NA	NA	NA	NA

Notes:


The value of the U.S. dollar in terms of the SDR is the reciprocal of the sum of the dollar values, based on market exchange rates, of specified quantities of the SDR basket currencies. See SDR Valuation.

These rates are the official rates used by the Fund to conduct operations with member countries. The rates are derived from the currency's representative exchange rate, as reported by the central bank, normally against the U.S. dollar at spot market rates and rounded to six significant digits. See Representative Exchange Rates for Selected Currencies.

The value in terms of each national currency of the SDR (shown above) is the reciprocal of the value in terms of the SDR of each national currency, rounded to six significant digits.

Exchange rates are published daily except on IMF holidays or whenever the IMF is closed for business.
