Currency units per SDR for October 2005
Currency	October 03, 2005	October 04, 2005	October 05, 2005	October 06, 2005	October 07, 2005	October 10, 2005	October 11, 2005	October 12, 2005	October 13, 2005	October 14, 2005	October 17, 2005
Chinese Yuan	11.667900	11.665300	11.689300	11.726300	11.761800	NA	11.693500	11.671600	11.668200	11.670400	11.691400
Euro	1.208340	1.207560	1.209130	1.201500	1.196900	1.200060	1.202630	1.201540	1.204150	1.202300	1.202440
Japanese Yen	164.334000	164.601000	164.563000	164.983000	164.944000	NA	164.966000	165.418000	165.463000	165.255000	164.723000
U.K. Pound Sterling	0.822118	0.820573	0.818860	0.818806	0.822402	0.824640	0.824620	0.826446	0.824701	0.824749	0.822328
U.S. Dollar	1.441910	1.441590	1.444550	1.449130	1.453510	1.450630	1.445800	1.442810	1.442570	1.442650	1.445570
Algerian Dinar	NA	NA	NA	NA	NA	NA	NA	NA	NA	NA	NA
Australian Dollar	NA	1.887640	1.900470	1.911780	1.911000	NA	NA	1.919910	1.919080	1.918920	1.918730
Bahrain Dinar	0.542158	0.542038	0.543151	0.544873	0.546520	0.545438	0.543620	0.542496	0.542408	0.542435	0.543534
Botswana Pula	7.875010	7.899140	7.998590	8.010640	8.070570	NA	7.996670	8.020080	8.081660	8.050490	8.004290
Brazilian Real	NA	NA	NA	NA	NA	NA	NA	NA	NA	NA	NA
Brunei Dollar	2.444320	2.440610	2.444320	2.444530	2.445100	2.442710	2.438350	2.440360	2.444010	2.438500	2.437960
Canadian Dollar	1.681120	1.689690	NA	1.713160	1.707580	NA	1.699540	1.689100	1.707570	1.710400	1.705630
Chilean Peso	763.056000	761.406000	760.641000	764.415000	769.095000	847.214000	766.912000	760.896000	764.070000	773.186000	777.792000
Colombian Peso	3,299.400000	3,299.980000	3,307.710000	3,324.480000	3,347.120000	3,340.820000	3,329.690000	3,318.370000	3,317.160000	3,316.630000	NA
Czech Koruna	35.775200	35.748500	35.780000	35.755800	35.484500	35.485300	35.571000	35.520400	35.780100	35.695400	35.694100
Danish Krone	9.017540	9.011690	9.023070	8.964750	8.930960	8.955280	8.974240	8.966760	8.986100	8.972960	8.974000
Hungarian Forint	302.095000	303.195000	301.448000	300.882000	300.731000	299.308000	300.264000	300.883000	302.565000	304.138000	302.269000
Icelandic Krona	88.792600	88.859700	88.565300	89.020200	89.056700	88.952900	88.699700	88.574000	88.544900	88.390800	88.136800
Indian Rupee	63.573600	63.617300	64.007800	64.138300	64.419700	64.727000	64.974300	NA	64.757200	64.760500	64.790800
Indonesian Rupiah	14,851.700000	14,797.900000	14,626.000000	14,534.800000	14,615.000000	14,658.600000	14,609.800000	14,586.800000	14,613.300000	14,628.400000	14,597.400000
Iranian Rial	13,037.700000	NA	NA	13,101.600000	NA	13,118.000000	13,078.700000	13,056.000000	13,053.800000	NA	13,082.400000
Israeli New Sheqel	NA	NA	NA	6.660180	6.671600	6.701920	6.679580	NA	NA	6.712630	6.694470
Kazakhstani Tenge	NA	NA	NA	NA	NA	NA	NA	NA	NA	NA	NA
Korean Won	NA	NA	NA	NA	NA	NA	NA	NA	NA	NA	NA
Kuwaiti Dinar	0.421037	0.420945	0.421807	0.423146	NA	NA	NA	0.421299	0.421232	NA	0.422107
Libyan Dinar	1.932370	1.932370	1.932370	1.932370	1.932370	1.932370	1.932370	1.932370	1.932370	1.932370	1.932370
Malaysian Ringgit	5.435550	5.435790	5.448550	NA	5.479000	NA	5.453130	5.442270	5.441380	5.444250	5.455150
Mauritian Rupee	43.668900	43.612900	43.759500	43.919200	44.031700	43.910100	43.767300	43.744100	43.771900	43.823900	43.936200
Mexican Peso	15.526900	15.404400	NA	15.605200	15.689200	15.661700	15.615700	15.703800	15.782900	15.748500	15.679000
Nepalese Rupee	NA	NA	NA	103.895000	104.209000	NA	NA	NA	NA	NA	NA
New Zealand Dollar	2.080070	2.083520	2.071330	2.089280	2.082990	2.086940	2.068980	2.084980	2.068800	2.083540	2.074890
Norwegian Krone	9.528260	9.517370	9.541260	9.460020	9.441090	9.446170	9.434590	9.374360	9.409900	9.418320	9.400090
Rial Omani	0.554413	0.554290	0.555429	0.557190	0.558875	0.557768	0.555911	0.554760	0.554668	0.554696	0.555824
Pakistani Rupee	86.103700	86.084400	86.261200	86.535100	86.806300	86.634800	NA	86.167500	86.153400	86.154900	NA
Nuevo Sol	NA	NA	NA	NA	NA	NA	NA	NA	NA	NA	NA
Philippine Peso	NA	NA	NA	NA	NA	NA	NA	NA	NA	NA	NA
Polish Zloty	4.729320	4.754070	4.746350	4.726030	4.709070	NA	NA	4.666770	4.697460	4.722930	4.679040
Qatar Riyal	5.248540	5.247390	5.258150	5.274820	5.290780	5.280280	5.262710	5.251830	5.250970	5.251220	5.261880
Russian Ruble	41.257700	41.291400	41.336800	41.330200	41.363500	41.300600	41.286700	41.300300	41.256200	41.239700	41.240900
Saudi Arabian Riyal	5.407160	5.405960	5.417060	5.434220	5.450660	5.439870	5.421760	5.410520	5.409650	5.409910	5.420910
Singapore Dollar	2.444320	2.440610	2.444320	2.444530	2.445100	2.442710	2.438350	2.440360	2.444010	2.438500	2.437960
South African Rand	9.221010	9.276610	NA	9.470060	9.520450	NA	NA	NA	NA	NA	NA
Sri Lanka Rupee	146.060000	146.113000	NA	146.911000	147.339000	147.027000	146.553000	146.407000	146.393000	146.472000	NA
Swedish Krona	11.214400	11.266000	11.253000	11.169200	11.159300	11.159000	11.226600	11.253900	11.288100	11.292300	11.318800
Swiss Franc	1.876930	1.874790	NA	1.858940	1.853080	NA	NA	1.862950	1.867840	1.865770	1.866240
Thai Baht	59.333100	59.278200	59.311600	59.373600	59.372900	59.211900	59.133100	59.149200	59.099200	58.973700	59.008200
Trinidad And Tobago Dollar	9.067170	NA	9.064380	9.058790	9.108130	9.081090	NA	9.044540	9.021850	9.028040	9.072600
Tunisian Dinar	NA	NA	NA	NA	NA	NA	NA	NA	NA	NA	NA
U.A.E. Dirham	5.295400	5.294230	5.305100	5.321920	5.338000	5.327420	5.309720	5.298720	5.297840	5.298130	5.308870
Peso Uruguayo	NA	NA	NA	NA	NA	NA	NA	NA	NA	NA	NA
Bolivar Fuerte	NA	NA	NA	NA	NA	NA	NA	NA	NA	NA	NA

Currency units per SDR for October 2005 Continued

Currency	October 18, 2005	October 19, 2005	October 20, 2005	October 21, 2005	October 24, 2005	October 25, 2005	October 26, 2005	October 27, 2005	October 28, 2005	October 31, 2005
Chinese Yuan	11.643200	11.665900	11.666400	11.689800	11.659200	11.704600	11.708600	11.736400	11.739300	11.688600
Euro	1.205530	1.206350	1.206380	1.203160	1.206380	1.203940	1.200660	1.196550	1.196380	1.202530
Japanese Yen	166.022000	166.936000	166.578000	166.419000	167.000000	167.320000	166.694000	167.595000	167.435000	167.279000
U.K. Pound Sterling	0.824192	0.819968	0.816387	0.814491	0.815222	0.813577	0.815248	0.813074	0.814863	0.813385
U.S. Dollar	1.439040	1.441590	1.441980	1.445230	1.440900	1.446780	1.447880	1.451410	1.452160	1.445800
Algerian Dinar	NA	NA	NA	NA	NA	NA	NA	NA	NA	NA
Australian Dollar	1.925140	1.928290	1.924690	1.924410	1.925820	1.928010	1.914430	1.917830	1.920090	1.931080
Bahrain Dinar	0.541079	0.542038	0.542185	0.543407	0.541779	0.543990	0.544401	0.545732	0.546015	0.543620
Botswana Pula	8.030320	8.040070	8.055750	8.087470	8.076830	8.123410	8.129620	8.190810	8.181230	8.163730
Brazilian Real	NA	NA	NA	NA	3.247500	NA	3.292190	NA	3.317180	3.293960
Brunei Dollar	2.436150	2.444070	2.445020	2.445770	2.444490	2.449400	2.446340	2.453040	2.449800	2.446140
Canadian Dollar	1.697490	1.697760	1.696780	NA	1.712800	1.702860	1.694450	1.697720	1.709340	1.706180
Chilean Peso	770.760000	772.314000	776.018000	773.347000	776.428000	787.017000	786.491000	793.386000	794.218000	786.108000
Colombian Peso	3,302.230000	NA	3,293.430000	3,308.360000	3,297.770000	3,306.430000	3,307.030000	3,321.590000	3,325.260000	3,310.250000
Czech Koruna	35.898300	35.872500	35.890900	35.834600	35.905900	35.723900	35.754000	35.510400	NA	35.596900
Danish Krone	8.997170	9.002680	9.003010	8.977060	8.999770	8.980770	8.957040	NA	8.926580	8.973600
Hungarian Forint	302.644000	306.338000	304.864000	304.641000	306.566000	305.531000	301.869000	302.097000	299.973000	NA
Icelandic Krona	88.184200	87.807100	87.009500	87.161900	87.016300	87.139900	87.191600	87.926800	88.146100	88.265900
Indian Rupee	64.914800	65.333000	65.177600	65.165700	65.042300	65.278800	65.067700	65.400900	65.478000	65.220100
Indonesian Rupiah	14,563.100000	NA	14,564.000000	14,560.700000	14,514.200000	14,540.100000	14,435.400000	14,485.100000	14,514.400000	14,588.100000
Iranian Rial	13,027.600000	NA	13,057.100000	NA	13,054.600000	NA	13,114.900000	13,146.900000	NA	13,100.400000
Israeli New Sheqel	NA	6.703400	6.680700	6.684220	6.680030	6.707270	6.712360	6.714250	6.739500	6.702730
Kazakhstani Tenge	NA	NA	NA	NA	NA	NA	NA	NA	NA	NA
Korean Won	1,503.220000	1,515.110000	1,517.830000	1,524.140000	1,520.010000	1,534.020000	1,526.790000	1,519.630000	NA	1,507.530000
Kuwaiti Dinar	0.420198	0.420945	0.421058	NA	0.420743	0.422460	0.422781	0.423813	NA	0.422172
Libyan Dinar	1.932370	1.932370	1.932370	1.932370	1.932370	1.932370	1.932370	1.932370	1.932370	1.932370
Malaysian Ringgit	5.430650	5.440550	5.443040	5.454610	5.438980	5.461170	5.465320	5.479090	5.481340	5.457590
Mauritian Rupee	43.628500	43.694300	43.690400	43.883900	NA	NA	43.884500	44.087800	44.125200	43.934600
Mexican Peso	15.585800	15.677600	15.630100	15.745600	15.642400	15.685600	15.768900	15.833800	15.748300	NA
Nepalese Rupee	NA	105.157000	105.762000	106.001000	105.323000	105.752000	NA	105.736000	NA	105.326000
New Zealand Dollar	2.065210	2.072440	2.066760	2.062560	NA	2.055960	2.052570	2.070490	2.053400	2.056030
Norwegian Krone	9.428450	9.413710	9.409820	9.375670	9.441800	9.431740	9.391520	9.346230	9.342480	9.386940
Rial Omani	0.553309	0.554290	0.554441	0.555691	0.554026	0.556288	0.556709	0.558070	0.558357	0.555908
Pakistani Rupee	85.939400	86.091900	86.115600	86.319300	86.060700	86.411800	86.477500	86.688900	86.726500	NA
Nuevo Sol	NA	NA	NA	NA	NA	NA	NA	NA	NA	NA
Philippine Peso	NA	NA	NA	NA	NA	NA	NA	NA	NA	NA
Polish Zloty	4.674860	NA	4.692500	4.685600	4.712600	4.723440	4.716180	4.784870	4.767600	4.780820
Qatar Riyal	5.238100	5.247390	5.248820	5.260670	5.244880	5.266290	5.270290	5.283150	5.285890	5.262710
Russian Ruble	41.176700	41.332600	41.272300	41.285500	41.245400	41.390600	41.211500	41.335300	41.276900	41.209600
Saudi Arabian Riyal	5.396390	5.405960	5.407420	5.419640	5.403390	5.425440	5.429560	5.442800	5.445610	5.421730
Singapore Dollar	2.436150	2.444070	2.445020	2.445770	2.444490	2.449400	2.446340	2.453040	2.449800	2.446140
South African Rand	9.461630	9.478400	9.509860	9.545810	9.553200	9.621120	9.621120	9.738990	9.729520	9.679610
Sri Lanka Rupee	146.075000	146.389000	146.389000	146.738000	146.421000	147.007000	147.309000	147.715000	147.834000	147.250000
Swedish Krona	11.350400	11.467800	11.427700	11.384800	NA	11.552500	11.384000	11.411700	11.355900	NA
Swiss Franc	1.873630	1.870030	1.871400	1.860600	1.864820	1.856220	1.854880	1.851280	1.848320	1.856400
Thai Baht	58.817600	58.982800	58.995700	NA	NA	59.151600	59.083500	59.246600	59.188800	58.946600
Trinidad And Tobago Dollar	8.991110	9.028940	NA	9.035790	9.010060	NA	9.061990	9.073340	9.110460	9.065690
Tunisian Dinar	NA	NA	NA	NA	NA	NA	NA	NA	NA	NA
U.A.E. Dirham	5.284850	5.294230	5.295680	5.307630	5.291710	5.313300	5.317340	5.330320	5.333080	5.309690
Peso Uruguayo	NA	NA	NA	NA	NA	NA	NA	NA	NA	NA
Bolivar Fuerte	NA	NA	NA	NA	NA	NA	NA	NA	NA	NA

Notes:


The value of the U.S. dollar in terms of the SDR is the reciprocal of the sum of the dollar values, based on market exchange rates, of specified quantities of the SDR basket currencies. See SDR Valuation.

These rates are the official rates used by the Fund to conduct operations with member countries. The rates are derived from the currency's representative exchange rate, as reported by the central bank, normally against the U.S. dollar at spot market rates and rounded to six significant digits. See Representative Exchange Rates for Selected Currencies.

The value in terms of each national currency of the SDR (shown above) is the reciprocal of the value in terms of the SDR of each national currency, rounded to six significant digits.

Exchange rates are published daily except on IMF holidays or whenever the IMF is closed for business.
