Currency units per SDR for February 2005
Currency	February 01, 2005	February 02, 2005	February 03, 2005	February 04, 2005	February 07, 2005	February 08, 2005	February 09, 2005	February 10, 2005	February 11, 2005	February 14, 2005	February 15, 2005
Chinese Yuan	12.578600	12.602000	12.575900	12.550800	12.501000	12.425600	12.447400	12.437100	12.474200	12.541200	12.542200
Euro	1.166650	1.165780	1.168730	1.170270	1.175970	1.176210	1.178460	1.176100	1.172450	1.168560	1.164260
Japanese Yen	157.496000	157.820000	158.375000	158.468000	157.537000	157.863000	158.892000	158.685000	NA	159.059000	159.420000
U.K. Pound Sterling	0.807246	0.806992	0.804589	0.805289	0.806634	0.809068	0.807663	0.808035	0.807924	0.803135	0.803374
U.S. Dollar	1.519800	1.522630	1.519470	1.516440	1.510420	1.501310	1.503950	1.502700	1.507180	1.515280	1.515400
Algerian Dinar	NA	NA	NA	NA	NA	NA	NA	NA	NA	NA	NA
Australian Dollar	1.964320	1.966200	1.959850	1.970160	1.955490	1.957630	1.969550	1.934730	1.927840	1.930040	1.931430
Bahrain Dinar	0.571445	0.572508	0.571321	0.570181	0.567917	0.564493	0.565483	0.565016	0.566701	0.569745	0.569791
Botswana Pula	6.824400	6.824870	6.906700	6.900740	6.896880	6.928040	6.927460	6.921710	6.841490	6.819420	6.826120
Brazilian Real	3.987940	3.977410	3.985870	3.946670	NA	NA	NA	3.917540	NA	NA	NA
Brunei Dollar	2.490640	2.493760	2.488140	2.484070	2.472100	2.470110	NA	NA	2.490020	2.491880	2.489200
Canadian Dollar	1.884090	1.888820	1.888400	NA	1.897990	1.873630	NA	1.864700	1.865740	1.870610	1.869400
Chilean Peso	889.688000	888.968000	885.167000	875.480000	869.535000	866.018000	871.315000	871.999000	867.160000	867.009000	863.096000
Colombian Peso	3,592.420000	3,590.600000	3,592.220000	3,586.490000	3,567.490000	3,551.780000	NA	NA	3,534.260000	3,554.900000	3,543.410000
Czech Koruna	35.026800	35.063000	35.136300	35.046400	34.907300	35.231200	35.300600	35.262400	35.257400	35.148400	35.026900
Danish Krone	8.680330	8.675280	8.699890	8.710880	8.753650	8.752660	8.769850	8.752510	8.725550	8.698600	8.667160
Hungarian Forint	286.284000	285.934000	285.038000	285.636000	287.115000	287.140000	287.254000	287.076000	286.590000	285.281000	284.728000
Icelandic Krona	93.999100	93.718100	94.070700	94.883000	95.549300	95.363400	95.049800	94.970400	94.636000	94.705000	94.606500
Indian Rupee	66.384800	66.371100	65.884400	65.919600	65.642600	65.457000	65.632300	65.788200	65.999600	66.248000	66.313900
Indonesian Rupiah	13,930.400000	14,050.800000	13,979.200000	13,958.800000	13,895.900000	13,902.100000	NA	NA	13,983.600000	14,001.200000	14,017.400000
Iranian Rial	13,450.200000	13,475.200000	13,450.400000	NA	NA	13,303.100000	NA	NA	NA	13,420.800000	13,418.900000
Israeli New Sheqel	6.661250	6.687350	6.649200	6.619230	6.602050	6.586230	6.594830	6.581850	6.599960	6.621770	6.616250
Kazakhstani Tenge	NA	NA	NA	NA	NA	NA	NA	NA	NA	NA	NA
Korean Won	1,559.920000	1,564.500000	1,560.650000	NA	1,550.750000	NA	NA	NA	1,547.120000	1,568.620000	1,555.860000
Kuwaiti Dinar	0.443780	0.444606	0.443685	NA	0.441042	0.438383	0.439153	NA	NA	NA	0.442497
Libyan Dinar	1.932370	1.932370	1.932370	1.932370	1.932370	1.932370	1.932370	1.932370	1.932370	1.932370	1.932370
Malaysian Ringgit	5.775240	5.785970	5.774010	5.762460	5.739610	5.704960	5.715000	5.710270	5.727280	5.758050	5.758510
Mauritian Rupee	NA	43.478600	43.382600	43.349200	43.204800	43.004500	NA	43.093200	43.228500	43.540200	43.510800
Mexican Peso	16.978200	17.003200	16.969900	NA	16.902900	16.837500	NA	16.760100	16.809900	16.904100	16.902000
Nepalese Rupee	NA	NA	NA	NA	NA	106.510000	106.592000	NA	106.837000	107.403000	107.404000
New Zealand Dollar	2.139050	2.139120	2.128710	2.135520	2.131560	2.143810	2.151570	2.135130	2.118610	NA	2.120330
Norwegian Krone	9.676890	9.639860	NA	9.703840	9.814700	9.875470	9.844850	9.915130	9.874300	9.835260	9.747160
Rial Omani	0.584361	0.585449	0.584238	0.583070	0.580757	0.577254	0.578269	0.577788	0.579512	0.582625	0.582672
Pakistani Rupee	89.856100	90.023600	NA	NA	89.301700	88.763400	88.919700	88.845500	89.110700	89.589700	89.596100
Nuevo Sol	NA	NA	NA	NA	NA	NA	NA	NA	NA	NA	NA
Philippine Peso	NA	NA	NA	NA	NA	NA	NA	NA	NA	NA	NA
Polish Zloty	4.724740	4.727150	4.652790	4.661370	4.655410	4.667880	4.710520	4.699690	4.726810	4.691600	4.652110
Qatar Riyal	5.532040	5.542350	5.530880	5.519830	5.497920	5.464780	5.474350	5.469830	5.486160	5.515600	5.516050
Russian Ruble	42.502000	42.582500	NA	42.434900	42.478500	42.317700	42.310500	42.203900	42.304800	42.474200	42.462500
Saudi Arabian Riyal	5.699240	5.709850	5.698040	5.686630	5.664090	5.629900	5.639810	5.635140	5.651920	5.682300	5.682750
Singapore Dollar	2.490640	2.493760	2.488140	2.484070	2.472100	2.470110	NA	NA	2.490020	2.491880	2.489200
South African Rand	9.141600	9.166240	9.329580	NA	9.296620	9.413180	9.369610	9.354360	9.216420	NA	9.160610
Sri Lanka Rupee	150.852000	151.107000	151.080000	NA	150.157000	149.326000	149.562000	149.473000	149.944000	150.725000	150.643000
Swedish Krona	10.619600	10.578500	10.579300	10.622600	10.663600	10.685600	10.670500	10.642900	10.644500	10.644800	10.607800
Swiss Franc	1.809470	1.808580	1.816990	1.822300	1.831380	1.835800	1.833160	1.830890	1.821130	1.816060	1.811510
Thai Baht	58.671700	58.670000	58.554500	58.288600	57.713100	57.702700	58.062900	57.977400	58.150000	58.218400	58.233700
Trinidad And Tobago Dollar	9.526800	NA	9.529070	NA	9.482720	NA	NA	NA	9.458770	NA	NA
Tunisian Dinar	NA	NA	NA	NA	NA	NA	NA	NA	NA	NA	NA
U.A.E. Dirham	5.581450	5.591840	5.580260	5.569110	5.547020	5.513560	NA	5.518670	5.535140	5.564860	5.565290
Peso Uruguayo	NA	NA	NA	NA	NA	NA	NA	NA	NA	NA	NA
Bolivar Fuerte	NA	NA	NA	NA	NA	NA	NA	NA	NA	NA	NA

Currency units per SDR for February 2005 Continued

Currency	February 16, 2005	February 17, 2005	February 18, 2005	February 21, 2005	February 22, 2005	February 23, 2005	February 24, 2005	February 25, 2005	February 28, 2005
Chinese Yuan	12.555000	12.570200	12.556200	NA	12.658700	12.647200	12.667800	12.618000	12.679500
Euro	1.163300	1.164620	1.163500	1.163380	1.159310	1.157380	1.154280	1.158040	1.155610
Japanese Yen	159.280000	159.852000	160.053000	160.582000	160.396000	159.990000	160.327000	160.582000	160.445000
U.K. Pound Sterling	0.805049	0.803632	0.801802	0.801391	0.800480	0.800544	0.800846	0.798786	0.797041
U.S. Dollar	1.516950	1.518780	1.517090	1.518790	1.529480	1.528080	1.530570	1.524560	1.531990
Algerian Dinar	NA	NA	NA	NA	NA	NA	NA	NA	NA
Australian Dollar	1.928980	1.935000	1.933340	1.928130	1.934820	1.927450	1.942350	1.941620	1.938000
Bahrain Dinar	0.570373	0.571060	0.570428	0.571066	0.575083	0.574557	0.575493	0.573237	0.576027
Botswana Pula	6.781180	6.774240	6.751650	NA	6.717040	6.696220	6.686640	6.695500	6.681140
Brazilian Real	NA	NA	NA	3.890080	NA	3.962170	3.956370	3.977580	NA
Brunei Dollar	2.488400	2.492780	2.489550	2.489300	2.498550	2.487720	2.491310	2.489300	2.491930
Canadian Dollar	1.884660	1.868100	NA	1.873880	1.881100	1.892220	1.900360	1.891680	1.886490
Chilean Peso	861.356000	864.715000	859.417000	860.259000	865.958000	860.644000	867.559000	868.236000	884.752000
Colombian Peso	3,535.430000	3,541.340000	NA	3,520.740000	3,545.510000	3,532.670000	NA	3,519.750000	3,559.990000
Czech Koruna	34.971800	34.938000	34.764100	34.819800	34.598200	34.660000	34.460800	34.417000	34.391700
Danish Krone	8.658310	8.668890	8.660630	8.660180	8.629020	8.612750	8.589290	8.617870	8.601190
Hungarian Forint	284.018000	283.010000	282.179000	NA	281.362000	280.540000	280.049000	280.154000	279.726000
Icelandic Krona	94.415300	94.209900	93.877300	92.980900	93.236600	93.090800	93.120300	92.846200	92.700700
Indian Rupee	66.472600	66.431500	66.509300	66.553500	66.868600	66.807900	66.886100	66.608100	66.856100
Indonesian Rupiah	14,050.000000	14,124.700000	14,092.300000	NA	14,155.300000	14,111.800000	14,171.600000	14,109.800000	14,186.200000
Iranian Rial	13,429.500000	13,445.800000	NA	13,447.400000	13,538.900000	13,523.500000	NA	NA	13,564.200000
Israeli New Sheqel	6.616950	6.624930	6.609950	6.632580	NA	6.668530	6.668710	6.654730	6.674900
Kazakhstani Tenge	NA	NA	NA	NA	NA	NA	NA	NA	NA
Korean Won	1,557.450000	1,558.120000	1,556.230000	1,557.060000	1,566.030000	1,551.460000	NA	1,530.960000	1,544.400000
Kuwaiti Dinar	0.442948	0.443485	NA	0.443487	0.446606	0.446199	NA	NA	0.447341
Libyan Dinar	1.932370	1.932370	1.932370	1.932370	1.932370	1.932370	1.932370	1.932370	1.932370
Malaysian Ringgit	5.764420	5.771370	5.764950	5.771410	5.811990	5.806730	5.816190	5.793340	5.821570
Mauritian Rupee	43.567300	43.626000	43.581200	43.653400	43.993800	43.953500	44.065100	43.925200	44.174500
Mexican Peso	16.932900	NA	NA	16.810000	16.898700	16.932200	NA	NA	16.999700
Nepalese Rupee	107.559000	107.689000	NA	107.690000	108.447000	108.402000	108.579000	108.152000	108.679000
New Zealand Dollar	2.118050	2.128040	2.114120	2.100970	2.108170	2.099010	2.122250	2.114800	2.123930
Norwegian Krone	9.724130	9.743260	NA	9.639200	NA	NA	9.505430	9.567270	9.499110
Rial Omani	0.583267	0.583972	0.583322	0.583976	0.588083	0.587548	0.588505	0.586194	0.589050
Pakistani Rupee	NA	89.796400	NA	NA	NA	NA	NA	NA	90.577200
Nuevo Sol	NA	NA	NA	NA	NA	NA	NA	NA	NA
Philippine Peso	NA	NA	NA	NA	NA	NA	NA	NA	NA
Polish Zloty	4.635790	4.650820	4.637440	4.634910	NA	4.577220	4.554520	4.516810	4.519530
Qatar Riyal	5.521690	5.528370	5.522210	5.528400	5.567280	5.562230	5.571280	5.549420	5.576440
Russian Ruble	42.476900	42.525500	42.381300	NA	42.567100	42.528400	42.465700	42.342900	42.437300
Saudi Arabian Riyal	5.688570	5.695440	5.689090	5.695470	5.735520	5.730300	5.739640	5.717100	5.744950
Singapore Dollar	2.488400	2.492780	2.489550	2.489300	2.498550	2.487720	2.491310	2.489300	2.491930
South African Rand	9.056170	NA	NA	9.014040	8.924510	8.893470	NA	8.911070	NA
Sri Lanka Rupee	150.711000	150.919000	150.745000	150.872000	151.943000	NA	152.132000	151.487000	152.367000
Swedish Krona	NA	NA	10.559000	10.589800	10.553400	10.528500	10.488200	10.489000	10.452000
Swiss Franc	1.802440	1.799450	1.803060	1.796730	1.781230	1.780520	1.776380	1.788310	1.779710
Thai Baht	58.322300	58.534000	58.492900	58.588800	58.819000	NA	58.798300	58.584400	58.702700
Trinidad And Tobago Dollar	NA	9.519550	NA	9.508510	NA	9.604120	NA	NA	9.596380
Tunisian Dinar	NA	NA	NA	NA	NA	NA	NA	NA	NA
U.A.E. Dirham	5.571000	5.577710	5.571530	5.577770	5.617000	5.611890	5.621010	5.598950	5.626230
Peso Uruguayo	NA	NA	NA	NA	NA	NA	NA	NA	NA
Bolivar Fuerte	NA	NA	NA	NA	NA	NA	NA	NA	NA

Notes:


The value of the U.S. dollar in terms of the SDR is the reciprocal of the sum of the dollar values, based on market exchange rates, of specified quantities of the SDR basket currencies. See SDR Valuation.

These rates are the official rates used by the Fund to conduct operations with member countries. The rates are derived from the currency's representative exchange rate, as reported by the central bank, normally against the U.S. dollar at spot market rates and rounded to six significant digits. See Representative Exchange Rates for Selected Currencies.

The value in terms of each national currency of the SDR (shown above) is the reciprocal of the value in terms of the SDR of each national currency, rounded to six significant digits.

Exchange rates are published daily except on IMF holidays or whenever the IMF is closed for business.
