Currency units per SDR for July 2005
Currency	July 01, 2005	July 04, 2005	July 05, 2005	July 06, 2005	July 07, 2005	July 08, 2005	July 11, 2005	July 12, 2005	July 13, 2005	July 14, 2005	July 15, 2005
Chinese Yuan	12.052500	NA	11.951600	11.955500	11.983100	11.934500	11.978300	12.069900	12.068500	12.013200	NA
Euro	1.204790	1.215470	1.215210	1.212550	1.210870	1.211340	1.205450	1.198700	1.196780	1.202860	1.203360
Japanese Yen	161.685000	161.381000	161.039000	161.208000	162.520000	162.006000	162.022000	162.430000	162.075000	162.668000	162.904000
U.K. Pound Sterling	0.818197	0.822112	0.823045	0.823038	0.829421	0.831393	0.830000	0.824763	0.825641	0.825505	0.825696
U.S. Dollar	1.456230	1.445680	1.444030	1.444510	1.447840	1.441970	1.447270	1.458340	1.458160	1.451490	1.452810
Algerian Dinar	NA	NA	NA	NA	NA	NA	NA	NA	NA	NA	NA
Australian Dollar	1.921400	1.928090	1.927180	1.942590	1.956280	1.953630	1.947080	1.942900	1.931340	1.931710	1.932450
Bahrain Dinar	0.547540	0.543576	0.542956	0.543136	0.544390	0.542182	NA	0.548336	0.548270	0.545759	0.546257
Botswana Pula	8.010060	NA	8.140010	8.115240	8.138480	8.165200	8.126120	7.990920	7.950710	7.988370	NA
Brazilian Real	NA	NA	3.423370	NA	3.459330	3.443720	3.426410	3.426230	3.404080	3.407220	3.403210
Brunei Dollar	2.453160	2.450430	2.447060	2.451490	NA	NA	2.454860	2.467510	2.459630	2.453890	2.454820
Canadian Dollar	NA	1.792790	1.795230	1.785710	1.778960	1.760360	NA	1.757440	1.760290	NA	NA
Chilean Peso	843.156000	836.183000	839.920000	840.852000	845.594000	845.959000	846.188000	850.999000	845.923000	843.419000	842.049000
Colombian Peso	3,384.590000	NA	NA	3,377.510000	3,386.290000	3,363.700000	NA	3,389.730000	3,387.430000	3,376.290000	3,384.190000
Czech Koruna	36.139200	36.476000	NA	NA	36.656500	36.629000	NA	36.209200	36.251300	36.378700	36.382800
Danish Krone	8.980530	9.058220	9.056660	9.037590	9.026000	9.030080	8.987960	8.938870	8.929210	8.971670	8.976500
Hungarian Forint	298.162000	299.473000	299.320000	299.607000	300.688000	300.061000	297.702000	295.737000	294.943000	296.409000	296.185000
Icelandic Krona	94.785800	94.995600	95.191000	94.890200	94.804700	95.257100	94.926200	94.398400	94.459900	94.535800	94.156600
Indian Rupee	63.389400	62.973900	62.916400	62.937400	63.184000	62.913300	63.043000	63.481600	63.459000	63.183200	63.226300
Indonesian Rupiah	14,212.800000	14,164.800000	14,238.200000	14,149.000000	14,188.800000	14,138.600000	14,096.400000	14,226.100000	14,217.100000	14,246.400000	14,252.100000
Iranian Rial	NA	13,001.000000	12,986.200000	NA	13,023.300000	NA	13,016.700000	13,113.400000	13,111.800000	NA	NA
Israeli New Sheqel	6.672450	6.640020	6.632440	6.650530	6.674540	6.647480	6.619800	6.603360	6.608380	6.583970	6.597220
Kazakhstani Tenge	NA	NA	NA	NA	NA	NA	NA	NA	NA	NA	NA
Korean Won	NA	1,489.490000	1,501.800000	1,509.520000	1,520.810000	1,517.680000	1,525.130000	1,524.840000	NA	1,506.210000	1,507.290000
Kuwaiti Dinar	NA	0.422139	0.421658	0.421799	0.422770	NA	0.422602	0.425835	0.425784	0.423835	NA
Libyan Dinar	1.932370	1.932370	1.932370	1.932370	1.932370	1.932370	1.932370	1.932370	1.932370	1.932370	1.932370
Malaysian Ringgit	5.533670	5.493600	5.487330	5.489140	5.501790	5.479510	5.499610	5.541700	5.541030	5.515660	5.520680
Mauritian Rupee	42.721200	42.332000	42.365200	42.424500	NA	NA	42.537800	42.875900	42.954800	42.710800	42.683200
Mexican Peso	15.629200	15.532100	15.531300	15.555800	15.636300	15.490800	NA	15.586900	NA	NA	NA
Nepalese Rupee	102.875000	NA	102.014000	102.048000	NA	101.868000	102.242000	103.024000	103.012000	102.540000	102.634000
New Zealand Dollar	2.094390	2.118840	2.126080	2.130230	2.153250	2.143240	2.143140	2.149040	2.133060	2.158990	2.152630
Norwegian Krone	9.494870	9.579830	9.617140	9.596190	9.585340	9.539800	9.537530	9.465480	9.442070	9.528980	NA
Rial Omani	0.559920	0.555864	0.555232	0.555414	0.556697	0.554437	0.556474	0.560733	0.560664	0.558098	0.558606
Pakistani Rupee	NA	86.328200	86.229900	86.258200	NA	85.973400	NA	86.949700	86.939100	86.541100	86.619800
Nuevo Sol	NA	NA	NA	NA	NA	NA	NA	NA	NA	NA	NA
Philippine Peso	NA	NA	NA	NA	NA	NA	NA	NA	NA	NA	NA
Polish Zloty	4.869760	4.863720	4.867270	4.912070	4.993760	4.953320	4.922160	4.918260	4.945790	4.988900	4.989400
Qatar Riyal	5.300680	5.262270	5.256300	5.258040	5.270150	5.248790	5.268040	5.308360	5.307710	5.283430	5.288240
Russian Ruble	41.763800	41.636300	41.636300	41.628700	41.742700	41.582800	41.558800	41.699500	41.656400	41.611200	41.589600
Saudi Arabian Riyal	5.460840	5.421320	5.415120	5.416910	5.429410	5.407390	5.427260	5.468780	5.468100	5.443100	5.448050
Singapore Dollar	2.453160	2.450430	2.447060	2.451490	NA	NA	2.454860	2.467510	2.459630	2.453890	2.454820
South African Rand	9.902360	9.902950	9.934930	NA	9.881520	9.971280	NA	9.683350	9.558220	9.688700	NA
Sri Lanka Rupee	145.777000	144.728000	144.553000	144.613000	144.835000	144.308000	144.926000	146.014000	145.999000	145.285000	145.635000
Swedish Krona	11.435000	11.478700	11.490900	NA	NA	NA	11.411700	11.324000	11.224200	11.256300	11.266600
Swiss Franc	1.869940	1.880540	1.884750	NA	1.866990	1.879760	1.876090	1.865950	1.865720	1.873000	1.874570
Thai Baht	NA	59.900300	59.915800	59.974700	60.375200	60.679600	60.812800	NA	61.031400	60.785500	60.711700
Trinidad And Tobago Dollar	9.153400	9.050100	9.041260	NA	9.068980	9.016240	9.091320	9.119260	9.147620	NA	NA
Tunisian Dinar	NA	NA	NA	NA	NA	NA	NA	NA	NA	NA	NA
U.A.E. Dirham	5.347990	5.309260	5.303210	5.304980	5.317200	5.295660	5.315080	5.355760	5.355100	5.330600	5.335470
Peso Uruguayo	NA	NA	NA	NA	NA	NA	NA	NA	NA	NA	NA
Bolivar Fuerte	NA	NA	NA	NA	NA	NA	NA	NA	NA	NA	NA

Currency units per SDR for July 2005 Continued

Currency	July 18, 2005	July 19, 2005	July 20, 2005	July 21, 2005	July 22, 2005	July 25, 2005	July 26, 2005	July 27, 2005	July 28, 2005	July 29, 2005
Chinese Yuan	11.994900	11.954900	11.989800	12.027000	NA	11.759000	11.735800	11.725800	11.757500	11.768200
Euro	1.202310	1.207220	1.200910	1.192380	1.198660	1.201810	1.207220	1.205460	1.198430	1.200580
Japanese Yen	NA	162.254000	163.684000	163.480000	161.491000	161.819000	161.930000	162.890000	163.064000	162.927000
U.K. Pound Sterling	0.830192	0.830855	0.832757	0.831705	0.832542	0.833854	0.831808	0.831711	0.830248	0.826890
U.S. Dollar	1.449270	1.444440	1.448660	1.453150	1.455530	1.449990	1.447090	1.445340	1.450110	1.451860
Algerian Dinar	NA	NA	NA	NA	NA	NA	NA	NA	NA	NA
Australian Dollar	1.933390	1.922840	1.925900	1.914560	1.900920	1.901130	1.903820	NA	1.920160	1.911590
Bahrain Dinar	0.544923	0.543109	0.544698	0.546385	0.547279	0.545197	0.544105	0.543449	0.545238	NA
Botswana Pula	7.998140	7.971490	8.030260	7.945080	NA	8.033160	8.061790	8.029680	8.007240	7.999230
Brazilian Real	3.394040	3.364960	3.393640	3.416950	3.405510	3.444170	3.513390	NA	3.542760	NA
Brunei Dollar	2.445640	2.435040	2.452010	2.446530	2.419680	2.405100	2.408690	2.415890	2.414280	2.413130
Canadian Dollar	1.760860	1.760630	1.770120	1.769650	NA	1.767680	1.779340	NA	1.789430	1.779830
Chilean Peso	837.731000	828.706000	827.534000	832.660000	826.658000	821.477000	820.345000	817.154000	817.889000	818.036000
Colombian Peso	3,379.790000	NA	NA	3,360.760000	3,366.380000	3,358.780000	3,350.580000	NA	3,355.310000	NA
Czech Koruna	36.262100	36.433100	36.287500	35.974300	36.203400	36.278800	36.508700	36.450100	36.174300	36.188900
Danish Krone	8.969660	9.008280	8.962180	8.899730	8.943820	8.966040	9.006250	8.994670	8.941500	8.955200
Hungarian Forint	295.810000	296.587000	295.672000	292.942000	293.319000	295.204000	295.714000	295.616000	294.691000	294.074000
Icelandic Krona	94.578700	94.552800	94.351200	93.771700	93.721600	93.828900	93.872900	93.672400	93.473700	94.080500
Indian Rupee	63.101000	62.919600	63.074800	63.226700	63.155600	63.074400	62.977400	NA	NA	63.141300
Indonesian Rupiah	14,173.800000	14,159.800000	14,240.300000	14,270.000000	14,213.300000	14,224.400000	14,210.400000	14,200.500000	14,247.300000	14,255.800000
Iranian Rial	13,036.200000	NA	13,026.400000	13,065.300000	NA	13,044.100000	13,020.900000	NA	13,046.600000	NA
Israeli New Sheqel	6.614460	6.619890	6.620370	6.575530	6.597920	6.585840	6.575570	6.573410	6.571860	6.571080
Kazakhstani Tenge	NA	NA	NA	NA	NA	NA	NA	NA	NA	NA
Korean Won	1,503.900000	1,499.040000	1,504.000000	1,514.770000	1,508.810000	1,483.050000	1,481.390000	1,483.070000	NA	NA
Kuwaiti Dinar	0.423185	0.421777	0.423010	0.424320	NA	0.423397	0.422551	0.422041	0.423431	NA
Libyan Dinar	1.932370	1.932370	1.932370	1.932370	1.932370	1.932370	NA	1.932370	NA	NA
Malaysian Ringgit	5.507210	5.488870	5.504910	5.521990	5.505550	5.452680	5.428060	5.420760	5.437180	NA
Mauritian Rupee	42.635400	42.554500	42.727900	42.862200	42.962200	42.853500	42.768100	42.786400	42.909400	43.050900
Mexican Peso	15.356100	NA	15.428000	15.395000	NA	15.468900	15.507800	NA	15.400300	15.397900
Nepalese Rupee	102.383000	102.042000	102.341000	NA	102.826000	102.290000	NA	101.998000	102.327000	102.450000
New Zealand Dollar	2.148970	2.133900	2.147440	2.142030	2.125480	2.121110	2.114710	2.123940	2.129690	2.124460
Norwegian Krone	9.560230	NA	9.560410	9.481820	9.558040	9.512940	9.524900	9.527260	9.465840	9.468980
Rial Omani	0.557243	0.555386	0.557010	0.558737	0.559653	0.557522	0.556406	0.555735	0.557566	NA
Pakistani Rupee	86.408800	86.120800	86.372900	86.640100	86.808600	86.478300	86.305100	NA	NA	NA
Nuevo Sol	NA	NA	NA	NA	NA	NA	NA	NA	NA	NA
Philippine Peso	NA	NA	NA	NA	NA	NA	NA	NA	NA	NA
Polish Zloty	4.955620	4.950100	4.960220	4.935490	4.911980	4.938950	4.957020	4.958250	4.913690	4.891150
Qatar Riyal	5.275320	5.257760	5.273120	5.289490	5.298130	5.277960	5.267430	5.261050	5.278380	NA
Russian Ruble	41.554300	41.491900	41.539500	41.561900	41.597900	41.599900	41.515300	41.525300	41.591500	41.572600
Saudi Arabian Riyal	5.434750	5.416650	5.432480	5.449320	5.458250	5.437470	5.426580	5.420020	5.437890	NA
Singapore Dollar	2.445640	2.435040	2.452010	2.446530	2.419680	2.405100	2.408690	2.415890	2.414280	2.413130
South African Rand	9.586900	NA	9.669780	9.525440	9.599230	9.678670	9.702710	NA	9.599690	NA
Sri Lanka Rupee	145.666000	144.991000	145.306000	NA	146.117000	145.526000	145.554000	145.650000	146.047000	146.237000
Swedish Krona	11.268100	11.371400	11.317700	11.291000	11.284000	11.357000	11.305400	11.418200	11.372500	11.241000
Swiss Franc	1.876080	1.886730	1.875000	1.870210	1.873270	1.878610	1.882380	1.882560	1.877450	1.873620
Thai Baht	60.534500	60.497500	60.972600	60.923600	61.023200	NA	60.096200	60.332900	60.578200	60.587300
Trinidad And Tobago Dollar	9.096280	NA	9.079930	NA	9.106060	9.087930	9.082570	9.072110	9.077210	NA
Tunisian Dinar	NA	NA	NA	NA	NA	NA	NA	NA	NA	NA
U.A.E. Dirham	5.322430	5.304700	5.320220	5.336720	5.345450	5.325100	5.314460	5.308020	5.325520	NA
Peso Uruguayo	NA	NA	NA	NA	NA	NA	NA	NA	NA	NA
Bolivar Fuerte	NA	NA	NA	NA	NA	NA	NA	NA	NA	NA

Notes:


The value of the U.S. dollar in terms of the SDR is the reciprocal of the sum of the dollar values, based on market exchange rates, of specified quantities of the SDR basket currencies. See SDR Valuation.

These rates are the official rates used by the Fund to conduct operations with member countries. The rates are derived from the currency's representative exchange rate, as reported by the central bank, normally against the U.S. dollar at spot market rates and rounded to six significant digits. See Representative Exchange Rates for Selected Currencies.

The value in terms of each national currency of the SDR (shown above) is the reciprocal of the value in terms of the SDR of each national currency, rounded to six significant digits.

Exchange rates are published daily except on IMF holidays or whenever the IMF is closed for business.
