Currency units per SDR for September 2005
Currency	September 01, 2005	September 02, 2005	September 05, 2005	September 06, 2005	September 07, 2005	September 08, 2005	September 09, 2005	September 12, 2005	September 13, 2005	September 14, 2005	September 15, 2005
Chinese Yuan	11.925100	12.012100	NA	11.986400	11.975600	11.946600	11.942400	11.910000	11.886900	11.894600	11.858700
Euro	1.189190	1.183450	1.185290	1.186730	1.188530	1.188510	1.188220	1.195280	1.196320	1.193820	1.199450
Japanese Yen	163.227000	163.110000	162.210000	161.991000	162.752000	162.762000	163.080000	161.274000	162.090000	162.663000	162.076000
U.K. Pound Sterling	0.813676	0.807624	0.803871	0.803271	0.804654	0.803865	0.804913	0.805730	0.805380	0.806309	0.810438
U.S. Dollar	1.473160	1.484170	1.486120	1.481400	1.479840	1.475890	1.475170	1.471750	1.468610	1.470070	1.466090
Algerian Dinar	NA	NA	NA	NA	NA	NA	NA	NA	NA	NA	NA
Australian Dollar	1.950690	1.944160	1.932030	1.931670	1.927870	1.917740	1.912330	1.903940	1.905550	1.909420	1.906240
Bahrain Dinar	0.553909	0.558048	0.558781	0.557004	0.556418	0.554936	0.554665	NA	0.552196	0.552746	0.551250
Botswana Pula	7.901140	7.879850	NA	7.907080	7.936890	7.898830	7.873890	7.948940	7.929840	7.912080	7.937640
Brazilian Real	NA	3.504860	3.480650	3.449730	NA	3.432050	NA	NA	3.405550	3.419530	3.414810
Brunei Dollar	2.479480	2.485240	2.484790	2.481040	2.480950	2.475080	2.475630	2.464590	2.464760	2.466770	2.462730
Canadian Dollar	1.745550	1.763490	NA	1.758420	1.755530	1.745100	1.734950	1.744460	1.733250	1.737910	1.738340
Chilean Peso	797.760000	801.526000	NA	792.443000	792.632000	794.799000	787.960000	787.929000	787.656000	791.070000	786.497000
Colombian Peso	3,392.370000	3,411.870000	3,411.110000	3,400.260000	3,383.810000	3,364.960000	3,377.110000	3,392.510000	3,387.650000	3,373.830000	3,357.370000
Czech Koruna	34.883100	34.670200	34.443800	34.575800	34.754000	34.658400	34.647300	34.898000	35.064500	34.906700	35.130400
Danish Krone	8.869490	8.824570	8.837510	8.848380	8.863360	8.862030	8.857400	8.910990	8.920050	8.901550	8.943100
Hungarian Forint	290.139000	287.646000	288.159000	290.117000	289.027000	289.851000	290.786000	291.950000	293.236000	293.984000	294.215000
Icelandic Krona	91.277500	90.578900	91.054800	91.683400	91.705300	92.051400	92.891000	92.058100	91.582600	91.659000	91.117000
Indian Rupee	64.995800	65.229000	65.003000	64.973900	NA	64.732900	64.627000	64.492000	64.442500	64.565300	64.419700
Indonesian Rupiah	15,394.600000	NA	NA	15,332.400000	15,308.900000	15,290.300000	15,209.000000	14,879.400000	14,840.300000	14,706.600000	14,682.900000
Iranian Rial	13,270.300000	NA	13,385.500000	13,345.900000	13,334.800000	13,302.200000	NA	13,273.700000	13,248.300000	13,263.000000	13,230.000000
Israeli New Sheqel	6.626290	6.660940	6.654870	6.652960	6.651860	6.650400	6.648580	6.640550	6.642490	6.655000	NA
Kazakhstani Tenge	NA	NA	NA	NA	NA	NA	NA	NA	NA	NA	NA
Korean Won	1,528.550000	1,537.150000	1,529.810000	1,517.540000	1,515.800000	1,511.910000	1,513.080000	1,511.930000	1,504.440000	1,509.320000	1,502.150000
Kuwaiti Dinar	NA	NA	0.433947	0.432567	0.432113	0.430962	NA	0.429751	0.428833	0.429260	0.428097
Libyan Dinar	1.932370	1.932370	1.932370	1.932370	1.932370	1.932370	1.932370	1.932370	1.932370	1.932370	1.932370
Malaysian Ringgit	5.555740	5.586400	5.587530	5.576720	5.577490	5.563380	5.560650	5.547450	5.535900	NA	5.525690
Mauritian Rupee	43.924000	44.187600	44.420400	44.355300	44.379200	NA	44.112500	44.096800	NA	NA	NA
Mexican Peso	15.797300	15.856900	15.855300	15.831400	15.836500	15.810700	15.796100	15.746800	15.781100	15.928900	15.844000
Nepalese Rupee	105.250000	106.036000	NA	105.335000	NA	104.855000	104.803000	104.560000	104.337000	104.441000	104.378000
New Zealand Dollar	2.118440	2.103410	2.104690	2.089710	2.086340	2.095550	2.092740	2.079330	2.086380	2.084910	2.069870
Norwegian Krone	9.328530	9.210140	9.274890	9.288500	9.278250	9.257890	9.265690	9.324970	9.356460	9.328450	9.345530
Rial Omani	0.566431	0.570662	0.571412	0.569596	0.568997	0.567482	0.567202	NA	0.564678	0.565240	0.563711
Pakistani Rupee	NA	88.616300	NA	NA	NA	NA	NA	NA	NA	NA	NA
Nuevo Sol	NA	NA	NA	NA	NA	NA	NA	NA	NA	NA	NA
Philippine Peso	NA	NA	NA	NA	NA	NA	NA	NA	NA	NA	NA
Polish Zloty	4.739310	4.691310	4.659720	4.695870	4.639600	4.669430	4.698120	4.696490	4.702920	4.709520	4.668600
Qatar Riyal	5.362300	5.402370	5.409470	5.392290	5.386600	5.372270	5.369620	5.357160	5.345740	5.351060	5.336550
Russian Ruble	41.931700	42.007500	41.905200	41.791300	41.733600	41.703200	41.676000	41.733800	41.687300	41.626400	41.513800
Saudi Arabian Riyal	5.524370	5.565640	5.572960	5.555250	5.549390	5.534620	5.531890	5.519070	5.507280	5.512740	5.497830
Singapore Dollar	2.479480	2.485240	2.484790	2.481040	2.480950	2.475080	2.475630	NA	2.464760	2.466770	2.462730
South African Rand	9.376730	9.276090	9.265950	9.340210	9.396990	9.312890	9.278850	9.382360	9.377080	9.327580	9.346320
Sri Lanka Rupee	149.163000	150.391000	150.642000	150.153000	150.008000	149.600000	149.598000	149.321000	148.952000	148.936000	148.556000
Swedish Krona	11.140800	11.027400	11.004700	11.080800	10.987800	11.058100	11.089600	11.111700	11.110000	11.179900	11.219200
Swiss Franc	1.839100	1.825230	NA	1.833520	1.832780	1.836600	1.837620	1.848220	1.851910	1.850670	1.854310
Thai Baht	60.639900	60.931000	60.855000	60.824700	60.735600	60.501200	60.495300	60.173900	60.102700	60.171400	60.091800
Trinidad And Tobago Dollar	9.227480	9.312980	9.290310	9.276180	NA	9.226280	9.252750	9.223310	9.205980	9.176920	9.176840
Tunisian Dinar	NA	NA	NA	NA	NA	NA	NA	NA	NA	NA	NA
U.A.E. Dirham	5.410200	5.450600	5.457770	5.440430	5.434690	5.420230	5.417560	5.405000	5.393450	5.398810	5.384190
Peso Uruguayo	NA	NA	NA	NA	NA	NA	NA	NA	NA	NA	NA
Bolivar Fuerte	NA	NA	NA	NA	NA	NA	NA	NA	NA	NA	NA

Currency units per SDR for September 2005 Continued

Currency	September 16, 2005	September 19, 2005	September 20, 2005	September 21, 2005	September 22, 2005	September 23, 2005	September 26, 2005	September 27, 2005	September 28, 2005	September 29, 2005	September 30, 2005
Chinese Yuan	11.860400	11.812600	11.821200	11.846500	11.838600	11.788500	11.743200	11.718700	11.727300	11.739500	11.729100
Euro	1.197900	1.202740	1.202390	1.197660	1.197400	1.202330	1.206090	1.206320	1.203710	1.202500	1.203670
Japanese Yen	162.498000	NA	162.725000	163.837000	163.495000	NA	163.054000	163.210000	163.799000	163.872000	164.007000
U.K. Pound Sterling	0.809730	0.809992	0.809585	0.809009	0.812400	0.815874	0.818230	0.820082	0.820493	0.821342	0.820621
U.S. Dollar	1.466590	1.460010	1.461390	1.464140	1.463700	1.456980	1.451040	1.448180	1.448910	1.450580	1.449460
Algerian Dinar	NA	NA	NA	NA	NA	NA	NA	NA	NA	NA	NA
Australian Dollar	1.906390	1.913760	1.901360	1.903210	1.903380	1.916830	1.913800	1.920920	1.912750	1.908900	1.903430
Bahrain Dinar	0.551435	0.548962	0.549481	0.550515	0.550352	0.547825	0.545592	0.544517	0.544790	0.545417	0.544998
Botswana Pula	7.916780	7.960770	7.907950	7.910020	7.892720	7.871350	7.898960	7.887740	7.917530	7.887870	NA
Brazilian Real	3.373730	NA	NA	NA	NA	NA	NA	NA	NA	NA	NA
Brunei Dollar	2.462840	2.455440	2.453080	2.462980	2.458720	2.451380	2.446900	2.449310	2.451410	2.449300	2.448290
Canadian Dollar	1.734970	1.707330	1.710260	1.712020	1.708430	NA	1.698740	1.706110	1.707540	1.700800	1.682970
Chilean Peso	786.368000	NA	780.890000	783.312000	782.466000	781.965000	781.781000	779.618000	780.805000	780.774000	773.563000
Colombian Peso	3,372.890000	3,360.920000	3,354.710000	3,368.380000	3,353.410000	3,340.270000	3,322.930000	3,315.160000	3,319.070000	3,326.590000	3,318.710000
Czech Koruna	34.834300	35.088300	35.291000	35.197900	35.259100	35.479000	35.599900	35.441400	NA	35.604400	35.565500
Danish Krone	8.933280	8.969980	8.969090	8.933440	8.933520	8.970620	8.999520	9.001790	8.981820	8.973840	8.982300
Hungarian Forint	293.463000	295.783000	295.873000	295.536000	296.531000	297.691000	297.885000	296.733000	299.127000	299.645000	300.851000
Icelandic Krona	90.546900	90.491200	90.240500	89.634600	90.090900	89.983100	91.241700	90.815800	91.542400	91.705300	89.431800
Indian Rupee	64.339300	64.094300	64.169600	64.305000	64.256600	64.005300	63.773500	63.691000	63.868000	63.810900	NA
Indonesian Rupiah	14,841.800000	14,826.300000	14,847.700000	14,948.900000	14,944.400000	14,868.500000	14,836.900000	14,822.200000	14,916.500000	15,107.700000	14,944.000000
Iranian Rial	NA	13,180.900000	NA	13,218.200000	13,214.300000	NA	13,108.700000	13,084.300000	13,090.900000	13,106.000000	NA
Israeli New Sheqel	6.645090	6.640110	6.649330	6.696980	6.708120	6.683200	6.667560	6.612400	6.634560	6.646550	6.664620
Kazakhstani Tenge	NA	NA	NA	NA	NA	NA	NA	NA	NA	NA	NA
Korean Won	1,503.100000	NA	1,499.820000	1,506.310000	1,508.200000	1,496.610000	1,492.980000	1,499.160000	1,498.610000	1,504.970000	NA
Kuwaiti Dinar	NA	0.426321	0.426725	0.427529	0.427400	NA	0.423705	0.422871	0.423082	0.423569	NA
Libyan Dinar	1.932370	1.932370	1.932370	1.932370	1.932370	1.932370	1.932370	1.932370	1.932370	1.932370	1.932370
Malaysian Ringgit	5.528280	5.503490	5.509130	5.519070	NA	NA	5.470010	5.459350	5.462090	5.469410	5.463320
Mauritian Rupee	NA	43.748200	43.666800	43.840800	43.890600	43.665800	43.637400	43.677500	43.700000	43.823900	43.818500
Mexican Peso	NA	15.849500	15.816900	15.783100	15.857900	NA	15.781600	15.764900	15.720000	15.685200	15.640700
Nepalese Rupee	104.560000	NA	104.044000	104.239000	104.208000	103.730000	103.307000	103.103000	103.155000	103.637000	103.557000
New Zealand Dollar	2.078490	2.085130	2.086210	2.104250	2.090400	2.099100	2.114920	2.115680	2.127940	2.098030	2.101280
Norwegian Krone	9.336980	9.374090	9.350950	9.332710	9.314540	9.367420	9.433340	9.434050	9.420810	9.398760	9.481370
Rial Omani	0.563901	0.561372	0.561905	0.562962	0.562794	0.560212	0.557927	0.556827	0.557106	0.557746	0.557320
Pakistani Rupee	87.804800	87.411100	87.493700	87.658600	87.632400	87.238000	86.882500	86.711500	86.755100	86.854600	86.555400
Nuevo Sol	NA	NA	NA	NA	NA	NA	NA	NA	NA	NA	NA
Philippine Peso	NA	NA	NA	NA	NA	NA	NA	NA	NA	NA	NA
Polish Zloty	4.654650	4.683250	4.678490	4.673970	4.680460	4.697460	4.706610	4.681540	4.711140	4.698410	4.721640
Qatar Riyal	5.338370	5.314430	5.319460	5.329470	5.327880	5.303440	5.281810	5.271400	5.274040	5.280110	5.276040
Russian Ruble	NA	41.549100	41.512900	41.554000	41.511000	41.425000	41.421900	41.371400	41.346900	41.339900	41.360300
Saudi Arabian Riyal	5.499700	5.475010	5.480200	5.490520	5.488870	5.463700	5.441410	5.430680	5.433420	5.439660	5.435490
Singapore Dollar	2.462840	2.455440	2.453080	2.462980	2.458720	2.451380	2.446900	2.449310	2.451410	2.449300	2.448290
South African Rand	9.327490	9.395140	9.301720	9.311940	9.272570	NA	9.279450	9.253860	9.309250	9.240180	9.218630
Sri Lanka Rupee	148.677000	148.084000	148.230000	148.485000	148.498000	147.829000	147.192000	146.933000	146.949000	147.026000	146.845000
Swedish Krona	11.157100	11.231100	11.241700	11.211700	11.186300	11.258900	11.307300	11.324800	11.308700	11.285500	11.276800
Swiss Franc	1.857430	NA	NA	1.860480	1.860660	1.871500	1.875620	1.875690	1.873730	1.874870	1.870100
Thai Baht	60.128700	59.974000	60.017900	60.145300	60.070200	59.844000	59.816500	59.752100	59.722500	59.617100	59.427900
Trinidad And Tobago Dollar	9.206070	9.130170	9.154570	9.170780	9.161870	9.117930	9.078280	9.069550	9.074410	9.070710	NA
Tunisian Dinar	NA	NA	NA	NA	NA	NA	NA	NA	NA	NA	NA
U.A.E. Dirham	5.386040	5.361870	5.366940	5.377070	5.375450	5.350770	5.328960	5.318440	5.321130	5.327250	5.323170
Peso Uruguayo	NA	NA	NA	NA	NA	NA	NA	NA	NA	NA	NA
Bolivar Fuerte	NA	NA	NA	NA	NA	NA	NA	NA	NA	NA	NA

Notes:


The value of the U.S. dollar in terms of the SDR is the reciprocal of the sum of the dollar values, based on market exchange rates, of specified quantities of the SDR basket currencies. See SDR Valuation.

These rates are the official rates used by the Fund to conduct operations with member countries. The rates are derived from the currency's representative exchange rate, as reported by the central bank, normally against the U.S. dollar at spot market rates and rounded to six significant digits. See Representative Exchange Rates for Selected Currencies.

The value in terms of each national currency of the SDR (shown above) is the reciprocal of the value in terms of the SDR of each national currency, rounded to six significant digits.

Exchange rates are published daily except on IMF holidays or whenever the IMF is closed for business.
