Currency units per SDR for December 2006
Currency	December 01, 2006	December 04, 2006	December 05, 2006	December 06, 2006	December 07, 2006	December 08, 2006	December 11, 2006	December 12, 2006	December 13, 2006	December 14, 2006	December 15, 2006
Chinese Yuan	11.834700	11.858300	11.874500	11.846100	11.859800	11.837700	11.804300	11.820100	11.826500	11.779700	11.742400
Euro	1.140780	1.138810	1.137900	1.140830	1.139020	1.139270	1.142970	1.139480	1.139310	1.141910	1.145950
Japanese Yen	174.806000	175.177000	174.949000	173.952000	174.326000	174.315000	175.761000	176.311000	176.821000	177.034000	177.117000
U.K. Pound Sterling	0.767672	0.766172	0.767996	0.770339	0.770179	0.772117	0.772750	0.769101	0.766413	0.767171	0.767519
U.S. Dollar	1.510850	1.515640	1.516940	1.514340	1.514560	1.512500	1.506090	1.509130	1.511290	1.506410	1.501880
Algerian Dinar	NA	NA	NA	NA	NA	NA	NA	NA	NA	NA	NA
Australian Dollar	1.913440	1.926820	1.925300	1.922970	1.919350	1.916250	1.925460	1.921720	1.918130	1.915830	1.920810
Bahrain Dinar	0.568082	0.569879	0.570369	0.569392	0.569476	0.568699	0.566290	0.567434	0.568246	0.566412	0.564707
Botswana Pula	9.206920	9.258660	9.238390	9.205730	9.145870	9.188900	9.144450	9.080180	9.093220	9.102160	9.113360
Brazilian Real	3.272510	3.283480	3.289480	3.263700	NA	3.239770	3.228160	3.225910	3.245190	3.231410	3.221830
Brunei Dollar	2.331090	2.338780	2.338210	2.328600	2.330760	2.329550	2.328420	2.323150	2.326930	2.320930	2.313040
Canadian Dollar	1.729170	1.736010	1.731890	1.736790	1.738870	1.739520	1.728240	1.742740	1.744790	1.742620	1.738270
Chilean Peso	797.264000	797.086000	797.607000	794.691000	796.191000	NA	790.470000	792.355000	795.241000	794.243000	791.127000
Colombian Peso	3,468.900000	3,475.990000	3,477.790000	3,451.130000	NA	NA	3,434.640000	3,428.870000	3,434.070000	3,423.710000	3,409.540000
Czech Koruna	31.879000	31.885900	31.878500	31.963100	31.855800	31.854700	31.890000	31.800300	31.759700	31.782400	31.808200
Danish Krone	8.503690	8.492860	8.484140	8.506150	8.491850	8.494520	8.521010	8.494730	8.491630	8.512300	8.542550
Hungarian Forint	291.670000	291.472000	291.283000	291.162000	291.402000	292.457000	292.499000	289.737000	288.687000	288.282000	289.682000
Icelandic Krona	102.557000	102.881000	103.334000	104.535000	104.414000	104.317000	104.794000	104.643000	104.763000	104.455000	103.299000
Indian Rupee	67.489600	67.582200	67.595000	67.403200	67.640200	67.593600	67.412700	67.639300	67.751100	67.396800	67.074000
Indonesian Rupiah	13,809.200000	13,890.800000	13,872.400000	13,788.000000	13,782.500000	13,710.800000	13,697.900000	13,695.300000	13,699.800000	13,670.700000	13,628.000000
Iranian Rial	NA	13,968.100000	13,980.100000	13,956.100000	13,959.700000	NA	13,883.200000	13,909.600000	13,929.600000	13,886.100000	NA
Israeli New Sheqel	6.396930	6.411160	6.409060	6.360230	6.358130	6.344940	6.328590	6.341360	6.320230	6.290770	6.274860
Kazakhstani Tenge	193.359000	193.925000	194.062000	193.759000	193.834000	193.585000	192.750000	193.199000	193.476000	192.791000	192.180000
Korean Won	1,406.000000	1,406.810000	1,406.960000	1,403.180000	1,393.400000	1,388.470000	1,386.360000	1,397.450000	1,396.430000	1,389.820000	1,385.480000
Kuwaiti Dinar	NA	0.438231	0.438608	0.437855	0.437920	NA	0.435472	0.436350	0.436975	0.435565	NA
Libyan Dinar	1.932370	1.932370	1.932370	1.932370	1.932370	1.932370	1.932370	1.932370	1.932370	1.932370	1.932370
Malaysian Ringgit	5.434550	5.437350	5.429150	5.389530	5.368380	5.379210	5.354150	5.347590	5.356760	5.353030	5.329870
Mauritian Rupee	50.910800	51.590000	51.962400	51.532800	NA	51.326500	51.093900	51.425500	51.668100	51.723400	51.542900
Mexican Peso	NA	16.610600	16.525600	16.448700	16.441800	16.426600	16.322300	NA	16.360500	16.257500	16.181200
Nepalese Rupee	NA	NA	NA	108.048000	NA	NA	107.460000	107.676000	107.831000	107.483000	107.760000
New Zealand Dollar	2.208850	2.204880	2.199100	2.206200	2.206850	2.199040	2.195150	2.191910	2.182050	2.178470	2.181380
Norwegian Krone	9.311680	9.288760	9.251210	9.280660	9.219900	9.248640	9.283240	9.266210	9.287640	9.306650	9.350950
Rial Omani	0.580923	0.582761	0.583264	0.582262	0.582350	0.581554	0.579092	0.580258	0.581091	0.579217	0.577471
Pakistani Rupee	91.965000	NA	NA	NA	NA	NA	91.693500	91.878800	92.010700	91.713700	91.409300
Nuevo Sol	NA	NA	NA	NA	NA	NA	NA	NA	NA	NA	NA
Philippine Peso	NA	NA	NA	NA	NA	NA	NA	NA	NA	NA	NA
Polish Zloty	4.336140	4.345630	4.342710	4.342820	4.342110	4.366580	4.356670	4.340710	4.328180	4.329140	4.344180
Qatar Riyal	5.499490	5.516910	5.521660	5.512190	5.513010	5.505490	5.482190	5.493240	5.501090	5.483360	5.466840
Russian Ruble	39.654500	39.718200	39.719600	39.658000	39.669000	39.681300	39.606800	39.631100	39.646000	39.565300	39.544100
Saudi Arabian Riyal	5.665690	5.683630	5.688540	5.678750	5.679590	5.671860	5.647830	5.659250	5.667330	5.649050	5.632060
Singapore Dollar	2.331090	2.338780	2.338210	2.328600	2.330760	2.329550	2.328420	2.323150	2.326930	2.320930	2.313040
South African Rand	10.772400	10.852000	10.831000	10.774500	10.662500	10.700900	10.655600	10.533700	10.548800	10.560000	10.573200
Sri Lanka Rupee	163.300000	NA	163.959000	163.234000	163.157000	162.842000	162.374000	NA	163.875000	162.850000	162.468000
Swedish Krona	10.311600	10.295000	10.311400	10.308900	10.310400	10.296300	10.335600	NA	10.284300	10.292600	10.332900
Swiss Franc	1.812870	1.814970	1.810470	1.810240	1.810200	1.811370	1.816350	1.816240	1.816570	1.826830	1.830790
Thai Baht	54.419400	54.317400	NA	NA	53.989600	53.858400	NA	NA	53.389400	53.170300	52.933600
Trinidad And Tobago Dollar	9.531340	9.572490	9.496500	9.503540	NA	9.494690	9.501190	9.462980	9.519000	9.479750	9.475530
Tunisian Dinar	NA	NA	NA	NA	NA	NA	NA	NA	NA	NA	NA
U.A.E. Dirham	5.548620	5.566160	5.570970	5.561400	5.562230	5.554660	5.531130	5.542280	5.550220	5.532320	5.515660
Peso Uruguayo	NA	NA	NA	NA	NA	NA	NA	NA	NA	NA	NA
Bolivar Fuerte	NA	NA	NA	NA	NA	NA	NA	NA	NA	NA	NA

Currency units per SDR for December 2006 Continued

Currency	December 18, 2006	December 19, 2006	December 20, 2006	December 21, 2006	December 22, 2006	December 26, 2006	December 27, 2006	December 28, 2006	December 29, 2006
Chinese Yuan	11.745900	11.780100	11.790200	11.769500	11.773600	NA	11.764400	11.747000	11.747400
Euro	1.146230	1.143840	1.141970	1.142240	1.141440	NA	1.142810	1.141090	1.142290
Japanese Yen	177.191000	177.672000	178.139000	178.191000	178.194000	178.655000	NA	178.545000	178.948000
U.K. Pound Sterling	0.769930	0.766560	0.765000	0.766889	0.766148	NA	0.766824	0.766683	0.766377
U.S. Dollar	1.500980	1.505060	1.507740	1.505250	1.505780	1.501810	1.503820	1.503160	1.504400
Algerian Dinar	NA	NA	NA	NA	NA	NA	NA	NA	NA
Australian Dollar	1.920640	1.928330	1.921170	1.915070	1.915270	NA	1.914470	1.910710	1.901180
Bahrain Dinar	0.564369	0.565902	0.566909	0.565973	0.566174	0.564681	0.565435	0.565186	0.565656
Botswana Pula	9.074900	9.110540	9.099180	9.106140	9.076470	NA	9.086530	9.110040	9.090080
Brazilian Real	3.221410	3.230160	3.251290	3.244110	3.250240	3.230390	3.222530	3.230130	3.215210
Brunei Dollar	2.313620	2.327430	2.322970	2.320040	2.318300	2.313540	2.314830	2.309600	2.307150
Canadian Dollar	1.737240	1.739550	1.731790	1.736610	1.742790	NA	NA	1.743510	1.753080
Chilean Peso	787.699000	790.864000	794.502000	793.128000	795.836000	NA	NA	802.491000	804.001000
Colombian Peso	3,395.450000	3,394.480000	3,391.320000	3,363.270000	3,356.810000	3,347.180000	3,346.650000	NA	NA
Czech Koruna	31.747300	31.738700	31.302100	31.437100	31.470900	NA	31.520000	31.419000	31.405900
Danish Krone	8.543580	8.525880	8.511000	8.514910	8.507810	NA	8.518830	8.509330	8.517020
Hungarian Forint	290.050000	289.845000	288.310000	288.120000	287.876000	NA	289.635000	289.042000	288.273000
Icelandic Krona	102.802000	103.684000	104.200000	104.961000	104.908000	NA	107.643000	107.160000	108.061000
Indian Rupee	67.229200	67.471800	67.456400	67.329600	67.142900	66.890500	66.754300	66.680000	66.539800
Indonesian Rupiah	13,621.400000	13,696.100000	13,735.500000	13,690.200000	13,671.000000	13,625.900000	NA	13,566.000000	13,569.700000
Iranian Rial	13,839.100000	13,876.700000	13,898.300000	13,878.400000	NA	13,849.700000	13,868.200000	13,863.600000	NA
Israeli New Sheqel	6.293620	6.310700	6.299330	6.293460	6.303220	NA	6.353640	6.323790	6.356110
Kazakhstani Tenge	192.006000	192.527000	192.870000	192.521000	192.665000	NA	192.398000	192.028000	191.691000
Korean Won	1,383.610000	1,390.680000	1,401.590000	1,395.970000	1,396.010000	1,393.830000	1,399.000000	1,398.840000	1,398.490000
Kuwaiti Dinar	0.433994	0.435172	0.435948	0.435227	NA	0.434233	0.434815	0.434622	NA
Libyan Dinar	1.932370	1.932370	1.932370	1.932370	1.932370	1.932370	1.932370	1.932370	1.932370
Malaysian Ringgit	5.334500	5.361040	5.360750	5.339110	5.330920	5.314150	5.320510	5.306590	NA
Mauritian Rupee	51.451700	51.184900	51.342100	51.668600	51.118500	51.100400	51.344500	51.527800	51.656400
Mexican Peso	16.210900	16.328700	16.294900	16.318600	16.352300	NA	16.363100	16.347600	16.265000
Nepalese Rupee	107.470000	107.913000	108.241000	107.791000	NA	107.229000	107.252000	106.874000	NA
New Zealand Dollar	2.177230	2.180300	2.164430	2.170200	2.161310	NA	2.148920	2.140640	2.131180
Norwegian Krone	9.331490	9.338290	9.319660	9.289800	9.333580	NA	9.403090	9.399640	9.410170
Rial Omani	0.577127	0.578697	0.579727	0.578767	0.578975	0.577447	0.578219	0.577965	0.578443
Pakistani Rupee	NA	91.602800	91.765900	91.614500	91.743100	91.501400	91.623800	91.583500	91.645600
Nuevo Sol	NA	NA	NA	NA	NA	NA	NA	NA	NA
Philippine Peso	NA	NA	NA	NA	NA	NA	NA	NA	NA
Polish Zloty	4.345500	4.349020	4.349680	4.334520	4.352920	NA	4.388600	4.388310	4.378550
Qatar Riyal	5.463590	5.478430	5.488170	5.479090	5.481040	5.466600	5.473900	5.471480	5.476030
Russian Ruble	39.608500	39.708100	39.617100	39.577200	39.593300	39.587700	39.605400	39.651500	39.612600
Saudi Arabian Riyal	5.628700	5.643980	5.654030	5.644680	5.646690	5.631800	5.639330	5.636820	5.641490
Singapore Dollar	2.313620	2.327430	2.322970	2.320040	2.318300	2.313540	2.314830	2.309600	2.307150
South African Rand	10.514400	10.580600	10.539100	10.521700	NA	NA	10.496600	10.544600	10.485700
Sri Lanka Rupee	162.049000	162.173000	162.270000	161.898000	161.924000	161.511000	161.839000	162.204000	162.033000
Swedish Krona	10.371800	10.392400	10.271500	10.254500	10.231800	NA	10.312400	10.334200	10.339000
Swiss Franc	1.833750	1.830900	1.830400	1.832190	1.828930	NA	1.834360	1.836860	1.835820
Thai Baht	52.882600	53.184400	53.999800	53.772100	54.848300	NA	NA	NA	NA
Trinidad And Tobago Dollar	9.433070	9.481010	9.493340	9.463960	9.470950	NA	NA	9.464320	9.470680
Tunisian Dinar	NA	NA	NA	NA	NA	NA	NA	NA	NA
U.A.E. Dirham	5.512380	5.527340	5.537160	5.528040	5.529990	5.515390	5.522790	5.520350	5.524920
Peso Uruguayo	NA	NA	NA	NA	NA	NA	NA	NA	NA
Bolivar Fuerte	NA	NA	NA	NA	NA	NA	NA	NA	NA

Notes:


The value of the U.S. dollar in terms of the SDR is the reciprocal of the sum of the dollar values, based on market exchange rates, of specified quantities of the SDR basket currencies. See SDR Valuation.

These rates are the official rates used by the Fund to conduct operations with member countries. The rates are derived from the currency's representative exchange rate, as reported by the central bank, normally against the U.S. dollar at spot market rates and rounded to six significant digits. See Representative Exchange Rates for Selected Currencies.

The value in terms of each national currency of the SDR (shown above) is the reciprocal of the value in terms of the SDR of each national currency, rounded to six significant digits.

Exchange rates are published daily except on IMF holidays or whenever the IMF is closed for business.
