Currency units per SDR for September 2006
Currency	September 01, 2006	September 04, 2006	September 05, 2006	September 06, 2006	September 07, 2006	September 08, 2006	September 11, 2006	September 12, 2006	September 13, 2006	September 14, 2006	September 15, 2006
Chinese Yuan	11.828100	NA	11.823200	11.808000	11.796300	11.775300	11.771600	11.765700	11.756400	11.762100	11.747700
Euro	1.159500	1.159400	1.162070	1.161430	1.165390	1.164080	1.163140	1.163740	1.165710	1.163210	1.166430
Japanese Yen	174.249000	173.592000	172.455000	172.875000	173.143000	171.965000	172.653000	173.930000	174.259000	173.968000	174.073000
U.K. Pound Sterling	0.780695	0.781653	0.783478	0.787191	0.789141	0.791177	0.792274	0.788967	0.788563	0.785244	0.785743
U.S. Dollar	1.486130	1.490060	1.488600	1.485820	1.483660	1.479900	1.478700	1.479000	1.477770	1.479950	1.478450
Algerian Dinar	NA	NA	NA	NA	NA	NA	NA	NA	NA	NA	NA
Australian Dollar	1.942660	1.934140	1.933000	1.933660	1.935880	1.955990	1.965830	1.965180	1.968520	1.969330	1.955630
Bahrain Dinar	0.558787	0.560262	0.559716	0.558669	0.557858	0.556443	0.555991	0.556102	0.555642	0.556461	0.555898
Botswana Pula	9.095040	NA	9.082400	9.104320	9.232500	9.203360	9.247700	9.203440	9.172970	9.243940	9.200060
Brazilian Real	3.254190	3.197680	3.166860	3.161830	NA	3.172170	3.190150	3.215790	3.210300	3.210310	3.191250
Brunei Dollar	2.336500	2.339840	2.335470	2.330510	2.326080	2.322260	2.325410	2.330310	2.332370	2.332550	2.336550
Canadian Dollar	1.643070	NA	1.653840	1.642280	1.646720	1.656010	1.658810	1.654410	1.653770	1.651480	1.655130
Chilean Peso	801.931000	803.574000	798.831000	798.716000	801.192000	800.333000	797.804000	798.939000	795.203000	795.640000	794.849000
Colombian Peso	3,564.580000	3,574.400000	3,570.910000	3,532.070000	3,533.280000	3,532.980000	3,531.930000	3,564.290000	NA	3,551.770000	3,537.660000
Czech Koruna	32.741000	32.694900	32.762700	32.790600	32.956500	32.936700	32.961700	33.083800	33.264600	33.115400	33.231200
Danish Krone	8.649770	8.649850	8.668890	8.664690	8.694670	8.684930	8.678370	8.682140	8.695800	8.677840	8.702310
Hungarian Forint	321.466000	321.436000	320.571000	319.066000	322.118000	320.029000	320.479000	319.849000	318.681000	319.078000	317.395000
Icelandic Krona	102.276000	102.740000	102.714000	102.908000	103.693000	105.828000	105.860000	105.246000	104.537000	103.256000	103.965000
Indian Rupee	69.149600	69.198400	68.803200	68.659600	68.396600	68.371400	68.419600	68.536800	68.302700	68.299900	68.201200
Indonesian Rupiah	13,508.900000	NA	13,501.600000	13,506.100000	13,493.900000	13,467.100000	13,507.900000	13,518.000000	13,529.000000	13,482.400000	13,498.300000
Iranian Rial	NA	13,683.200000	13,672.800000	13,650.300000	NA	NA	13,589.300000	13,592.000000	NA	13,608.200000	NA
Israeli New Sheqel	6.498870	6.510080	6.490300	6.490050	6.508810	6.490850	6.497430	6.489840	6.465250	6.477770	6.457900
Kazakhstani Tenge	186.242000	NA	186.954000	186.798000	186.571000	186.231000	186.080000	186.324000	186.303000	186.681000	186.507000
Korean Won	1,428.920000	1,432.100000	1,426.530000	1,420.740000	1,419.720000	1,415.970000	1,412.460000	1,415.400000	1,417.330000	1,420.460000	1,413.990000
Kuwaiti Dinar	NA	0.430836	0.430415	0.429610	0.428986	NA	0.427551	0.427637	0.427283	0.427914	NA
Libyan Dinar	1.932370	1.932370	1.932370	1.932370	1.932370	1.932370	1.932370	1.932370	1.932370	1.932370	1.932370
Malaysian Ringgit	5.467500	NA	5.445020	5.419530	5.410170	5.408300	5.425050	5.436050	5.426820	5.433660	5.432570
Mauritian Rupee	48.286800	48.406700	48.430100	48.337000	NA	48.208600	48.136900	48.164500	48.114400	48.179500	48.075300
Mexican Peso	16.191700	NA	16.142100	16.251900	NA	16.319000	16.370000	16.322400	16.272800	16.252600	16.184300
Nepalese Rupee	NA	111.159000	110.693000	NA	110.028000	109.217000	109.424000	109.594000	109.636000	109.657000	109.250000
New Zealand Dollar	2.266140	2.266940	2.286290	2.302530	2.282560	2.291580	2.317350	2.317090	2.295390	2.260850	2.237370
Norwegian Krone	9.400090	9.421340	9.449920	9.461540	9.541710	9.567000	9.663330	9.653260	9.771640	9.691890	NA
Rial Omani	0.571419	0.572928	0.572367	0.571298	0.570467	0.569022	0.568560	0.568676	0.568204	0.569042	0.568466
Pakistani Rupee	89.806900	90.038200	89.949900	89.781900	NA	89.454200	89.381500	89.399100	89.324800	89.457400	89.481500
Nuevo Sol	NA	NA	NA	NA	NA	NA	NA	NA	NA	NA	NA
Philippine Peso	NA	NA	NA	NA	NA	NA	NA	NA	NA	NA	NA
Polish Zloty	4.583980	NA	4.602460	4.594320	4.628130	4.635490	4.633960	4.632520	4.621880	4.623960	4.610570
Qatar Riyal	5.409530	5.423820	5.418530	5.408390	5.400530	5.386830	5.382480	5.383550	5.379090	5.387030	5.381580
Russian Ruble	39.760300	39.817800	39.657400	39.628900	39.570400	39.605800	39.624000	39.602200	39.601300	39.664900	39.573400
Saudi Arabian Riyal	5.572990	5.587750	5.582260	5.571840	5.563750	5.549640	5.545140	5.546250	5.541640	5.549820	5.544190
Singapore Dollar	2.336500	2.339840	2.335470	2.330510	2.326080	2.322260	2.325410	2.330310	2.332370	2.332550	2.336550
South African Rand	NA	10.698600	10.688200	NA	10.934600	10.899500	10.994100	10.915000	NA	10.973900	10.940600
Sri Lanka Rupee	151.966000	152.136000	152.007000	151.747000	NA	151.253000	151.301000	151.381000	151.347000	151.611000	151.468000
Swedish Krona	10.807900	10.821600	10.814700	10.772200	10.782500	10.888400	10.838900	10.789300	10.758200	10.796300	10.744700
Swiss Franc	1.830910	NA	1.834700	1.836480	1.837960	1.841740	1.837290	1.838390	1.850170	1.844320	1.859890
Thai Baht	55.932200	NA	55.644000	55.495400	55.431100	55.323200	55.311000	55.434200	55.341000	55.359000	55.232100
Trinidad And Tobago Dollar	9.292040	9.349730	9.331140	9.316890	9.270070	9.245050	9.265090	9.265520	9.248810	9.256350	9.245480
Tunisian Dinar	NA	NA	NA	NA	NA	NA	NA	NA	NA	NA	NA
U.A.E. Dirham	5.457830	5.472260	5.466900	5.456670	5.448760	5.434930	5.430530	5.431620	5.427110	5.435140	5.429620
Peso Uruguayo	NA	NA	NA	NA	NA	NA	NA	NA	NA	NA	NA
Bolivar Fuerte	NA	NA	NA	NA	NA	NA	NA	NA	NA	NA	NA

Currency units per SDR for September 2006 Continued

Currency	September 18, 2006	September 19, 2006	September 20, 2006	September 21, 2006	September 22, 2006	September 25, 2006	September 26, 2006	September 27, 2006	September 28, 2006	September 29, 2006
Chinese Yuan	11.724100	11.721500	11.723500	11.757500	11.781600	11.759700	11.727300	11.704200	11.689000	11.676200
Euro	1.165420	1.167490	1.166290	1.165130	1.160800	1.162970	1.167120	1.166980	1.163900	1.166170
Japanese Yen	NA	174.223000	173.415000	173.698000	173.180000	172.722000	172.390000	173.257000	173.860000	173.917000
U.K. Pound Sterling	0.786912	0.785441	0.785416	0.781525	0.781244	0.780616	0.781049	0.782681	0.787011	0.789422
U.S. Dollar	1.476010	1.477340	1.478390	1.483330	1.487800	1.484880	1.481650	1.480200	1.479660	1.476370
Algerian Dinar	NA	NA	NA	NA	NA	NA	NA	NA	NA	NA
Australian Dollar	1.961990	1.955450	1.964640	1.960270	1.967730	1.974060	1.962450	1.971760	1.972360	1.973760
Bahrain Dinar	0.554979	0.555481	0.555874	0.557734	0.559412	0.558316	0.557100	0.556554	0.556353	0.555118
Botswana Pula	9.111200	9.158930	9.211160	9.265010	9.458320	9.433780	9.467460	9.434050	NA	9.524990
Brazilian Real	3.178140	3.168160	3.180010	3.216160	3.267350	3.291850	NA	3.252300	3.233360	3.216280
Brunei Dollar	2.338880	2.347640	2.347530	2.346630	2.356370	2.352210	2.347680	2.349230	2.348510	2.342860
Canadian Dollar	1.648850	1.659350	1.666590	1.660590	1.662170	1.657430	1.653520	1.650570	1.643760	1.646600
Chilean Peso	NA	NA	794.174000	797.601000	802.401000	801.706000	799.591000	796.540000	795.020000	794.616000
Colombian Peso	3,528.630000	3,538.870000	3,542.820000	3,559.200000	3,583.540000	3,589.310000	3,585.960000	3,569.770000	3,550.240000	3,538.970000
Czech Koruna	33.129000	33.252000	33.164700	33.100500	33.055900	33.099500	33.212800	33.155100	NA	33.033800
Danish Krone	8.694900	8.710950	8.701020	8.691120	8.659880	8.675130	8.705570	8.705040	8.682670	8.696860
Hungarian Forint	317.179000	319.918000	318.607000	321.482000	320.814000	319.740000	319.015000	318.051000	317.920000	318.513000
Icelandic Krona	103.970000	103.680000	103.753000	104.011000	105.530000	104.105000	104.042000	103.451000	103.547000	103.464000
Indian Rupee	68.073500	68.120400	68.080000	68.055500	68.349400	68.096700	68.111500	67.970800	67.945900	67.854100
Indonesian Rupiah	13,468.600000	13,510.300000	13,571.600000	13,557.600000	NA	13,638.700000	13,683.100000	13,610.400000	13,620.300000	13,634.300000
Iranian Rial	13,582.200000	13,594.500000	13,607.100000	13,651.100000	NA	13,666.900000	13,640.100000	13,629.700000	13,624.700000	NA
Israeli New Sheqel	6.426530	6.423470	6.414740	6.419850	NA	6.419140	6.394800	6.369310	6.358090	6.351340
Kazakhstani Tenge	186.199000	186.544000	186.839000	187.612000	188.326000	188.135000	187.888000	187.838000	187.961000	187.677000
Korean Won	1,412.240000	1,415.290000	1,410.830000	1,412.280000	1,407.010000	1,402.030000	1,399.870000	1,396.420000	1,397.390000	1,395.470000
Kuwaiti Dinar	0.426772	0.427159	0.427462	0.428890	NA	0.429339	0.428405	0.427985	0.427829	NA
Libyan Dinar	1.932370	1.932370	1.932370	1.932370	1.932370	1.932370	1.932370	1.932370	1.932370	1.932370
Malaysian Ringgit	5.428030	5.446210	5.450070	5.446060	5.469140	5.461410	5.450990	5.452320	5.453280	5.439690
Mauritian Rupee	48.036000	48.088500	48.072500	48.259500	48.410200	48.378400	48.170000	48.212800	48.150800	48.149400
Mexican Peso	16.128800	16.136600	16.165600	16.309700	16.496300	16.489700	16.360100	16.304700	16.350500	16.230500
Nepalese Rupee	109.077000	109.175000	109.253000	109.462000	109.346000	109.139000	108.901000	NA	108.903000	NA
New Zealand Dollar	2.222240	2.226590	2.244400	2.256360	2.243360	2.244380	2.215390	2.243070	2.253180	2.256760
Norwegian Krone	9.653260	9.659130	9.655680	9.648500	9.687480	9.756760	9.702710	9.645150	9.570750	9.603380
Rial Omani	0.567524	0.568037	0.568440	0.570340	0.572059	0.570939	0.569697	0.569136	0.568929	0.567666
Pakistani Rupee	89.333600	89.414200	89.477500	NA	90.116100	89.940200	89.744000	NA	NA	89.409500
Nuevo Sol	NA	NA	NA	NA	NA	NA	NA	NA	NA	NA
Philippine Peso	NA	NA	NA	NA	NA	NA	NA	NA	NA	NA
Polish Zloty	4.593770	4.616700	4.602530	4.603520	4.621090	4.612800	NA	4.635100	4.633560	4.639510
Qatar Riyal	5.372680	5.377530	5.381350	5.399330	5.415590	5.404970	5.393220	5.387930	5.385960	5.374000
Russian Ruble	39.564200	39.550500	39.617000	39.704900	39.681400	39.596700	39.599100	39.661100	39.580600	39.537100
Saudi Arabian Riyal	5.535050	5.540010	5.543940	5.562510	5.579240	5.568330	5.556200	5.550740	5.548710	5.536390
Singapore Dollar	2.338880	2.347640	2.347530	2.346630	2.356370	2.352210	2.347680	2.349230	2.348510	2.342860
South African Rand	NA	10.873200	10.925300	10.998900	11.396500	NA	11.386500	11.286500	11.326800	11.464100
Sri Lanka Rupee	151.239000	151.414000	151.595000	152.153000	152.469000	152.175000	151.885000	151.711000	152.716000	153.277000
Swedish Krona	10.690000	10.677500	10.740500	10.757900	10.745600	10.769100	10.816100	10.857300	10.801500	10.796000
Swiss Franc	1.852100	1.855540	1.851980	1.848230	1.838920	1.837100	1.841700	1.843140	1.842920	1.850930
Thai Baht	55.052100	55.125600	NA	55.335700	55.919000	55.637200	55.412400	55.505900	55.521300	55.420100
Trinidad And Tobago Dollar	9.260460	9.256430	9.281350	9.307000	9.332800	9.303100	NA	9.254380	9.281950	9.271360
Tunisian Dinar	NA	NA	NA	NA	NA	NA	NA	NA	NA	NA
U.A.E. Dirham	5.420640	5.425520	5.429380	5.447540	5.463940	5.453250	5.441380	5.436020	5.434040	5.421990
Peso Uruguayo	NA	NA	NA	NA	NA	NA	NA	NA	NA	NA
Bolivar Fuerte	NA	NA	NA	NA	NA	NA	NA	NA	NA	NA

Notes:


The value of the U.S. dollar in terms of the SDR is the reciprocal of the sum of the dollar values, based on market exchange rates, of specified quantities of the SDR basket currencies. See SDR Valuation.

These rates are the official rates used by the Fund to conduct operations with member countries. The rates are derived from the currency's representative exchange rate, as reported by the central bank, normally against the U.S. dollar at spot market rates and rounded to six significant digits. See Representative Exchange Rates for Selected Currencies.

The value in terms of each national currency of the SDR (shown above) is the reciprocal of the value in terms of the SDR of each national currency, rounded to six significant digits.

Exchange rates are published daily except on IMF holidays or whenever the IMF is closed for business.
