Currency units per SDR for April 2006
Currency	April 03, 2006	April 04, 2006	April 05, 2006	April 06, 2006	April 07, 2006	April 10, 2006	April 11, 2006	April 12, 2006	April 13, 2006	April 14, 2006	April 17, 2006
Chinese Yuan	11.534200	11.584900	11.611200	11.629600	11.584000	11.538400	11.542600	11.570000	11.567100	11.555400	11.632900
Euro	1.192070	1.182450	1.181950	1.179270	1.187010	1.191480	1.190290	1.191000	1.191850	NA	NA
Japanese Yen	169.756000	169.958000	169.351000	170.601000	170.385000	170.322000	170.668000	170.228000	170.736000	171.061000	171.610000
U.K. Pound Sterling	0.832466	0.828041	0.827130	0.826084	0.826235	0.825880	0.826740	0.823493	0.822680	NA	0.819262
U.S. Dollar	1.438000	1.444600	1.449300	1.451920	1.445660	1.441580	1.440840	1.444080	1.441420	1.441490	1.451250
Algerian Dinar	NA	NA	NA	NA	NA	NA	NA	NA	NA	NA	NA
Australian Dollar	2.011190	2.026380	2.008460	1.991660	1.979270	1.979920	1.969440	1.969020	1.974010	NA	NA
Bahrain Dinar	0.540687	0.543171	0.544938	0.545923	0.543567	0.542032	0.541756	0.542974	0.541973	0.542000	0.545670
Botswana Pula	7.857930	7.775020	7.804510	7.822830	7.831280	7.873150	7.860580	7.891170	7.876620	NA	NA
Brazilian Real	NA	3.110810	3.084840	3.097820	3.077950	3.085120	3.099830	3.092070	3.074260	NA	3.108280
Brunei Dollar	2.325250	2.333900	2.325840	2.332510	2.319990	2.312000	2.321490	2.326410	2.319670	NA	2.326200
Canadian Dollar	NA	1.684700	1.683940	1.674650	1.657730	1.652910	1.650920	1.657520	1.660510	NA	1.662110
Chilean Peso	756.647000	758.996000	755.127000	756.046000	750.542000	747.848000	746.113000	745.262000	738.640000	NA	747.144000
Colombian Peso	NA	NA	NA	NA	NA	NA	NA	3,373.750000	NA	NA	NA
Czech Koruna	33.892200	33.715700	33.762900	33.661300	33.832700	34.087500	33.982300	34.019600	34.141500	34.105600	NA
Danish Krone	8.895610	8.824330	8.820750	8.800960	8.858970	8.890790	8.882810	8.886840	NA	NA	NA
Hungarian Forint	313.585000	314.332000	314.237000	316.388000	317.510000	317.392000	315.401000	314.449000	317.026000	317.646000	NA
Icelandic Krona	104.859000	104.113000	104.755000	105.889000	104.695000	105.754000	106.680000	108.956000	NA	NA	NA
Indian Rupee	64.149000	64.443800	64.769400	NA	64.519900	64.496200	NA	64.882400	65.296300	NA	65.523900
Indonesian Rupiah	13,006.700000	13,015.900000	13,036.500000	13,067.300000	13,018.100000	NA	12,953.200000	12,989.500000	12,987.200000	NA	13,039.400000
Iranian Rial	NA	13,208.000000	13,248.100000	13,273.500000	NA	NA	13,180.800000	13,210.500000	13,187.500000	NA	13,277.400000
Israeli New Sheqel	6.716910	6.702950	6.684180	6.674500	6.655800	6.648540	6.627870	NA	NA	NA	NA
Kazakhstani Tenge	184.639000	185.487000	186.525000	186.964000	186.201000	185.891000	185.696000	185.882000	185.511000	185.159000	185.760000
Korean Won	1,402.050000	1,402.280000	1,400.170000	1,393.120000	1,380.460000	1,372.960000	1,372.980000	1,377.800000	1,377.420000	1,384.400000	1,395.230000
Kuwaiti Dinar	0.419896	0.421825	0.423196	0.423961	NA	NA	0.420727	0.421672	0.420895	0.420914	0.423765
Libyan Dinar	1.932370	1.932370	1.932370	NA	1.932370	1.932370	1.932370	1.932370	NA	1.932370	1.932370
Malaysian Ringgit	5.294420	5.317590	5.323000	5.329720	5.305260	5.287700	NA	5.295880	5.300820	5.294590	5.326800
Mauritian Rupee	44.308400	44.511700	44.657400	44.707700	44.576600	44.455700	44.376600	44.459700	44.421000	44.429000	44.793600
Mexican Peso	NA	15.680900	15.865100	16.052000	16.110800	15.995200	15.951300	15.953800	NA	NA	NA
Nepalese Rupee	NA	NA	104.270000	NA	104.015000	103.721000	103.669000	103.902000	104.229000	NA	105.868000
New Zealand Dollar	2.338590	2.388170	2.379800	2.362000	2.360640	2.367120	2.373710	2.358840	2.308860	NA	NA
Norwegian Krone	9.436990	9.322440	9.321490	9.306830	9.348940	9.362070	9.310990	9.317930	NA	NA	NA
Rial Omani	0.552911	0.555451	0.557255	NA	0.555855	0.554287	0.554004	0.555250	0.554225	0.554253	0.558005
Pakistani Rupee	86.247000	86.643100	NA	NA	86.701700	86.456600	NA	86.607100	86.447600	86.440900	87.026100
Nuevo Sol	NA	NA	NA	NA	NA	NA	NA	NA	NA	NA	NA
Philippine Peso	NA	NA	NA	NA	NA	NA	NA	NA	NA	NA	NA
Polish Zloty	4.678950	4.682960	4.698340	4.702630	4.704600	4.708050	4.693690	4.657880	4.681300	4.681520	NA
Qatar Riyal	5.234310	5.258370	5.275460	5.284990	5.262190	5.247330	5.244660	5.256460	5.246750	5.247000	5.282540
Russian Ruble	39.938500	40.004200	39.943000	39.976000	39.911200	39.943900	39.882100	39.947000	39.925100	39.929400	40.103100
Saudi Arabian Riyal	5.392490	5.417260	5.434870	5.444700	5.421200	5.405900	5.403160	5.415300	5.405320	5.405580	5.442180
Singapore Dollar	2.325250	2.333900	2.325840	2.332510	2.319990	2.312000	2.321490	2.326410	2.319670	NA	2.326200
South African Rand	NA	8.725390	8.746530	8.755110	NA	8.851280	8.846740	8.837750	8.843140	NA	NA
Sri Lanka Rupee	147.658000	148.231000	148.660000	148.895000	148.232000	147.789000	NA	148.113000	NA	NA	148.986000
Swedish Krona	11.263100	11.163200	11.061800	11.020100	11.073700	11.136200	11.098100	11.058000	11.098900	NA	NA
Swiss Franc	1.884780	1.877550	1.868000	1.863540	1.870390	1.875490	1.876700	1.870660	1.871250	NA	NA
Thai Baht	55.843100	56.218300	56.093700	NA	55.407800	55.071200	54.874500	54.853400	NA	NA	NA
Trinidad And Tobago Dollar	NA	9.129590	9.067090	9.117930	NA	9.086860	9.095620	9.109380	9.121170	NA	NA
Tunisian Dinar	NA	NA	NA	NA	NA	NA	NA	NA	NA	NA	NA
U.A.E. Dirham	NA	5.305320	5.322550	5.332170	5.309180	5.294200	5.291510	5.303380	5.293610	5.293860	5.329690
Peso Uruguayo	NA	NA	NA	NA	NA	NA	NA	NA	NA	NA	NA
Bolivar Fuerte	NA	NA	NA	NA	NA	NA	NA	NA	NA	NA	NA

Currency units per SDR for April 2006 Continued

Currency	April 18, 2006	April 19, 2006	April 20, 2006	April 21, 2006	April 24, 2006	April 25, 2006	April 26, 2006	April 27, 2006	April 28, 2006
Chinese Yuan	11.625500	11.670700	11.654600	11.666700	11.714800	11.716400	11.723300	11.736100	11.792800
Euro	1.184010	1.179740	1.178140	1.181100	1.181540	1.176360	1.176170	1.178720	1.173380
Japanese Yen	170.944000	170.411000	171.010000	171.110000	169.151000	167.312000	168.060000	167.909000	168.142000
U.K. Pound Sterling	0.818558	0.816060	0.816466	0.817147	0.816460	0.818927	0.819672	0.820351	0.813418
U.S. Dollar	1.450650	1.456510	1.454540	1.454520	1.460970	1.461620	1.461390	1.463260	1.471060
Algerian Dinar	NA	NA	NA	NA	NA	NA	NA	NA	NA
Australian Dollar	1.962720	1.960040	1.952660	1.970370	1.960510	NA	1.958440	1.945050	1.950490
Bahrain Dinar	0.545444	0.547648	0.546905	0.546902	0.549324	0.549571	0.549484	0.550185	0.553119
Botswana Pula	7.828650	7.801350	7.794960	7.836870	7.850460	7.887870	7.968320	8.009100	7.968890
Brazilian Real	3.094950	3.100030	3.074160	NA	3.101340	3.094840	3.101800	NA	3.108060
Brunei Dollar	2.325530	2.328810	2.325510	2.324620	2.325860	2.320770	2.325220	2.321900	2.328840
Canadian Dollar	1.656490	1.655170	1.656430	1.654230	1.661560	1.653970	1.646990	1.643970	1.648030
Chilean Peso	742.049000	744.918000	746.965000	752.496000	754.358000	752.604000	753.125000	757.484000	762.922000
Colombian Peso	3,432.450000	3,421.380000	3,410.500000	3,397.920000	NA	NA	NA	3,473.690000	3,494.740000
Czech Koruna	33.823300	33.651100	33.535800	33.583500	33.533600	33.402500	33.416100	NA	33.360700
Danish Krone	8.835170	8.801960	8.789590	8.812820	8.815230	8.776780	8.774320	8.793450	8.754270
Hungarian Forint	315.951000	311.838000	312.231000	313.435000	309.886000	310.244000	312.401000	311.513000	308.717000
Icelandic Krona	109.886000	112.938000	NA	113.337000	112.261000	108.876000	109.692000	108.267000	109.918000
Indian Rupee	65.496500	65.746700	65.672400	65.584500	65.831500	65.524400	65.806400	65.934400	66.153800
Indonesian Rupiah	13,026.800000	13,064.900000	12,959.900000	12,945.300000	12,922.300000	12,869.600000	12,911.400000	12,891.300000	12,908.600000
Iranian Rial	13,270.500000	13,322.700000	13,306.100000	NA	13,366.400000	NA	NA	13,387.400000	NA
Israeli New Sheqel	6.654110	NA	6.637070	6.634070	6.640110	6.616780	6.637640	6.631480	6.624180
Kazakhstani Tenge	185.131000	184.773000	183.068000	181.786000	179.582000	180.467000	181.490000	181.473000	182.573000
Korean Won	1,385.800000	1,388.050000	1,377.880000	1,378.160000	1,383.830000	1,374.660000	1,376.340000	1,386.290000	1,391.180000
Kuwaiti Dinar	0.423589	0.425300	0.424724	0.424720	0.426603	0.426794	0.426727	0.427272	NA
Libyan Dinar	1.932370	1.932370	1.932370	1.932370	1.932370	1.932370	1.932370	1.932370	1.932370
Malaysian Ringgit	5.324590	5.342480	5.330150	5.326460	5.335890	5.325130	5.324590	5.314570	5.333330
Mauritian Rupee	44.850700	44.997800	44.951700	44.957600	NA	45.094800	45.099900	45.068000	45.347400
Mexican Peso	15.958700	15.988500	16.043800	NA	16.166500	16.200900	16.305900	16.261900	16.314500
Nepalese Rupee	NA	105.888000	NA	NA	NA	NA	NA	NA	106.726000
New Zealand Dollar	2.323260	2.311910	2.296400	2.325380	2.302550	NA	2.335240	2.318580	2.323220
Norwegian Krone	9.299210	9.214300	9.177680	9.263460	9.252580	9.231480	9.170690	9.189230	9.101910
Rial Omani	0.557774	0.560026	0.559268	0.559265	0.561744	0.561994	0.561905	0.562623	0.565624
Pakistani Rupee	86.989800	87.341600	87.223500	87.274500	87.660900	87.700100	87.686200	87.798600	88.338400
Nuevo Sol	NA	NA	NA	NA	NA	NA	NA	NA	NA
Philippine Peso	NA	NA	NA	NA	NA	NA	NA	NA	NA
Polish Zloty	4.652370	4.597760	4.585870	4.587720	4.560860	4.556160	4.579110	4.548680	4.536900
Qatar Riyal	5.280360	5.301690	5.294510	5.294480	5.317930	5.320310	5.319460	5.326260	5.354670
Russian Ruble	39.990700	40.003000	39.951300	40.028200	40.078900	40.084200	40.030600	40.037800	40.121600
Saudi Arabian Riyal	5.439930	5.461910	5.454530	5.454470	5.478640	5.481070	5.480200	5.487210	5.516480
Singapore Dollar	2.325530	2.328810	2.325510	2.324620	2.325860	2.320770	2.325220	2.321900	2.328840
South African Rand	8.783640	8.680780	8.698150	8.763470	8.765780	NA	8.987550	NA	8.995560
Sri Lanka Rupee	148.978000	149.545000	149.366000	149.413000	150.044000	150.141000	150.135000	150.452000	151.242000
Swedish Krona	11.028500	10.960200	10.934500	11.014400	10.982800	11.009700	10.978700	10.967100	10.904200
Swiss Franc	1.851600	1.850640	1.856570	1.861210	1.855870	1.856260	1.857570	1.862730	1.842070
Thai Baht	55.039100	NA	55.217200	54.922700	55.284700	NA	NA	55.180900	55.200100
Trinidad And Tobago Dollar	NA	9.160700	9.150470	9.158010	NA	9.211330	9.223390	9.219820	9.256170
Tunisian Dinar	NA	NA	NA	NA	NA	NA	NA	NA	NA
U.A.E. Dirham	5.327510	5.349020	5.341790	5.341740	5.365410	5.367800	5.366970	5.373830	5.402490
Peso Uruguayo	NA	NA	NA	NA	NA	NA	NA	NA	NA
Bolivar Fuerte	NA	NA	NA	NA	NA	NA	NA	NA	NA

Notes:


The value of the U.S. dollar in terms of the SDR is the reciprocal of the sum of the dollar values, based on market exchange rates, of specified quantities of the SDR basket currencies. See SDR Valuation.

These rates are the official rates used by the Fund to conduct operations with member countries. The rates are derived from the currency's representative exchange rate, as reported by the central bank, normally against the U.S. dollar at spot market rates and rounded to six significant digits. See Representative Exchange Rates for Selected Currencies.

The value in terms of each national currency of the SDR (shown above) is the reciprocal of the value in terms of the SDR of each national currency, rounded to six significant digits.

Exchange rates are published daily except on IMF holidays or whenever the IMF is closed for business.
