Currency units per SDR for July 2006
Currency	July 03, 2006	July 04, 2006	July 05, 2006	July 06, 2006	July 07, 2006	July 10, 2006	July 11, 2006	July 12, 2006	July 13, 2006	July 14, 2006	July 17, 2006
Chinese Yuan	NA	NA	11.852300	11.829600	11.849500	11.856800	11.838100	11.831900	11.813600	11.805100	11.734100
Euro	1.159800	1.160110	1.158800	1.161710	1.160090	1.163590	1.162970	1.163760	1.164240	1.165680	1.170010
Japanese Yen	169.803000	170.055000	170.377000	170.949000	170.710000	168.634000	169.074000	169.299000	170.522000	171.046000	NA
U.K. Pound Sterling	0.804305	0.804195	0.803168	0.805795	0.804978	0.804842	0.805367	0.803245	0.803465	0.801892	0.806393
U.S. Dollar	1.483380	1.483900	1.482570	1.479440	1.482370	1.483810	1.481150	1.480540	1.477660	1.476450	1.467310
Algerian Dinar	NA	NA	NA	NA	NA	NA	NA	NA	NA	NA	NA
Australian Dollar	1.998360	1.993950	1.986030	1.993580	1.986030	1.973410	1.978300	1.962540	1.955610	1.967020	1.954070
Bahrain Dinar	0.557752	0.557949	0.557448	0.556269	0.557370	0.557911	0.556914	0.556681	0.555599	0.555142	0.551709
Botswana Pula	NA	NA	8.963550	8.988120	8.946060	8.949350	8.944140	8.945820	8.993610	8.980850	8.925220
Brazilian Real	3.209300	3.219030	3.207990	3.246920	3.236310	3.228320	3.220320	NA	3.237100	3.262650	3.245980
Brunei Dollar	2.347610	2.345900	2.344690	2.345200	2.343030	2.335660	2.336080	2.337320	2.337510	2.341940	2.334200
Canadian Dollar	NA	1.641340	1.648170	1.644690	1.650470	1.668690	1.679330	1.681150	1.672560	1.664540	1.661290
Chilean Peso	800.198000	797.684000	797.137000	799.693000	798.862000	799.150000	797.264000	799.917000	797.016000	799.437000	798.875000
Colombian Peso	NA	3,827.110000	3,823.670000	3,809.180000	3,799.090000	3,747.350000	3,690.230000	3,684.070000	NA	3,741.510000	NA
Czech Koruna	33.015700	32.993100	NA	NA	33.033100	33.108100	33.053500	33.135800	33.194100	33.220100	33.275700
Danish Krone	8.651720	8.655010	8.644840	8.665960	8.653360	8.679350	8.674980	8.681010	8.684930	8.695120	8.726840
Hungarian Forint	327.576000	323.282000	325.824000	328.510000	325.588000	324.923000	322.759000	320.803000	325.823000	329.129000	328.399000
Icelandic Krona	111.936000	111.322000	111.475000	111.476000	112.245000	112.072000	111.190000	109.974000	110.026000	110.527000	110.826000
Indian Rupee	68.205800	68.274300	68.242600	68.276200	68.366700	68.344300	68.443900	68.415400	68.400900	68.551400	68.141700
Indonesian Rupiah	13,595.200000	13,473.800000	13,454.300000	13,536.900000	13,445.100000	13,406.200000	13,374.800000	13,376.600000	13,431.900000	13,598.100000	13,513.900000
Iranian Rial	13,611.500000	13,616.300000	13,607.000000	13,581.300000	NA	13,621.300000	13,600.000000	13,594.300000	13,570.800000	NA	13,478.700000
Israeli New Sheqel	6.555060	6.515800	6.490680	6.511010	6.498700	6.515380	6.497810	6.564700	6.643550	6.675030	6.591130
Kazakhstani Tenge	175.648000	175.635000	175.433000	174.929000	175.586000	175.816000	175.146000	175.088000	174.748000	174.841000	173.700000
Korean Won	1,413.070000	1,401.840000	1,396.880000	1,399.400000	1,407.810000	1,404.130000	1,395.990000	1,399.110000	1,402.000000	1,402.770000	NA
Kuwaiti Dinar	0.428907	0.429056	0.428671	0.427765	NA	0.429028	0.428201	0.428082	0.427250	NA	0.424200
Libyan Dinar	1.932370	1.932370	1.932370	1.932370	1.932370	1.932370	1.932370	1.932370	1.932370	1.932370	1.932370
Malaysian Ringgit	5.432890	5.416970	5.401760	NA	5.419530	5.397350	5.406950	5.406930	5.410440	5.425940	5.405550
Mauritian Rupee	45.806200	45.773100	45.714100	NA	45.836900	45.956500	45.954800	45.871100	45.889200	45.855600	45.621300
Mexican Peso	16.510400	16.418200	16.590100	16.430800	16.342100	16.254600	16.306800	16.330800	16.331500	16.281500	16.127800
Nepalese Rupee	109.622000	109.438000	NA	109.109000	109.621000	109.579000	NA	NA	NA	109.479000	109.168000
New Zealand Dollar	2.438570	2.445050	2.434430	2.446570	2.451820	2.430070	2.423360	2.399960	2.388330	2.387520	2.358640
Norwegian Krone	9.255150	9.246080	9.217690	9.222800	NA	9.292300	9.292640	9.249070	9.230200	9.226880	9.248900
Rial Omani	0.570363	0.570561	0.570047	0.568844	0.569969	0.570522	0.569505	0.569265	0.568159	0.567695	0.564181
Pakistani Rupee	89.320000	89.351100	NA	89.082900	89.334400	89.420600	89.261000	89.223600	89.050400	89.025000	88.473700
Nuevo Sol	NA	NA	NA	NA	NA	NA	NA	NA	NA	NA	NA
Philippine Peso	NA	NA	NA	NA	NA	NA	NA	NA	NA	NA	NA
Polish Zloty	4.703510	4.639270	4.674540	NA	4.672420	4.691640	4.682090	4.676280	4.711510	4.704110	4.718140
Qatar Riyal	5.399510	5.401410	5.396570	5.385150	5.395810	5.401060	5.391420	5.389150	5.378660	5.374260	5.341000
Russian Ruble	NA	NA	39.815700	39.813400	39.843200	39.848700	39.861600	39.777600	39.776900	39.809600	39.511200
Saudi Arabian Riyal	5.562690	5.564640	5.559630	5.547880	5.558890	5.564270	5.554320	5.552010	5.541210	5.536670	5.502400
Singapore Dollar	2.347610	2.345900	2.344690	2.345200	2.343030	2.335660	2.336080	2.337320	2.337510	2.341940	2.334200
South African Rand	10.509800	10.425100	10.541100	10.637200	10.510000	10.579500	10.531000	10.556200	10.631700	10.637800	10.608600
Sri Lanka Rupee	154.243000	154.310000	154.167000	153.818000	154.154000	NA	154.001000	153.911000	153.569000	153.458000	152.567000
Swedish Krona	10.680400	10.654400	10.659700	10.655700	10.628600	10.605500	10.682800	10.634000	10.657600	10.733800	10.711400
Swiss Franc	1.817890	1.818080	1.818370	1.822820	1.820500	1.820630	1.821820	1.820470	1.820180	1.819720	NA
Thai Baht	56.493300	56.254700	NA	NA	56.721500	NA	NA	56.020500	NA	56.010500	55.809200
Trinidad And Tobago Dollar	9.389410	9.354620	9.301460	9.315760	9.324360	NA	9.321660	9.368380	9.332100	9.264580	NA
Tunisian Dinar	NA	NA	NA	NA	NA	NA	NA	NA	NA	NA	NA
U.A.E. Dirham	5.447720	5.449620	5.444750	5.433250	5.444010	5.449260	5.439540	5.437260	5.426700	5.422260	5.388690
Peso Uruguayo	NA	NA	NA	NA	NA	NA	NA	NA	NA	NA	NA
Bolivar Fuerte	NA	NA	NA	NA	NA	NA	NA	NA	NA	NA	NA

Currency units per SDR for July 2006 Continued

Currency	July 18, 2006	July 19, 2006	July 20, 2006	July 21, 2006	July 24, 2006	July 25, 2006	July 26, 2006	July 27, 2006	July 28, 2006	July 31, 2006
Chinese Yuan	11.749800	11.730700	11.781900	11.810100	11.772800	11.783700	11.758200	11.828900	11.795600	11.831100
Euro	1.171840	1.174410	1.166060	1.165740	1.167150	1.167580	1.169490	1.163670	1.167320	1.162260
Japanese Yen	171.660000	171.876000	172.266000	172.871000	171.848000	172.321000	172.332000	172.331000	171.335000	170.348000
U.K. Pound Sterling	0.803168	0.801783	0.797366	0.795482	0.795969	0.796927	0.799674	0.795494	0.795938	0.795938
U.S. Dollar	1.468430	1.465900	1.474250	1.478160	1.474460	1.475350	1.472040	1.482170	1.478300	1.483860
Algerian Dinar	NA	NA	NA	NA	NA	NA	NA	NA	NA	NA
Australian Dollar	1.960520	1.967380	1.965670	1.972720	1.962540	1.951270	1.947400	1.946380	NA	1.937670
Bahrain Dinar	0.552129	0.551177	0.554318	0.555787	0.554394	0.554733	0.553489	0.557296	0.555840	0.557933
Botswana Pula	NA	8.971180	8.843770	8.830100	8.850260	8.818650	8.830490	8.754650	8.783720	8.775090
Brazilian Real	3.247870	3.218230	3.214160	3.235250	3.233040	3.232210	NA	3.257210	NA	NA
Brunei Dollar	2.338620	2.333710	2.340370	2.343180	2.337010	2.338730	2.333480	2.339750	2.335710	2.341090
Canadian Dollar	1.664610	1.664230	1.671950	1.681410	1.683240	1.683970	1.674890	1.681520	1.670180	1.678100
Chilean Peso	801.661000	797.900000	799.559000	797.499000	797.251000	798.416000	795.450000	804.182000	798.486000	800.410000
Colombian Peso	3,754.360000	3,711.430000	NA	3,726.710000	NA	3,615.790000	NA	NA	NA	3,599.850000
Czech Koruna	33.333300	33.410700	33.055700	33.125500	33.185500	33.118700	33.185800	NA	33.229200	33.161400
Danish Krone	8.741720	8.762250	8.698980	8.696480	8.707390	8.711560	8.725550	8.682670	8.710420	8.672580
Hungarian Forint	327.210000	325.869000	322.272000	321.529000	325.486000	318.500000	318.506000	315.686000	315.617000	316.449000
Icelandic Krona	111.190000	109.752000	108.181000	109.177000	109.213000	108.085000	106.591000	106.627000	107.945000	107.951000
Indian Rupee	68.619600	68.823600	69.054100	69.222400	69.196000	69.061300	68.965000	69.128100	68.829300	69.014500
Indonesian Rupiah	13,575.600000	13,537.500000	13,504.200000	13,517.800000	13,520.800000	13,514.200000	13,439.800000	13,450.700000	13,445.100000	13,458.600000
Iranian Rial	13,491.900000	13,470.100000	13,545.400000	NA	13,547.300000	13,554.100000	13,523.700000	NA	NA	13,627.800000
Israeli New Sheqel	6.541850	6.540820	6.554540	6.594090	6.579030	6.532870	6.531470	6.555610	6.545920	6.518610
Kazakhstani Tenge	173.642000	172.873000	173.564000	173.373000	172.880000	173.369000	173.731000	175.103000	174.897000	175.704000
Korean Won	1,399.270000	1,403.450000	1,412.920000	1,406.170000	1,404.720000	1,403.360000	1,401.970000	1,413.840000	NA	1,414.270000
Kuwaiti Dinar	0.424524	0.423849	0.426265	NA	0.426325	0.426585	0.425626	NA	NA	0.429045
Libyan Dinar	1.932370	1.932370	1.932370	1.932370	1.932370	1.932370	NA	1.932370	1.932370	1.932370
Malaysian Ringgit	5.414830	5.404030	5.428200	5.445530	5.437060	5.446270	5.428880	5.443240	5.429800	5.421290
Mauritian Rupee	45.718500	45.633100	45.893700	46.036900	45.952700	46.077600	45.953100	46.459800	46.405200	46.571000
Mexican Peso	16.096700	15.984900	16.026300	16.105100	16.116200	16.103200	16.094900	16.150900	16.105600	16.201000
Nepalese Rupee	109.736000	109.869000	110.893000	NA	110.525000	110.947000	110.698000	111.459000	110.458000	110.845000
New Zealand Dollar	2.364630	2.349940	2.357670	2.375310	2.363290	2.368900	2.356020	2.385970	2.388970	2.399130
Norwegian Krone	9.292130	9.358830	9.249150	9.247790	9.283500	9.270500	9.278760	9.200560	9.201320	9.137180
Rial Omani	0.564611	0.563637	0.566848	0.568353	0.566929	0.567273	0.566001	0.569891	0.568405	0.570545
Pakistani Rupee	88.541000	88.388400	88.892000	89.178200	88.955300	89.009200	88.809200	NA	89.224400	89.560000
Nuevo Sol	NA	NA	NA	NA	NA	NA	NA	NA	NA	NA
Philippine Peso	NA	NA	NA	NA	NA	NA	NA	NA	NA	NA
Polish Zloty	4.726140	4.717400	4.627230	4.610820	4.626120	4.579220	4.589980	4.553960	4.574590	4.574900
Qatar Riyal	5.345080	5.335870	5.366280	5.380510	5.367020	5.370280	5.358220	5.395080	5.381000	5.401260
Russian Ruble	39.676100	39.660300	39.756700	39.780600	39.695800	39.697800	39.727200	39.786000	39.724500	39.796900
Saudi Arabian Riyal	5.506610	5.497100	5.528440	5.543080	5.529200	5.532600	5.520170	5.558120	5.543610	5.564490
Singapore Dollar	2.338620	2.333710	2.340370	2.343180	2.337010	2.338730	2.333480	2.339750	2.335710	2.341090
South African Rand	10.572700	10.554400	10.356600	10.347100	10.358100	10.305400	10.326400	10.212100	10.229800	10.201600
Sri Lanka Rupee	152.696000	152.435000	153.302000	153.712000	153.323000	153.436000	153.090000	154.144000	153.739000	154.302000
Swedish Krona	10.833300	10.876900	10.817300	10.772100	10.818800	10.810700	10.812200	10.760500	10.747200	10.735800
Swiss Franc	1.830840	1.841160	1.834260	1.830410	1.839530	1.836080	1.842260	1.830480	1.835310	1.830050
Thai Baht	56.022100	55.928400	56.310400	56.235100	56.007300	NA	55.899300	NA	NA	56.147900
Trinidad And Tobago Dollar	NA	9.195740	NA	9.263030	9.241630	NA	NA	9.274550	9.247960	9.316280
Tunisian Dinar	NA	NA	NA	NA	NA	NA	NA	NA	NA	NA
U.A.E. Dirham	5.392810	5.383490	5.414190	5.428530	5.414950	5.418230	5.406080	5.443240	5.429060	5.449500
Peso Uruguayo	NA	NA	NA	NA	NA	NA	NA	NA	NA	NA
Bolivar Fuerte	NA	NA	NA	NA	NA	NA	NA	NA	NA	NA

Notes:


The value of the U.S. dollar in terms of the SDR is the reciprocal of the sum of the dollar values, based on market exchange rates, of specified quantities of the SDR basket currencies. See SDR Valuation.

These rates are the official rates used by the Fund to conduct operations with member countries. The rates are derived from the currency's representative exchange rate, as reported by the central bank, normally against the U.S. dollar at spot market rates and rounded to six significant digits. See Representative Exchange Rates for Selected Currencies.

The value in terms of each national currency of the SDR (shown above) is the reciprocal of the value in terms of the SDR of each national currency, rounded to six significant digits.

Exchange rates are published daily except on IMF holidays or whenever the IMF is closed for business.
