Currency units per SDR for February 2006
Currency	February 01, 2006	February 02, 2006	February 03, 2006	February 06, 2006	February 07, 2006	February 08, 2006	February 09, 2006	February 10, 2006	February 13, 2006	February 14, 2006	February 15, 2006
Chinese Yuan	NA	NA	NA	11.569300	11.577800	11.563000	11.570700	11.573600	11.525500	NA	11.538400
Euro	1.195170	1.195020	1.195710	1.198660	1.200250	1.201530	1.199730	1.200860	1.204780	1.204640	1.204360
Japanese Yen	169.421000	170.506000	170.865000	170.395000	170.938000	169.471000	170.275000	170.263000	168.690000	168.382000	168.600000
U.K. Pound Sterling	0.813464	0.812295	0.812203	0.819323	0.821882	0.823771	0.824144	0.822470	0.823174	0.825955	0.824375
U.S. Dollar	1.445200	1.441910	1.442150	1.436110	1.437060	1.435590	1.436320	1.437430	1.432240	1.433280	1.433680
Algerian Dinar	NA	NA	NA	NA	NA	NA	NA	NA	NA	NA	NA
Australian Dollar	NA	1.917430	1.915970	1.924050	1.935430	1.944980	1.941230	1.943780	1.943600	1.943960	1.935570
Bahrain Dinar	0.543396	0.542158	0.542246	0.539977	0.540333	0.539782	0.540056	0.540473	0.538523	0.538915	0.539063
Botswana Pula	7.769890	7.777260	7.749290	7.762770	7.763670	7.879170	7.793380	7.769890	7.805120	NA	7.758010
Brazilian Real	3.201410	3.202330	3.201850	3.187310	3.142710	NA	NA	3.129280	3.088920	3.097760	NA
Brunei Dollar	2.345710	2.352760	2.354450	2.336560	2.345130	2.341300	2.344210	2.342860	2.333410	2.333820	2.335890
Canadian Dollar	1.647820	1.648390	1.654290	NA	1.651320	1.656100	NA	NA	1.653950	1.655160	NA
Chilean Peso	757.823000	761.934000	763.312000	761.110000	756.035000	755.852000	762.643000	760.127000	755.281000	762.335000	763.219000
Colombian Peso	NA	NA	NA	NA	3,247.240000	NA	NA	NA	3,226.980000	3,230.660000	NA
Czech Koruna	33.920400	34.078100	34.088000	33.971200	34.122900	34.208600	34.023400	33.930500	34.237800	34.330000	34.207400
Danish Krone	8.921560	8.921240	8.925460	8.949990	NA	8.971430	8.956320	NA	8.993610	8.992560	8.991030
Hungarian Forint	299.504000	300.566000	299.793000	299.903000	300.172000	301.043000	301.339000	301.112000	302.705000	302.767000	302.520000
Icelandic Krona	90.772900	91.474600	91.114500	90.805100	90.261700	90.026000	90.229100	90.903300	91.534900	91.486300	91.411000
Indian Rupee	63.805600	63.890800	63.786100	63.476300	63.618500	63.453000	NA	63.548600	63.391000	63.379800	63.468700
Indonesian Rupiah	13,469.300000	13,460.200000	13,426.400000	13,327.100000	13,249.700000	13,250.500000	NA	13,224.300000	13,219.600000	13,233.500000	13,211.300000
Iranian Rial	13,167.300000	13,141.500000	NA	13,093.000000	13,103.100000	NA	NA	NA	13,062.000000	13,071.600000	NA
Israeli New Sheqel	6.740450	6.765440	6.763660	6.748280	NA	6.758770	6.762190	6.747270	6.737270	6.762240	6.771260
Kazakhstani Tenge	NA	NA	NA	NA	NA	NA	NA	NA	NA	NA	NA
Korean Won	1,399.830000	1,385.820000	1,398.450000	1,393.890000	1,388.920000	1,389.360000	NA	1,396.030000	1,390.130000	1,396.740000	1,396.260000
Kuwaiti Dinar	0.422000	NA	NA	0.419345	0.419622	0.419192	0.419403	NA	0.418214	0.418519	0.418632
Libyan Dinar	1.932370	1.932370	1.932370	1.932370	1.932370	1.932370	NA	1.932370	1.932370	NA	1.932370
Malaysian Ringgit	NA	NA	5.411670	5.372360	5.367140	5.361930	5.357450	NA	5.332220	5.336120	5.336150
Mauritian Rupee	NA	44.282900	44.294200	44.040400	44.088000	44.028000	44.046100	44.113500	43.984700	44.016200	44.016200
Mexican Peso	15.073900	15.111900	15.139800	NA	15.054300	15.113500	NA	NA	15.075500	15.085200	NA
Nepalese Rupee	102.682000	102.447000	NA	102.381000	102.462000	NA	NA	102.481000	102.119000	102.186000	102.214000
New Zealand Dollar	2.099670	2.107740	2.089460	NA	2.110840	2.115830	2.128820	2.117290	2.110580	2.124330	2.115500
Norwegian Krone	NA	9.620560	9.592600	9.645620	9.657730	NA	9.616400	NA	9.761140	9.800940	9.800460
Rial Omani	0.555682	0.554413	0.554505	0.552184	0.552550	0.551983	0.552263	0.552691	0.550697	0.551098	0.551247
Pakistani Rupee	86.482700	86.285700	86.343900	NA	86.039300	85.951300	NA	86.026700	85.716200	85.778700	NA
Nuevo Sol	NA	NA	NA	NA	NA	NA	NA	NA	NA	NA	NA
Philippine Peso	NA	NA	NA	NA	NA	NA	NA	NA	NA	NA	NA
Polish Zloty	4.539240	4.573730	4.574480	4.543580	4.575880	4.586570	4.581270	4.547730	4.567860	4.567590	4.554500
Qatar Riyal	5.260530	5.248540	5.249400	5.227450	5.230890	5.225530	5.228180	5.232230	5.213360	5.217160	5.218580
Russian Ruble	40.616200	40.647400	40.629900	40.548500	40.600400	40.575900	40.575400	40.594600	40.442100	40.396200	40.428700
Saudi Arabian Riyal	5.419530	5.407160	5.408040	5.385440	5.388980	5.383460	5.386190	5.390340	5.370920	5.374810	5.376290
Singapore Dollar	2.345710	2.352760	2.354450	2.336560	2.345130	2.341300	2.344210	2.342860	2.333410	2.333820	2.335890
South African Rand	8.794070	8.810030	8.753810	NA	8.766090	8.943740	NA	8.789900	8.844080	8.821840	NA
Sri Lanka Rupee	147.647000	147.314000	147.309000	146.642000	146.701000	146.502000	NA	146.768000	146.180000	146.327000	146.389000
Swedish Krona	10.998000	11.063000	11.104500	11.111900	11.162300	11.143800	11.149400	11.140100	11.221600	11.233400	11.218500
Swiss Franc	1.855350	NA	1.858780	1.865510	1.865300	1.863830	1.864340	1.867790	1.875950	1.876170	1.875680
Thai Baht	NA	NA	NA	NA	NA	NA	NA	NA	NA	NA	NA
Trinidad And Tobago Dollar	NA	NA	9.043230	NA	NA	NA	NA	9.013390	NA	NA	9.023150
Tunisian Dinar	NA	NA	NA	NA	NA	NA	NA	NA	NA	NA	NA
U.A.E. Dirham	5.307520	NA	5.296270	5.274120	5.277600	NA	5.274870	5.278970	5.259920	5.263740	5.265180
Peso Uruguayo	NA	NA	NA	NA	NA	NA	NA	NA	NA	NA	NA
Bolivar Fuerte	NA	NA	NA	NA	NA	NA	NA	NA	NA	NA	NA

Currency units per SDR for February 2006 Continued

Currency	February 16, 2006	February 17, 2006	February 20, 2006	February 21, 2006	February 22, 2006	February 23, 2006	February 24, 2006	February 27, 2006	February 28, 2006
Chinese Yuan	11.519700	11.514500	NA	11.529200	NA	11.571100	11.546700	11.528400	11.539800
Euro	1.206870	1.205840	1.202220	1.203150	1.205060	1.202290	1.206780	1.209520	1.208440
Japanese Yen	168.656000	168.941000	169.586000	169.704000	169.790000	169.275000	167.461000	166.719000	166.822000
U.K. Pound Sterling	0.824844	0.824253	0.822720	0.821133	0.822423	0.820351	0.820378	0.824056	0.821659
U.S. Dollar	1.431110	1.430490	1.434490	1.432460	1.431010	1.437580	1.435590	1.433530	1.435030
Algerian Dinar	NA	NA	NA	NA	NA	NA	NA	NA	NA
Australian Dollar	1.936810	1.935980	1.934840	1.940480	1.937210	1.953500	1.939450	1.940870	1.943960
Bahrain Dinar	0.538097	0.537866	0.539369	0.538607	0.538063	0.540532	0.539779	0.539008	0.539569
Botswana Pula	7.731560	7.715690	NA	7.722190	NA	7.749780	7.791500	7.816410	7.841660
Brazilian Real	NA	3.028210	3.037960	3.033100	3.046490	3.087350	3.064260	NA	NA
Brunei Dollar	2.334140	2.340290	2.338370	2.334920	2.331690	2.345130	2.334830	2.327050	2.331490
Canadian Dollar	1.656940	1.648210	1.646800	1.642180	1.643090	1.655090	1.653510	1.637090	1.633060
Chilean Peso	759.850000	756.332000	749.783000	750.813000	742.567000	748.077000	742.071000	742.038000	742.997000
Colombian Peso	3,225.270000	NA	3,233.190000	3,228.620000	3,224.670000	NA	3,229.920000	3,219.970000	NA
Czech Koruna	NA	34.198800	NA	NA	34.405900	34.151300	34.231600	34.274300	34.225400
Danish Krone	9.010790	9.001950	8.971910	8.978430	8.992240	8.970380	9.003170	9.022750	9.016160
Hungarian Forint	302.393000	302.993000	302.147000	302.694000	304.320000	304.811000	305.248000	305.427000	305.316000
Icelandic Krona	91.347600	90.979400	90.803400	91.749000	98.740100	95.311600	95.208200	95.014600	93.951400
Indian Rupee	63.398300	63.599900	63.734500	63.601500	63.694300	64.058600	63.811700	63.677200	63.772700
Indonesian Rupiah	13,194.800000	13,196.300000	13,240.400000	13,236.000000	13,258.300000	13,419.800000	NA	13,288.800000	13,245.300000
Iranian Rial	13,054.600000	NA	13,085.400000	13,068.400000	13,058.000000	13,119.400000	NA	13,088.100000	13,103.200000
Israeli New Sheqel	6.733370	6.713300	6.723460	6.746910	6.761550	6.766720	6.765900	6.754790	6.753240
Kazakhstani Tenge	NA	NA	NA	NA	NA	NA	NA	NA	186.984000
Korean Won	1,393.330000	1,396.730000	1,397.340000	1,386.620000	1,385.510000	1,399.200000	1,396.250000	1,382.930000	1,390.540000
Kuwaiti Dinar	0.417884	NA	0.418871	0.418279	0.417856	NA	NA	0.418590	0.419027
Libyan Dinar	1.932370	1.932370	1.932370	1.932370	1.932370	1.932370	1.932370	1.932370	1.932370
Malaysian Ringgit	5.329440	5.325720	5.335580	5.329920	5.322660	5.347080	5.333620	5.323420	5.328980
Mauritian Rupee	43.961800	44.002500	44.123800	NA	44.063900	44.223300	44.153200	44.055600	44.100300
Mexican Peso	15.051700	14.952600	14.976200	14.953200	15.024200	15.078100	15.039300	15.003500	15.004700
Nepalese Rupee	102.031000	101.987000	102.638000	102.493000	102.389000	103.067000	103.197000	102.777000	102.877000
New Zealand Dollar	2.122680	2.135700	2.149370	2.135780	2.161650	2.183120	2.171180	2.175640	2.175600
Norwegian Krone	9.784070	9.719020	9.684570	9.690770	9.709870	9.673610	9.710340	NA	9.696590
Rial Omani	0.550261	0.550025	0.551563	0.550782	0.550224	0.552752	0.551983	0.551192	0.551767
Pakistani Rupee	85.648700	85.682500	85.922500	85.800800	85.714000	86.107400	86.043700	NA	86.010400
Nuevo Sol	NA	NA	NA	NA	NA	NA	NA	NA	NA
Philippine Peso	NA	NA	NA	NA	NA	NA	NA	NA	NA
Polish Zloty	4.536610	4.530220	4.512330	4.541060	4.577960	4.559300	4.566170	4.559050	4.558800
Qatar Riyal	5.209230	5.207000	5.221550	5.214170	5.208900	5.232810	5.225530	5.218040	5.223490
Russian Ruble	40.356400	NA	40.373900	40.382300	40.329900	NA	NA	40.314100	40.354500
Saudi Arabian Riyal	5.366650	5.364350	5.379350	5.371750	5.366300	5.390920	5.383440	5.375740	5.381350
Singapore Dollar	2.334140	2.340290	2.338370	2.334920	2.331690	2.345130	2.334830	2.327050	2.331490
South African Rand	8.701180	8.675960	8.650000	8.680710	8.764930	8.740490	8.800110	NA	NA
Sri Lanka Rupee	146.247000	146.196000	146.612000	146.420000	146.287000	147.054000	146.998000	146.737000	147.127000
Swedish Krona	11.259200	NA	11.246400	11.280600	11.283500	11.356900	11.348300	11.418100	11.455100
Swiss Franc	1.880050	1.881380	1.876600	1.876100	1.878060	1.874750	1.883060	1.891260	1.892080
Thai Baht	NA	NA	56.407000	NA	NA	NA	NA	NA	56.409500
Trinidad And Tobago Dollar	9.017130	8.945020	9.000900	NA	8.955120	9.021280	9.009580	NA	NA
Tunisian Dinar	NA	NA	NA	NA	NA	NA	NA	NA	NA
U.A.E. Dirham	5.255740	5.253480	5.268180	5.260720	5.255410	5.279520	5.272180	5.264630	5.270150
Peso Uruguayo	NA	NA	NA	NA	NA	NA	NA	NA	NA
Bolivar Fuerte	NA	NA	NA	NA	NA	NA	NA	NA	NA

Notes:


The value of the U.S. dollar in terms of the SDR is the reciprocal of the sum of the dollar values, based on market exchange rates, of specified quantities of the SDR basket currencies. See SDR Valuation.

These rates are the official rates used by the Fund to conduct operations with member countries. The rates are derived from the currency's representative exchange rate, as reported by the central bank, normally against the U.S. dollar at spot market rates and rounded to six significant digits. See Representative Exchange Rates for Selected Currencies.

The value in terms of each national currency of the SDR (shown above) is the reciprocal of the value in terms of the SDR of each national currency, rounded to six significant digits.

Exchange rates are published daily except on IMF holidays or whenever the IMF is closed for business.
