Currency units per SDR for June 2007
Currency	June 01, 2007	June 04, 2007	June 05, 2007	June 06, 2007	June 07, 2007	June 08, 2007	June 11, 2007	June 12, 2007	June 13, 2007	June 14, 2007	June 15, 2007
Chinese Yuan	11.568900	11.588200	11.595700	11.597800	11.594500	11.558600	11.577600	11.536200	11.474200	11.477500	11.472000
Euro	1.125580	1.123240	1.121210	1.123420	1.125160	1.129560	1.129010	1.130380	1.132070	1.131300	1.130210
Japanese Yen	184.399000	184.752000	184.722000	184.250000	183.295000	182.676000	183.393000	183.553000	183.736000	184.824000	185.176000
U.K. Pound Sterling	0.764462	0.762096	0.761162	0.761858	0.761870	0.767471	0.766854	0.764257	0.764205	0.764234	0.763726
U.S. Dollar	1.512330	1.514360	1.517220	1.518080	1.515590	1.507850	1.507790	1.508490	1.504180	1.505090	1.504760
Algerian Dinar	NA	NA	NA	NA	NA	NA	NA	NA	NA	NA	NA
Australian Dollar	1.823190	1.817300	1.816160	1.799530	1.790200	1.789940	NA	1.788370	1.788130	1.794760	1.798240
Bahrain Dinar	0.568637	0.569398	0.570477	0.570799	0.569859	0.566951	0.566929	0.567192	0.565572	0.565912	0.565790
Botswana Pula	9.364260	9.405920	9.429600	9.482090	9.484250	9.519280	9.494960	9.445810	9.466200	9.436280	9.381300
Brazilian Real	NA	NA	NA	NA	NA	NA	NA	NA	NA	NA	NA
Brunei Dollar	2.313110	2.315450	2.322720	2.323430	2.322790	2.318310	2.325770	2.323380	2.319000	2.319940	2.318840
Canadian Dollar	NA	1.602190	1.609170	1.607040	1.608490	1.601630	1.600370	1.604280	1.604510	1.608030	1.606940
Chilean Peso	794.123000	793.978000	797.607000	796.641000	798.034000	795.583000	797.894000	796.254000	794.793000	796.673000	796.020000
Colombian Peso	2,873.570000	2,855.770000	NA	2,850.770000	2,859.790000	NA	NA	NA	NA	NA	NA
Czech Koruna	31.837600	31.807500	31.846500	31.937500	31.966800	32.082400	32.114500	32.170100	32.288700	32.359300	32.302800
Danish Krone	8.384550	8.367150	NA	8.365820	8.378580	8.410290	8.406260	8.419210	8.430920	8.423820	8.415520
Hungarian Forint	281.234000	281.171000	281.141000	282.789000	283.839000	286.974000	287.159000	285.829000	288.773000	286.854000	284.250000
Icelandic Krona	93.326200	94.071600	95.327100	95.016400	95.072400	97.512500	96.513900	95.683700	95.906700	95.227200	94.664700
Indian Rupee	61.309800	61.286200	61.538500	61.558200	61.578300	61.791700	61.683800	61.440900	61.566100	61.467700	NA
Indonesian Rupiah	NA	13,294.500000	13,319.700000	13,444.100000	13,532.700000	13,621.900000	13,612.400000	13,623.200000	13,662.500000	13,597.000000	13,627.100000
Iranian Rial	NA	NA	NA	14,066.500000	14,043.400000	NA	13,977.200000	13,983.700000	13,946.700000	13,955.200000	NA
Israeli New Sheqel	6.156730	6.151310	6.164470	6.221110	6.274510	6.328430	6.313130	6.316040	6.338620	6.295760	6.282390
Kazakhstani Tenge	185.140000	185.115000	184.692000	185.009000	183.386000	182.344000	182.579000	183.900000	183.179000	183.319000	183.310000
Korean Won	1,403.290000	1,404.420000	1,408.290000	NA	1,405.400000	NA	NA	NA	NA	NA	NA
Kuwaiti Dinar	NA	0.436226	0.437051	0.437298	0.436580	NA	0.434335	0.434535	0.433294	0.433555	NA
Libyan Dinar	1.932370	1.932370	1.932370	1.932370	1.932370	1.932370	1.932370	1.932370	1.932370	1.932370	1.932370
Malaysian Ringgit	5.138900	5.141260	5.157800	5.186530	5.205270	5.206600	5.213950	5.218630	5.218740	5.212870	5.204970
Mauritian Rupee	47.174000	47.576500	47.633100	47.639700	47.663500	47.455900	47.449800	47.575300	47.555900	47.569900	47.502800
Mexican Peso	16.201800	16.270400	16.357000	16.463600	16.526400	16.541400	16.481200	16.492500	16.476500	16.407200	16.273700
Nepalese Rupee	98.453300	98.357400	98.392300	98.599900	98.649500	98.146000	99.288100	98.655300	98.162400	98.884600	98.607700
New Zealand Dollar	2.050340	NA	2.030540	2.023570	2.011390	2.005650	1.980550	2.007570	2.010130	2.010260	2.003950
Norwegian Krone	9.129670	NA	9.063880	9.077210	9.093470	9.149880	9.166910	9.169100	9.170860	9.171960	9.147290
Rial Omani	0.581493	0.582272	0.583373	0.583703	0.582744	0.579767	0.579747	0.580016	0.578356	0.578707	0.578583
Pakistani Rupee	91.838300	91.961600	92.135300	92.187100	92.036100	91.389300	91.386000	91.427700	91.166800	91.221700	91.201800
Nuevo Sol	NA	NA	NA	NA	NA	NA	NA	NA	NA	NA	NA
Philippine Peso	NA	NA	NA	NA	NA	NA	NA	NA	NA	NA	NA
Polish Zloty	4.291240	4.272300	4.272960	4.289640	NA	4.332340	4.334300	4.327110	4.355060	4.326210	4.307390
Qatar Riyal	5.504880	5.512250	5.522700	5.525810	5.516720	5.488560	5.488350	5.490920	5.475220	5.478520	5.477350
Russian Ruble	NA	NA	NA	NA	39.167000	39.090400	NA	NA	39.171900	39.202200	39.172500
Saudi Arabian Riyal	5.671250	5.678850	5.689580	5.692820	5.683430	5.654410	5.654220	5.656840	5.640670	5.644070	5.642860
Singapore Dollar	2.313110	2.315450	2.322720	2.323430	2.322790	2.318310	2.325770	2.323380	2.319000	2.319940	2.318840
South African Rand	10.752700	10.797400	10.840600	10.930200	10.904600	10.984700	10.931500	10.831000	10.920300	10.851700	10.759100
Sri Lanka Rupee	167.681000	167.857000	168.152000	168.125000	167.847000	NA	167.191000	167.368000	166.785000	166.922000	166.982000
Swedish Krona	10.461600	10.509600	10.468800	NA	10.465100	10.509700	NA	NA	NA	10.637200	NA
Swiss Franc	1.859410	1.856600	1.852980	1.848570	1.854620	1.860380	1.868610	1.871280	1.875110	1.873080	1.874030
Thai Baht	NA	52.359000	52.377700	52.360100	52.308900	52.194200	52.178700	52.258600	52.055100	52.109100	52.137100
Trinidad And Tobago Dollar	9.487940	9.551100	9.542080	9.517650	9.550000	NA	9.448400	9.514390	9.462530	9.485510	9.509770
Tunisian Dinar	NA	NA	NA	NA	NA	NA	NA	NA	NA	NA	NA
U.A.E. Dirham	5.554040	5.561490	5.571990	5.575160	5.565980	5.537560	5.537370	5.539920	5.524100	5.527430	5.526240
Peso Uruguayo	NA	NA	NA	NA	NA	NA	NA	NA	NA	NA	NA
Bolivar Fuerte	NA	NA	NA	NA	NA	NA	NA	NA	NA	NA	NA

Currency units per SDR for June 2007 Continued

Currency	June 18, 2007	June 19, 2007	June 20, 2007	June 21, 2007	June 22, 2007	June 25, 2007	June 26, 2007	June 27, 2007	June 28, 2007	June 29, 2007
Chinese Yuan	11.504400	11.502400	11.516600	11.501200	11.518100	11.531000	11.535400	11.527900	11.535900	11.541800
Euro	1.126160	1.126310	1.125910	1.126510	1.124240	1.124300	1.124920	1.126320	1.124480	1.122230
Japanese Yen	186.424000	186.601000	186.461000	186.596000	187.299000	187.481000	186.846000	186.151000	186.234000	186.764000
U.K. Pound Sterling	0.761992	0.760231	0.758610	0.758196	0.757060	0.757237	0.757450	0.758288	0.756298	0.755932
U.S. Dollar	1.509500	1.509600	1.511760	1.509190	1.511090	1.513410	1.514150	1.513550	1.514340	1.515570
Algerian Dinar	NA	NA	NA	NA	NA	NA	NA	NA	NA	NA
Australian Dollar	1.791060	1.789260	1.785260	1.784330	1.783620	1.783000	1.786820	1.799270	1.798720	NA
Bahrain Dinar	0.567572	0.567608	0.568421	0.567453	0.568169	0.569042	0.569320	0.569094	0.569392	0.569853
Botswana Pula	9.358390	9.364700	9.360750	9.414780	9.397260	9.435210	9.445720	9.483350	9.400000	9.355320
Brazilian Real	2.881500	2.874120	2.879900	2.896130	2.899620	2.924820	2.933050	NA	2.951600	NA
Brunei Dollar	2.321770	2.321460	2.319200	2.321130	2.323140	2.328690	2.328460	2.328590	2.326780	2.322760
Canadian Dollar	1.618340	1.606060	1.609420	1.619360	1.613230	1.621320	1.619080	1.621920	1.609290	1.611660
Chilean Peso	794.647000	791.916000	792.311000	791.039000	793.941000	796.134000	798.531000	799.092000	802.266000	799.405000
Colombian Peso	NA	2,898.800000	2,866.410000	2,875.200000	2,928.740000	2,942.090000	2,968.210000	NA	3,001.860000	2,967.620000
Czech Koruna	32.197700	32.208700	32.347200	32.221200	32.186100	32.291700	32.281600	32.256700	32.191800	32.217900
Danish Krone	8.383210	8.385670	8.381530	8.385180	8.367920	8.367640	8.371140	8.382300	8.368970	8.351850
Hungarian Forint	281.794000	282.294000	280.628000	280.407000	278.704000	277.727000	278.815000	279.597000	278.260000	276.864000
Icelandic Krona	93.906400	93.866700	93.820100	94.083100	94.276500	94.875800	95.376200	95.323400	94.645900	94.328900
Indian Rupee	61.527500	61.440500	61.710100	61.499500	61.516100	61.762300	62.004400	62.070500	61.845600	61.759300
Indonesian Rupiah	13,549.300000	13,414.300000	13,457.700000	13,561.600000	13,604.300000	13,655.500000	13,686.400000	13,794.500000	13,751.700000	13,722.000000
Iranian Rial	NA	13,997.000000	14,017.000000	13,996.200000	NA	14,036.900000	14,043.700000	14,038.200000	14,048.500000	NA
Israeli New Sheqel	6.252380	6.292000	6.329750	6.383860	6.379790	6.433520	6.453280	6.494650	6.446540	6.439650
Kazakhstani Tenge	185.156000	184.488000	184.979000	185.630000	185.924000	185.545000	185.468000	184.078000	183.205000	184.384000
Korean Won	1,403.540000	1,400.910000	1,402.310000	1,398.260000	1,401.230000	1,403.990000	1,403.010000	1,402.150000	1,404.700000	1,404.630000
Kuwaiti Dinar	0.434828	0.434854	0.435477	0.434737	0.435284	0.435954	0.436165	0.435992	0.436220	NA
Libyan Dinar	1.932370	1.932370	1.932370	1.932370	1.932370	1.932370	1.932370	1.932370	1.932370	1.932370
Malaysian Ringgit	5.187850	5.183200	5.188360	5.202910	5.216730	5.237170	5.246510	5.280030	5.254750	5.235550
Mauritian Rupee	47.709000	47.776300	47.803700	47.717400	47.777400	47.853800	47.861300	47.721100	47.918700	47.976800
Mexican Peso	16.266400	16.227300	16.283600	16.339400	16.331800	16.373500	16.413100	16.446400	16.343700	16.360000
Nepalese Rupee	98.796700	98.500800	98.642700	98.701100	98.673800	98.743000	99.085400	99.364100	99.416400	99.117900
New Zealand Dollar	NA	2.000790	1.993620	1.988910	1.979670	1.977800	1.979540	1.976690	1.982640	1.969290
Norwegian Krone	9.093720	9.099510	9.066350	9.050920	8.979320	8.998880	9.010710	8.979560	8.941900	8.947020
Rial Omani	0.580403	0.580440	0.581274	0.580282	0.581014	0.581906	0.582191	0.581960	0.582262	0.582737
Pakistani Rupee	91.454500	91.459500	91.591000	91.435300	91.715400	91.856000	91.900800	91.864500	91.912600	91.726300
Nuevo Sol	NA	NA	NA	NA	NA	NA	NA	NA	NA	NA
Philippine Peso	NA	NA	NA	NA	NA	NA	NA	NA	NA	NA
Polish Zloty	4.281560	4.289360	4.261810	4.276740	4.265650	4.261780	4.269890	4.289860	4.251360	NA
Qatar Riyal	5.494600	5.494930	5.502820	5.493450	5.500340	5.508820	5.511490	5.509310	5.512190	5.516660
Russian Ruble	39.180300	39.138900	39.210900	39.192500	39.190900	39.198900	39.031900	39.120400	39.064600	39.126200
Saudi Arabian Riyal	5.660660	5.660980	5.669090	5.659470	5.666560	5.675300	5.678040	5.675820	5.678790	5.683400
Singapore Dollar	2.321770	2.321460	2.319200	2.321130	2.323140	2.328690	2.328460	2.328590	2.326780	2.322760
South African Rand	10.732600	10.703000	10.710800	10.820900	10.774000	10.828500	10.856400	10.905100	10.767000	NA
Sri Lanka Rupee	167.442000	167.443000	167.706000	167.461000	167.702000	167.977000	168.155000	168.293000	168.760000	168.857000
Swedish Krona	10.630700	10.597400	10.571000	10.428500	NA	10.408500	10.440000	10.481300	10.414900	10.419500
Swiss Franc	1.872390	1.874610	1.871110	1.874710	1.865430	1.857870	1.861340	1.860450	1.860520	1.859000
Thai Baht	NA	52.247100	52.290300	52.221000	52.298800	52.379300	52.339600	52.288700	52.288700	52.344800
Trinidad And Tobago Dollar	NA	9.492350	NA	9.505790	NA	9.525710	9.524440	9.556210	9.562150	9.574420
Tunisian Dinar	NA	NA	NA	NA	NA	NA	NA	NA	NA	NA
U.A.E. Dirham	5.543670	5.544010	5.551950	5.542500	5.549450	5.558030	5.560710	5.558520	5.561430	5.565910
Peso Uruguayo	NA	NA	NA	NA	NA	NA	NA	NA	NA	NA
Bolivar Fuerte	NA	NA	NA	NA	NA	NA	NA	NA	NA	NA

Notes:


The value of the U.S. dollar in terms of the SDR is the reciprocal of the sum of the dollar values, based on market exchange rates, of specified quantities of the SDR basket currencies. See SDR Valuation.

These rates are the official rates used by the Fund to conduct operations with member countries. The rates are derived from the currency's representative exchange rate, as reported by the central bank, normally against the U.S. dollar at spot market rates and rounded to six significant digits. See Representative Exchange Rates for Selected Currencies.

The value in terms of each national currency of the SDR (shown above) is the reciprocal of the value in terms of the SDR of each national currency, rounded to six significant digits.

Exchange rates are published daily except on IMF holidays or whenever the IMF is closed for business.
