Currency units per SDR for September 2007
Currency	September 03, 2007	September 04, 2007	September 05, 2007	September 06, 2007	September 07, 2007	September 10, 2007	September 11, 2007	September 12, 2007	September 13, 2007	September 14, 2007	September 17, 2007
Chinese Yuan	NA	11.560400	11.557400	11.571800	11.578200	11.608000	11.627800	11.636900	11.609500	11.605800	11.596500
Euro	1.123840	1.126690	1.125880	1.122630	1.121020	1.118200	1.117070	1.113550	1.111360	1.113190	1.110810
Japanese Yen	177.683000	177.408000	177.217000	177.084000	176.718000	174.617000	175.425000	176.418000	176.531000	177.431000	NA
U.K. Pound Sterling	0.759290	0.760081	0.760850	0.758576	0.759359	0.759613	0.760410	0.759826	0.762276	0.766419	0.771629
U.S. Dollar	1.532020	1.530040	1.529840	1.534520	1.535340	1.542550	1.544240	1.546170	1.544450	1.542880	1.541480
Algerian Dinar	NA	NA	NA	NA	NA	NA	NA	NA	NA	NA	NA
Australian Dollar	1.862630	1.850560	1.857280	1.863870	NA	1.880930	1.867270	1.849930	1.840390	1.837200	1.826610
Bahrain Dinar	0.576040	0.575295	0.575222	0.576981	0.577291	0.579999	0.580632	0.581362	0.580713	0.580124	0.579596
Botswana Pula	NA	9.641060	9.615570	9.614830	9.565990	9.628900	9.615380	9.609470	9.580930	9.618990	9.604210
Brazilian Real	NA	2.989550	2.986250	NA	NA	3.013680	3.024080	2.983490	2.952530	2.928850	NA
Brunei Dollar	2.333720	2.330400	2.334690	2.342140	2.340480	2.353010	2.351560	2.345850	2.337070	2.334070	2.333180
Canadian Dollar	NA	1.605930	1.607560	1.616310	NA	1.624770	1.610790	1.603530	1.594800	1.588090	1.588960
Chilean Peso	801.629000	801.815000	800.660000	803.859000	800.544000	803.297000	799.418000	798.008000	795.792000	792.657000	792.764000
Colombian Peso	NA	3,306.400000	NA	3,336.900000	3,326.480000	3,379.730000	3,389.060000	3,379.760000	3,370.330000	3,329.150000	3,281.030000
Czech Koruna	31.087700	31.145500	31.109300	30.982000	30.966400	30.852600	30.855400	30.638900	30.536900	30.620000	30.549000
Danish Krone	8.370930	8.392430	8.386590	8.360370	8.347800	8.327160	8.319120	8.293660	8.276840	8.291870	8.274520
Hungarian Forint	286.058000	288.045000	287.304000	286.633000	285.298000	287.130000	287.073000	283.568000	281.862000	282.917000	283.925000
Icelandic Krona	97.834900	99.207300	98.996200	98.823000	98.799600	100.667000	100.592000	99.450000	98.520200	99.268400	100.474000
Indian Rupee	62.628800	62.593900	62.631900	62.685300	62.503900	62.673900	62.665300	62.604500	62.457500	62.409500	62.383800
Indonesian Rupiah	14,382.600000	14,379.300000	14,366.700000	14,453.700000	14,429.200000	14,527.700000	14,574.500000	14,560.300000	14,531.700000	14,484.500000	14,457.500000
Iranian Rial	NA	14,247.700000	14,247.400000	14,291.000000	NA	NA	14,387.700000	14,405.700000	14,389.600000	NA	14,366.600000
Israeli New Sheqel	NA	6.329750	6.298380	6.343730	6.339430	6.373810	6.334450	NA	NA	NA	6.309270
Kazakhstani Tenge	NA	191.301000	189.670000	188.792000	188.755000	188.700000	188.721000	188.896000	188.655000	187.954000	187.490000
Korean Won	1,438.570000	1,435.330000	1,434.380000	1,438.770000	1,442.150000	1,446.600000	1,451.740000	1,449.380000	1,441.590000	1,435.490000	1,434.190000
Kuwaiti Dinar	NA	0.430706	0.430804	NA	NA	0.433302	0.433775	0.434320	0.433836	0.433394	0.433155
Libyan Dinar	1.932370	1.932370	1.932370	1.932370	1.932370	1.932370	1.932370	1.932370	1.932370	1.932370	1.932370
Malaysian Ringgit	NA	5.361730	5.365150	5.384620	5.376780	5.422850	5.431540	5.419320	5.390140	5.368900	5.371750
Mauritian Rupee	47.916800	47.713100	47.641500	47.831600	47.782400	47.907600	47.861500	47.766700	47.615000	47.617000	47.364000
Mexican Peso	NA	16.871000	16.958000	16.980700	NA	17.185100	17.149800	17.119200	17.103700	17.142900	17.183000
Nepalese Rupee	NA	NA	NA	NA	NA	101.346000	101.456000	101.274000	100.853000	100.750000	100.659000
New Zealand Dollar	2.177710	2.178300	2.195840	2.231380	2.216780	2.247960	2.223210	2.188500	2.177120	2.177670	2.162870
Norwegian Krone	8.913770	8.933440	8.906310	8.877210	8.865560	8.829240	8.770620	8.721970	8.706860	8.713380	8.666640
Rial Omani	0.589060	0.588301	0.588225	0.590023	0.590340	0.593109	0.593761	0.594502	0.593842	0.593236	0.592698
Pakistani Rupee	NA	92.804000	92.791900	93.076100	93.074300	93.511300	93.613700	93.730400	93.626800	93.531400	93.446600
Nuevo Sol	NA	NA	NA	NA	NA	NA	NA	NA	NA	NA	NA
Philippine Peso	NA	NA	NA	NA	NA	NA	NA	NA	NA	NA	NA
Polish Zloty	4.288880	4.304150	4.299610	4.290980	4.276390	4.260380	4.248670	4.210690	4.189480	4.204970	4.205140
Qatar Riyal	5.576530	5.569360	5.568640	5.585660	5.588650	5.614890	5.621010	5.628060	5.621800	5.616080	5.610980
Russian Ruble	NA	39.166200	39.316500	39.381900	NA	NA	NA	NA	NA	NA	NA
Saudi Arabian Riyal	5.745080	5.737660	5.736910	5.754470	5.757550	5.784560	5.790890	5.798140	5.791700	5.785800	5.780550
Singapore Dollar	2.333720	2.330400	2.334690	2.342140	2.340480	2.353010	2.351560	2.345850	2.337070	2.334070	2.333180
South African Rand	NA	11.115700	11.099000	11.094600	11.062200	11.152600	11.072200	11.093800	NA	11.093300	11.075500
Sri Lanka Rupee	173.152000	172.899000	172.997000	173.710000	173.938000	174.694000	174.870000	175.160000	174.961000	174.892000	174.774000
Swedish Krona	NA	10.557300	10.586500	10.546000	10.471000	10.500900	10.493100	10.394100	10.328500	10.294900	10.316300
Swiss Franc	NA	1.855170	1.854480	NA	NA	1.831780	1.830230	1.828970	1.832180	1.831400	1.827730
Thai Baht	52.592500	52.465100	52.465900	52.641800	52.677600	52.880100	52.832900	52.953200	52.911500	52.845200	52.805000
Trinidad And Tobago Dollar	NA	9.622140	9.652230	9.692650	9.703650	9.724980	9.751820	9.686170	NA	9.751630	9.751530
Tunisian Dinar	NA	NA	NA	NA	NA	NA	NA	NA	NA	NA	NA
U.A.E. Dirham	5.626320	5.619080	5.618360	5.635520	5.638540	5.665020	5.671220	5.678300	5.671990	5.666240	5.661070
Peso Uruguayo	NA	NA	NA	NA	NA	NA	NA	NA	NA	NA	NA
Bolivar Fuerte	NA	NA	NA	NA	NA	NA	NA	NA	NA	NA	NA

Currency units per SDR for September 2007 Continued

Currency	September 18, 2007	September 19, 2007	September 20, 2007	September 21, 2007	September 24, 2007	September 25, 2007	September 26, 2007	September 27, 2007	September 28, 2007
Chinese Yuan	11.591500	11.602900	11.636000	11.628300	11.671300	11.662700	11.659900	11.681800	11.691700
Euro	1.110600	1.104510	1.103250	1.102860	1.101050	1.100400	1.099180	1.096130	1.097860
Japanese Yen	177.031000	178.852000	179.397000	178.104000	NA	178.040000	178.294000	179.617000	179.093000
U.K. Pound Sterling	0.773515	0.772702	0.771075	0.769124	0.767407	0.772058	0.771968	0.767902	0.766331
U.S. Dollar	1.540070	1.543560	1.547860	1.549400	1.553920	1.552230	1.552810	1.554320	1.556650
Algerian Dinar	NA	NA	NA	NA	NA	NA	NA	NA	NA
Australian Dollar	1.854610	1.810830	1.800680	1.782560	1.791880	1.793030	1.778300	1.769690	1.763510
Bahrain Dinar	0.579066	0.580376	0.581994	0.582574	0.584273	0.583638	0.583856	0.584423	0.585302
Botswana Pula	9.607440	9.516380	9.537070	9.499740	9.463600	9.493700	9.456800	9.403000	9.400090
Brazilian Real	NA	2.925350	2.883820	2.886390	2.891840	2.900490	2.895680	2.873150	2.864390
Brunei Dollar	2.336900	2.326760	2.331230	2.331230	2.337400	2.329110	2.325800	2.322150	2.320810
Canadian Dollar	1.576420	1.566250	1.550340	1.550800	1.555780	1.553780	1.560260	1.559130	1.550890
Chilean Peso	792.042000	793.834000	796.052000	791.045000	795.716000	796.369000	798.034000	796.413000	796.572000
Colombian Peso	3,281.370000	3,279.060000	3,181.290000	3,164.860000	3,148.750000	3,149.390000	3,176.300000	3,123.330000	3,133.810000
Czech Koruna	30.533400	30.567000	30.322600	30.351200	30.359000	30.322700	30.331100	30.265600	NA
Danish Krone	8.274790	8.229440	8.223350	8.219760	8.207490	8.204720	8.195440	8.172610	8.183910
Hungarian Forint	283.373000	278.612000	276.788000	275.546000	275.836000	275.955000	275.810000	275.161000	275.278000
Icelandic Krona	100.228000	97.984500	97.545700	97.008300	96.825100	96.951800	96.414400	95.885600	96.325200
Indian Rupee	62.511300	62.143500	61.775300	61.774500	61.877000	61.794000	61.646600	61.784100	61.861300
Indonesian Rupiah	14,464.300000	14,327.300000	14,204.700000	14,228.200000	14,198.200000	14,226.100000	14,195.800000	14,206.400000	14,223.100000
Iranian Rial	14,353.500000	14,385.900000	14,426.100000	NA	14,482.500000	14,469.900000	14,475.300000	14,489.300000	NA
Israeli New Sheqel	6.318920	6.263740	6.284330	6.290570	6.270060	6.261660	6.257820	NA	6.246840
Kazakhstani Tenge	187.319000	187.588000	187.786000	187.912000	188.475000	188.301000	188.341000	188.523000	188.666000
Korean Won	1,429.800000	1,435.200000	1,433.630000	1,431.180000	NA	NA	NA	1,431.520000	1,433.210000
Kuwaiti Dinar	0.433144	0.434126	0.435335	0.435770	0.435097	0.434390	0.434322	0.434743	0.435396
Libyan Dinar	1.932370	1.932370	1.932370	1.932370	1.932370	1.932370	1.932370	1.932370	1.932370
Malaysian Ringgit	5.377150	5.333450	5.333930	5.337380	5.333500	5.332680	5.319940	5.314200	5.319060
Mauritian Rupee	47.270800	47.198100	47.314000	47.243400	47.233100	47.124900	46.979700	46.964900	46.985000
Mexican Peso	17.088500	16.959200	16.978000	16.968600	16.998500	16.987200	16.963400	16.973600	NA
Nepalese Rupee	100.567000	100.794000	100.611000	99.781500	100.072000	99.730700	99.768500	99.475800	99.625400
New Zealand Dollar	2.180170	2.132280	2.102500	2.091250	2.087200	2.080460	2.083750	2.086890	2.064520
Norwegian Krone	8.670470	8.590330	8.584870	8.587380	8.569570	8.589740	8.541680	8.494950	8.473790
Rial Omani	0.592157	0.593496	0.595153	0.595745	0.597482	0.596830	0.597058	0.597636	0.598534
Pakistani Rupee	93.361100	93.572500	93.833300	93.926700	94.159300	94.056600	94.092000	94.183200	94.505500
Nuevo Sol	NA	NA	NA	NA	NA	NA	NA	NA	NA
Philippine Peso	NA	NA	NA	NA	NA	NA	NA	NA	NA
Polish Zloty	4.206700	4.168840	4.155530	4.146660	4.145080	4.150960	4.155480	4.154070	4.148000
Qatar Riyal	5.605850	5.618550	5.634220	5.639840	5.656270	5.650100	5.652240	5.657710	5.666200
Russian Ruble	NA	NA	NA	NA	38.857600	38.854600	38.782200	38.798600	38.837400
Saudi Arabian Riyal	5.775270	5.788340	5.804470	5.810270	5.827200	5.820860	5.823060	5.828690	5.837440
Singapore Dollar	2.336900	2.326760	2.331230	2.331230	2.337400	2.329110	2.325800	2.322150	2.320810
South African Rand	11.073100	NA	10.958900	10.892300	NA	10.873300	10.776500	10.662600	10.694200
Sri Lanka Rupee	174.761000	175.256000	175.812000	175.847000	176.353000	176.177000	NA	176.403000	176.634000
Swedish Krona	10.337700	10.229900	10.146200	10.137000	10.104400	10.136000	10.120500	10.157500	10.110400
Swiss Franc	1.828060	1.825250	1.816100	1.820550	1.819490	1.816410	1.815700	1.821500	1.821280
Thai Baht	52.782700	52.889900	53.017200	53.071800	53.207600	53.127900	53.143400	53.216700	53.337000
Trinidad And Tobago Dollar	9.695940	9.693680	9.784160	9.755620	9.795570	NA	9.793260	9.843490	NA
Tunisian Dinar	NA	NA	NA	NA	NA	NA	NA	NA	NA
U.A.E. Dirham	5.655920	5.668710	5.684530	5.690190	5.706790	5.700540	5.702720	5.708220	5.716800
Peso Uruguayo	NA	NA	NA	NA	NA	NA	NA	NA	NA
Bolivar Fuerte	NA	NA	NA	NA	NA	NA	NA	NA	NA

Notes:


The value of the U.S. dollar in terms of the SDR is the reciprocal of the sum of the dollar values, based on market exchange rates, of specified quantities of the SDR basket currencies. See SDR Valuation.

These rates are the official rates used by the Fund to conduct operations with member countries. The rates are derived from the currency's representative exchange rate, as reported by the central bank, normally against the U.S. dollar at spot market rates and rounded to six significant digits. See Representative Exchange Rates for Selected Currencies.

The value in terms of each national currency of the SDR (shown above) is the reciprocal of the value in terms of the SDR of each national currency, rounded to six significant digits.

Exchange rates are published daily except on IMF holidays or whenever the IMF is closed for business.
