Currency units per SDR for February 2007
Currency	February 01, 2007	February 02, 2007	February 05, 2007	February 06, 2007	February 07, 2007	February 08, 2007	February 09, 2007	February 12, 2007	February 13, 2007	February 14, 2007	February 15, 2007
Chinese Yuan	11.612300	11.609800	11.578800	11.590200	11.585800	11.583800	11.575300	11.565500	11.589800	11.607300	11.628400
Euro	1.149110	1.148900	1.153850	1.152980	1.151170	1.150160	1.147180	1.149880	1.146010	1.144100	1.142120
Japanese Yen	180.644000	180.670000	180.155000	179.421000	179.701000	180.467000	181.056000	NA	181.244000	181.521000	180.199000
U.K. Pound Sterling	0.760040	0.759821	0.762062	0.758869	0.758202	0.759278	0.766342	0.765287	0.768256	0.765544	0.766454
U.S. Dollar	1.496140	1.495860	1.491350	1.493680	1.495020	1.494180	1.492140	1.489790	1.492330	1.496710	1.500400
Algerian Dinar	NA	NA	NA	NA	NA	NA	NA	NA	NA	NA	NA
Australian Dollar	1.930250	1.935140	1.928550	1.927580	1.924090	1.911940	1.911530	1.925040	1.930580	1.918860	1.914030
Bahrain Dinar	0.562547	0.562446	0.560749	0.561624	0.562126	0.561810	0.561044	0.560161	0.561117	0.562762	0.564153
Botswana Pula	9.252580	9.250860	9.274550	9.260290	9.251380	9.229010	9.227820	9.316970	9.292210	9.290570	9.261750
Brazilian Real	NA	3.154030	3.127960	3.130150	3.113370	3.114470	3.124990	3.132270	3.153600	3.155060	3.149650
Brunei Dollar	2.297920	2.298240	2.289670	2.290110	2.290670	2.290130	2.286410	2.286820	2.302070	2.302840	2.304170
Canadian Dollar	1.758710	1.770800	1.762480	1.765530	1.771900	1.771050	1.751620	1.749900	1.743940	1.745160	1.746320
Chilean Peso	814.631000	812.361000	814.737000	817.147000	818.136000	819.813000	818.023000	813.187000	815.454000	814.120000	811.221000
Colombian Peso	NA	3,359.800000	3,342.910000	3,329.860000	3,337.440000	3,339.940000	NA	3,322.030000	3,328.510000	3,327.630000	NA
Czech Koruna	32.276200	32.395900	32.466700	32.426400	32.382100	32.450600	32.400300	32.531000	32.353800	32.336400	32.302200
Danish Krone	8.566410	8.564140	8.600600	8.594020	8.578980	8.572140	8.550150	8.570890	8.541680	8.527330	8.513460
Hungarian Forint	293.288000	293.773000	293.617000	293.299000	290.945000	291.559000	290.714000	291.178000	292.438000	289.674000	287.943000
Icelandic Krona	102.276000	102.392000	102.232000	102.272000	101.736000	101.500000	101.093000	101.499000	101.747000	101.148000	101.067000
Indian Rupee	NA	65.982600	65.783400	NA	65.915200	65.923100	65.743600	65.818900	65.916500	66.094700	66.152900
Indonesian Rupiah	13,584.900000	13,567.500000	13,548.900000	13,525.300000	13,522.400000	13,529.800000	13,506.900000	NA	13,528.000000	13,564.700000	13,578.700000
Iranian Rial	13,806.400000	NA	13,765.200000	13,788.200000	13,800.500000	13,794.300000	NA	13,755.200000	13,780.200000	13,820.600000	13,854.700000
Israeli New Sheqel	6.346630	6.352920	6.344210	6.345140	6.334410	6.324870	6.305810	6.313730	6.328990	6.329590	6.331720
Kazakhstani Tenge	189.052000	188.748000	187.224000	187.517000	187.550000	187.594000	187.383000	186.208000	NA	185.862000	185.975000
Korean Won	1,409.360000	1,403.270000	1,399.040000	1,398.980000	1,394.850000	1,392.870000	NA	NA	NA	1,403.620000	1,407.530000
Kuwaiti Dinar	0.432593	NA	0.431209	0.431883	0.432270	0.432027	NA	0.430758	0.431494	0.432758	0.433826
Libyan Dinar	1.932370	1.932370	1.932370	1.932370	1.932370	1.932370	1.932370	1.932370	1.932370	1.932370	1.932370
Malaysian Ringgit	NA	5.236260	5.220490	5.221900	5.222860	5.222910	5.212790	5.206810	NA	5.237000	5.246180
Mauritian Rupee	NA	50.080400	49.908400	49.838300	49.885800	49.762400	49.793900	49.782200	49.773300	49.831800	49.959000
Mexican Peso	16.430600	16.442700	NA	16.309800	16.351000	16.388600	16.354000	16.421500	16.403000	16.336900	16.432700
Nepalese Rupee	NA	NA	105.379000	105.543000	105.623000	105.564000	105.420000	105.253000	105.426000	NA	106.169000
New Zealand Dollar	2.165180	2.191740	2.179380	NA	2.195000	2.175880	2.179260	2.184120	2.187210	2.168520	2.161970
Norwegian Krone	9.337070	9.346930	9.369260	9.352960	9.312290	9.311160	9.327660	9.308910	9.295320	9.254630	9.231220
Rial Omani	0.575265	0.575159	0.573424	0.574320	0.574835	0.574511	0.573727	0.572823	0.573802	0.575487	0.576904
Pakistani Rupee	90.917400	90.870300	90.596100	90.738300	90.819100	90.768000	90.644600	90.501000	NA	NA	NA
Nuevo Sol	NA	NA	NA	NA	NA	NA	NA	NA	NA	NA	NA
Philippine Peso	NA	NA	NA	NA	NA	NA	NA	NA	NA	NA	NA
Polish Zloty	4.484370	4.488490	4.476440	4.467600	4.446340	4.457880	4.461800	4.482780	4.498650	4.469770	4.453650
Qatar Riyal	5.445940	5.444930	5.428530	5.437000	5.441880	5.438800	5.431390	5.422820	5.432100	5.448020	5.461470
Russian Ruble	39.630000	39.610500	39.563700	39.663700	39.624000	39.438100	39.313900	39.243100	39.361700	39.372400	39.357700
Saudi Arabian Riyal	5.610510	5.609500	5.592560	5.601300	5.606320	5.603180	5.595530	5.586690	5.596250	5.612650	5.626510
Singapore Dollar	2.297920	2.298240	2.289670	2.290110	2.290670	2.290130	2.286410	2.286820	2.302070	2.302840	2.304170
South African Rand	10.742300	10.725300	10.804800	10.762000	10.741700	10.668400	10.683700	10.845600	10.797000	10.806200	10.765400
Sri Lanka Rupee	NA	162.455000	NA	162.252000	162.585000	162.334000	162.072000	161.807000	161.997000	162.534000	163.182000
Swedish Krona	10.386900	10.418700	10.409600	10.567800	10.506200	10.481700	10.426300	10.436000	10.513500	NA	NA
Swiss Franc	1.860750	1.858160	1.865380	1.859930	1.854270	1.866680	1.865920	1.868940	1.863630	1.862660	1.857800
Thai Baht	53.566200	53.637100	53.511100	53.514000	53.527700	53.472200	53.399100	53.298700	53.382300	53.552400	53.851500
Trinidad And Tobago Dollar	9.434050	9.436370	9.432980	9.374360	9.363470	9.388530	9.365840	9.360930	9.405300	9.413710	9.393460
Tunisian Dinar	NA	NA	NA	NA	NA	NA	NA	NA	NA	NA	NA
U.A.E. Dirham	5.494570	5.493570	5.476990	5.485550	5.490460	5.487360	5.479870	5.471240	5.480590	5.496680	5.510250
Peso Uruguayo	NA	NA	NA	NA	NA	NA	NA	NA	NA	NA	NA
Bolivar Fuerte	NA	NA	NA	NA	NA	NA	NA	NA	NA	NA	NA

Currency units per SDR for February 2007 Continued

Currency	February 16, 2007	February 19, 2007	February 20, 2007	February 21, 2007	February 22, 2007	February 23, 2007	February 26, 2007	February 27, 2007	February 28, 2007
Chinese Yuan	11.615100	NA	NA	NA	NA	NA	11.634200	11.662500	11.647900
Euro	1.143760	1.142060	1.141050	1.140380	1.141890	1.140600	1.140750	1.137870	1.138990
Japanese Yen	179.130000	179.146000	179.585000	180.258000	181.113000	181.985000	181.498000	180.949000	178.279000
U.K. Pound Sterling	0.769924	0.771403	0.769663	0.768220	0.767307	0.765140	0.764719	0.766225	0.769006
U.S. Dollar	1.500500	1.499760	1.499910	1.499030	1.496560	1.498070	1.501220	1.505400	1.504720
Algerian Dinar	NA	NA	NA	NA	NA	NA	NA	NA	NA
Australian Dollar	1.912440	1.904450	1.906590	1.904010	1.891980	1.900140	1.895720	1.895970	1.909540
Bahrain Dinar	0.564188	0.563908	0.563968	0.563634	0.562705	0.563272	0.564462	0.566030	0.565774
Botswana Pula	9.285310	NA	9.224580	9.224840	9.170110	9.196250	9.215660	9.304060	9.357690
Brazilian Real	3.134250	NA	NA	3.133730	3.111940	3.109690	3.131560	3.139510	3.173600
Brunei Dollar	2.301620	NA	NA	2.298910	2.295420	2.297890	2.294320	2.299190	2.303120
Canadian Dollar	1.746130	1.745570	1.754600	1.740670	1.738400	1.735510	1.741420	1.752130	1.760520
Chilean Peso	808.878000	809.926000	809.323000	808.068000	807.676000	803.277000	804.686000	805.828000	810.169000
Colombian Peso	3,329.840000	3,332.010000	3,332.360000	3,328.980000	3,320.540000	3,317.390000	3,327.570000	3,329.130000	3,346.680000
Czech Koruna	32.304300	32.157800	32.071100	32.119700	32.241800	32.305900	32.399500	32.387100	32.234000
Danish Krone	8.527040	8.514550	8.507520	8.502030	8.513320	8.503470	8.502750	8.480970	8.488530
Hungarian Forint	288.696000	287.353000	286.993000	287.949000	287.863000	288.558000	288.730000	289.519000	290.726000
Icelandic Krona	101.044000	99.823300	99.399600	99.400600	99.700900	99.771500	98.390300	99.281200	101.313000
Indian Rupee	NA	66.094300	66.296300	66.242300	66.222500	66.334600	66.309000	66.538500	66.673800
Indonesian Rupiah	13,572.000000	13,580.300000	13,595.200000	13,591.700000	13,581.300000	13,610.000000	13,608.600000	13,654.000000	13,783.200000
Iranian Rial	NA	13,851.800000	13,854.700000	13,846.500000	13,823.700000	NA	NA	13,908.400000	NA
Israeli New Sheqel	6.306600	6.273490	6.275650	6.277940	6.260090	6.276910	6.303660	6.328710	6.336370
Kazakhstani Tenge	186.152000	NA	NA	NA	186.576000	186.540000	185.461000	186.082000	186.148000
Korean Won	1,402.520000	NA	1,403.770000	1,406.540000	1,404.970000	1,407.440000	1,407.700000	1,413.120000	1,411.870000
Kuwaiti Dinar	NA	NA	NA	NA	NA	NA	NA	0.435271	0.435074
Libyan Dinar	1.932370	1.932370	1.932370	1.932370	1.932370	1.932370	1.932370	1.932370	1.932370
Malaysian Ringgit	5.240510	NA	NA	5.239110	5.229720	5.236210	5.241230	NA	5.275540
Mauritian Rupee	NA	49.907900	49.769300	49.684000	49.531700	49.270500	NA	49.391500	49.272500
Mexican Peso	16.499200	16.464000	16.462300	16.492800	16.414700	16.538200	16.632100	16.784100	16.805000
Nepalese Rupee	NA	NA	NA	NA	NA	NA	106.332000	106.582000	106.534000
New Zealand Dollar	2.163040	2.142810	2.138150	2.137200	2.119170	2.124920	2.120370	2.119680	2.150210
Norwegian Krone	9.200900	9.186790	9.175740	9.194300	9.207590	9.200060	9.197860	9.170110	9.248550
Rial Omani	0.576944	0.576655	0.576718	0.576376	0.575427	0.576007	0.577221	0.578824	0.578563
Pakistani Rupee	91.245900	91.200900	91.210100	91.156900	91.005900	91.097900	91.290000	91.544100	91.502200
Nuevo Sol	NA	NA	NA	NA	NA	NA	NA	NA	NA
Philippine Peso	NA	NA	NA	NA	NA	NA	NA	NA	NA
Polish Zloty	4.466840	4.451270	4.433590	4.442670	4.435360	4.437290	4.439570	4.458990	4.468850
Qatar Riyal	5.461820	5.459110	5.459680	5.456460	5.447480	5.452980	5.464450	5.479660	5.477170
Russian Ruble	39.366800	39.313300	39.292300	39.269600	39.280700	NA	39.291500	39.381100	39.345400
Saudi Arabian Riyal	5.626890	5.624080	5.624680	5.621360	5.612080	5.617760	5.629580	5.645250	5.642670
Singapore Dollar	2.301620	NA	NA	2.298910	2.295420	2.297890	2.294320	2.299190	2.303120
South African Rand	NA	10.708300	10.671900	10.658100	10.573200	NA	10.651200	10.771100	10.939300
Sri Lanka Rupee	NA	163.124000	163.096000	162.971000	162.758000	163.049000	163.353000	163.716000	163.634000
Swedish Krona	NA	10.565800	10.536900	10.571900	10.614300	10.617600	10.591100	10.549100	10.566900
Swiss Franc	1.854170	1.851750	1.857340	1.857600	1.859920	1.857310	1.849510	NA	1.839820
Thai Baht	53.851700	53.577400	53.514000	53.455400	53.452500	53.536600	53.641700	53.638900	53.518300
Trinidad And Tobago Dollar	9.438410	9.430940	NA	NA	9.383420	9.413450	NA	9.489020	9.443140
Tunisian Dinar	NA	NA	NA	NA	NA	NA	NA	NA	NA
U.A.E. Dirham	5.510580	5.507850	5.508430	5.505180	5.496110	5.501670	5.513260	5.528590	5.526080
Peso Uruguayo	NA	NA	NA	NA	NA	NA	NA	NA	NA
Bolivar Fuerte	NA	NA	NA	NA	NA	NA	NA	NA	NA

Notes:


The value of the U.S. dollar in terms of the SDR is the reciprocal of the sum of the dollar values, based on market exchange rates, of specified quantities of the SDR basket currencies. See SDR Valuation.

These rates are the official rates used by the Fund to conduct operations with member countries. The rates are derived from the currency's representative exchange rate, as reported by the central bank, normally against the U.S. dollar at spot market rates and rounded to six significant digits. See Representative Exchange Rates for Selected Currencies.

The value in terms of each national currency of the SDR (shown above) is the reciprocal of the value in terms of the SDR of each national currency, rounded to six significant digits.

Exchange rates are published daily except on IMF holidays or whenever the IMF is closed for business.
