Currency units per SDR for December 2007
Currency	December 03, 2007	December 04, 2007	December 05, 2007	December 06, 2007	December 07, 2007	December 10, 2007	December 11, 2007	December 12, 2007	December 13, 2007	December 14, 2007	December 17, 2007
Chinese Yuan	11.756100	11.782700	11.737500	11.704300	11.714100	11.707100	11.682000	11.667200	11.649300	11.571000	11.554500
Euro	1.081140	1.078790	1.077810	1.083750	1.079280	1.075590	1.078920	1.079520	1.078440	1.083730	1.087930
Japanese Yen	175.367000	175.245000	174.916000	175.016000	176.033000	176.668000	177.137000	175.688000	177.254000	176.893000	177.209000
U.K. Pound Sterling	0.768291	0.770915	0.778246	0.778907	0.777532	0.775512	0.772565	0.775050	0.774773	0.776639	0.776024
U.S. Dollar	1.585600	1.590240	1.586540	1.577290	1.581040	1.583050	1.582990	1.584200	1.583480	1.572390	1.565860
Algerian Dinar	NA	NA	NA	NA	NA	NA	NA	NA	NA	NA	NA
Australian Dollar	1.802430	1.819080	1.822350	1.805710	1.801960	1.806310	1.781440	1.808450	1.793900	1.793530	1.816970
Bahrain Dinar	0.596182	0.597932	0.596538	0.593060	0.594470	0.595227	0.595203	0.595660	0.595387	0.591216	0.588765
Botswana Pula	9.523080	9.545260	9.511580	9.450550	9.422140	9.383860	9.422580	9.452240	9.470590	9.483620	9.553740
Brazilian Real	2.826960	NA	2.891470	2.830920	2.824530	NA	NA	2.794850	2.789450	2.789100	2.810880
Brunei Dollar	2.302130	2.305370	2.294610	2.283600	2.284920	2.280860	2.283620	2.285840	2.283690	2.270680	2.274570
Canadian Dollar	1.586390	1.606780	1.607320	1.596850	1.589420	1.599360	1.600090	1.601310	1.617840	1.593930	1.577290
Chilean Peso	801.327000	805.919000	803.155000	792.669000	785.762000	786.126000	787.743000	788.140000	788.874000	785.657000	779.849000
Colombian Peso	3,239.550000	3,263.460000	3,264.140000	3,212.300000	3,198.730000	3,192.640000	3,181.540000	3,177.620000	3,173.130000	NA	NA
Czech Koruna	28.359900	28.357200	28.284800	28.304500	28.234200	27.959800	28.093400	28.118000	28.301400	28.619000	28.692900
Danish Krone	8.061660	8.044410	8.037750	8.083290	8.050820	8.024650	8.049520	8.054060	8.046740	8.087080	8.118530
Hungarian Forint	274.260000	274.523000	272.377000	273.139000	272.603000	271.477000	270.897000	272.102000	271.867000	273.453000	278.098000
Icelandic Krona	97.704000	98.245300	98.730300	97.240300	97.471600	97.452600	96.942400	96.936800	96.322400	97.724000	99.729700
Indian Rupee	62.726200	62.703400	62.588800	62.255600	62.308800	62.340600	62.306500	62.354200	62.341400	61.873500	61.648100
Indonesian Rupiah	14,839.600000	14,844.900000	14,734.200000	14,574.200000	14,645.200000	14,678.000000	14,685.400000	14,745.700000	14,740.600000	14,678.200000	14,670.600000
Iranian Rial	14,836.400000	14,860.800000	14,651.700000	14,795.000000	NA	14,769.800000	14,759.800000	14,761.600000	14,773.800000	NA	14,847.500000
Israeli New Sheqel	6.090280	6.108140	6.100240	6.121450	6.126510	6.162800	6.206900	6.238580	6.218330	6.243950	6.275970
Kazakhstani Tenge	191.572000	192.149000	191.765000	190.568000	190.847000	191.169000	191.194000	191.229000	191.126000	189.897000	189.047000
Korean Won	1,467.630000	1,469.220000	1,465.330000	1,456.000000	1,459.140000	1,456.250000	1,458.570000	1,463.490000	1,467.250000	1,453.670000	1,452.650000
Kuwaiti Dinar	0.434928	0.436045	0.434552	0.432335	0.433364	0.433915	0.433582	0.433913	0.433713	0.430676	0.429360
Libyan Dinar	1.932370	1.932370	1.932370	1.932370	1.932370	1.932370	1.932370	1.932370	1.932370	1.932370	1.932370
Malaysian Ringgit	5.329180	5.332080	5.303800	5.272870	5.267230	5.262850	5.247610	5.266680	5.244470	5.214040	5.215120
Mauritian Rupee	47.075400	47.181200	47.001100	46.639000	NA	46.656400	46.648100	46.492600	46.351000	45.944300	45.531700
Mexican Peso	17.302700	17.343000	17.228500	17.092600	17.095500	17.126200	17.100200	NA	17.161100	17.020900	16.983300
Nepalese Rupee	101.399000	101.457000	100.983000	100.394000	100.633000	100.761000	100.757000	100.676000	100.630000	99.925100	99.510400
New Zealand Dollar	2.080290	2.081200	2.078250	2.046830	2.033230	2.047670	2.026100	2.048890	2.012300	2.012010	2.041810
Norwegian Krone	8.759330	8.747910	8.697850	8.719920	8.652540	8.596090	8.628720	8.589220	8.554250	8.642740	8.679580
Rial Omani	0.609663	0.611449	0.610024	0.606469	0.607910	0.608683	0.608661	0.609125	0.608847	0.604584	0.602076
Pakistani Rupee	NA	97.355800	97.128900	96.562400	96.792300	96.915200	NA	96.985700	96.941500	96.262100	NA
Nuevo Sol	NA	NA	NA	NA	NA	NA	NA	NA	NA	NA	NA
Philippine Peso	NA	NA	NA	NA	NA	NA	NA	NA	NA	NA	NA
Polish Zloty	3.921180	3.923920	3.886860	3.877770	3.877500	3.859160	3.840330	3.858960	3.859410	3.891190	3.951770
Qatar Riyal	5.771570	5.788480	5.775010	5.741320	5.755000	5.762290	5.762090	5.766480	5.763850	5.723480	5.699760
Russian Ruble	38.777300	38.918500	38.749000	38.723400	38.782100	38.765700	38.652400	38.722900	38.682200	38.537900	38.686200
Saudi Arabian Riyal	5.945970	5.963420	5.949510	5.914850	5.928910	5.936440	5.936200	5.940750	5.938030	5.896440	5.871990
Singapore Dollar	2.302130	2.305370	2.294610	2.283600	2.284920	2.280860	2.283620	2.285840	2.283690	2.270680	2.274570
South African Rand	10.821700	10.829600	NA	10.670400	10.624600	10.574800	10.629800	10.677500	NA	10.715800	NA
Sri Lanka Rupee	175.207000	175.723000	175.163000	172.891000	171.505000	171.466000	172.321000	172.645000	172.576000	171.361000	170.674000
Swedish Krona	10.116100	10.221300	10.126100	10.161700	10.154200	10.194800	10.099500	10.186400	10.158000	10.149700	NA
Swiss Franc	1.790930	1.778530	1.776610	1.788170	1.784840	1.785200	1.795590	1.795060	1.799460	1.806670	1.807320
Thai Baht	53.675400	53.818700	NA	53.377200	53.458200	53.407400	NA	53.265700	53.212700	52.840200	52.614700
Trinidad And Tobago Dollar	9.989710	10.040900	10.006500	9.916310	9.992610	9.995400	NA	9.988410	9.976060	9.936410	9.875570
Tunisian Dinar	NA	NA	NA	NA	NA	NA	NA	NA	NA	NA	NA
U.A.E. Dirham	5.823090	5.840170	5.826560	5.792600	5.806360	5.813750	5.813510	5.817980	5.815310	5.774610	5.750630
Peso Uruguayo	NA	NA	NA	NA	NA	NA	NA	NA	NA	NA	NA
Bolivar Fuerte	NA	NA	NA	NA	NA	NA	NA	NA	NA	NA	NA

Currency units per SDR for December 2007 Continued

Currency	December 18, 2007	December 19, 2007	December 20, 2007	December 21, 2007	December 24, 2007	December 26, 2007	December 27, 2007	December 28, 2007	December 31, 2007
Chinese Yuan	11.552100	11.538600	11.496500	11.497900	NA	11.484700	11.453500	11.530200	NA
Euro	1.086540	1.088390	1.087870	1.086800	1.085040	NA	1.079690	1.074380	1.073460
Japanese Yen	176.999000	177.310000	176.860000	176.676000	NA	178.935000	179.061000	179.947000	NA
U.K. Pound Sterling	0.777659	0.781458	0.785324	0.786757	0.788787	NA	0.788090	0.789316	0.788780
U.S. Dollar	1.566360	1.565650	1.560990	1.562820	1.562350	1.566860	1.567270	1.578480	1.580250
Algerian Dinar	NA	NA	NA	NA	NA	NA	NA	NA	NA
Australian Dollar	1.822620	1.814620	1.819760	1.812800	NA	NA	1.789940	1.807280	1.792480
Bahrain Dinar	0.588952	0.588685	0.586930	0.587620	0.587444	0.589140	0.589296	0.593507	0.594174
Botswana Pula	9.539350	9.523450	9.594260	9.617330	9.584970	NA	9.515920	9.486050	9.502360
Brazilian Real	NA	2.831170	2.811490	2.816810	2.805670	2.804830	2.787710	2.788070	2.797830
Brunei Dollar	2.286260	2.281310	NA	2.280150	2.271970	2.275710	2.275530	2.286270	2.277450
Canadian Dollar	1.582810	1.574420	NA	NA	1.542200	NA	1.537650	1.544540	1.561440
Chilean Peso	784.591000	781.293000	780.165000	778.047000	NA	776.536000	776.566000	782.644000	NA
Colombian Peso	3,142.880000	3,143.800000	NA	NA	3,113.890000	3,117.580000	3,115.440000	NA	NA
Czech Koruna	28.628400	28.626400	28.672200	28.741700	NA	NA	28.723400	28.564200	28.567800
Danish Krone	8.107800	8.120900	8.117740	8.110100	NA	NA	8.051080	8.011280	8.020210
Hungarian Forint	277.027000	276.354000	276.451000	276.306000	NA	NA	274.774000	272.461000	NA
Icelandic Krona	98.727400	99.090400	99.294000	99.692000	NA	NA	99.067800	97.897200	97.975800
Indian Rupee	61.980900	61.921400	61.768400	NA	NA	NA	61.797400	62.255300	62.277700
Indonesian Rupiah	14,777.100000	14,701.500000	NA	NA	NA	NA	14,743.300000	14,867.700000	NA
Iranian Rial	14,784.900000	14,765.700000	14,745.100000	NA	14,726.700000	14,737.900000	14,668.100000	NA	14,667.900000
Israeli New Sheqel	6.224710	6.171810	6.154980	6.116840	6.055690	6.142090	6.066930	6.088210	6.077620
Kazakhstani Tenge	189.107000	189.021000	NA	188.569000	NA	189.339000	189.546000	190.980000	190.104000
Korean Won	1,460.630000	NA	1,466.860000	1,470.920000	1,474.550000	1,470.180000	1,471.510000	1,482.030000	1,482.590000
Kuwaiti Dinar	NA	0.429302	0.428024	0.428524	0.428866	0.430102	0.429120	0.432188	0.431408
Libyan Dinar	1.932370	1.932370	1.932370	1.932370	1.932370	1.932370	1.932370	1.932370	1.932370
Malaysian Ringgit	5.246530	5.241040	NA	5.235440	5.215120	5.234090	5.233140	5.247660	5.225100
Mauritian Rupee	45.317800	45.112900	44.862000	44.744700	NA	44.601600	44.535700	44.672800	44.588500
Mexican Peso	17.003300	16.973500	NA	NA	16.894000	16.938500	17.030300	17.212200	17.249500
Nepalese Rupee	99.542100	99.497500	99.450000	99.458000	99.428300	99.714800	99.615500	100.312000	100.425000
New Zealand Dollar	2.076030	2.073710	2.066440	2.053090	2.044430	NA	2.044180	2.047050	2.041670
Norwegian Krone	8.720600	8.749060	8.735610	8.731260	NA	NA	8.632670	8.567070	8.550740
Rial Omani	0.602265	0.601993	0.600200	0.600904	0.600723	0.602457	0.602617	0.606925	0.607607
Pakistani Rupee	95.893800	95.850600	95.564800	95.676400	95.648000	95.924200	95.950000	96.635200	NA
Nuevo Sol	NA	NA	NA	NA	NA	NA	NA	NA	NA
Philippine Peso	NA	NA	NA	NA	NA	NA	NA	NA	NA
Polish Zloty	NA	3.932130	3.940250	3.933290	3.921510	NA	3.910190	3.877700	3.847900
Qatar Riyal	5.701550	5.698980	5.681980	5.688640	5.686960	5.703370	5.704860	5.745670	5.752120
Russian Ruble	38.726100	38.715600	38.639000	38.638200	38.620600	38.704300	38.615600	38.735500	38.789200
Saudi Arabian Riyal	5.873850	5.871200	5.853700	5.860570	5.858810	5.875720	5.877270	5.919300	5.925930
Singapore Dollar	2.286260	2.281310	NA	2.280150	2.271970	2.275710	2.275530	2.286270	2.277450
South African Rand	10.823600	NA	NA	10.939700	NA	NA	10.798500	10.733700	10.761500
Sri Lanka Rupee	170.711000	170.623000	170.100000	NA	NA	NA	169.681000	171.572000	171.804000
Swedish Krona	10.298800	NA	NA	NA	NA	NA	10.222500	10.208800	NA
Swiss Franc	1.805080	1.804420	1.808400	NA	1.804520	NA	1.801740	1.781950	1.778570
Thai Baht	52.683200	52.696800	52.539800	52.602800	NA	52.806100	52.857800	53.393700	53.328500
Trinidad And Tobago Dollar	9.859310	9.860670	9.837480	9.848240	9.865140	NA	NA	9.930490	9.979940
Tunisian Dinar	NA	NA	NA	NA	NA	NA	NA	NA	NA
U.A.E. Dirham	5.752450	5.749870	5.732730	5.739440	5.737730	5.754270	5.755790	5.796970	NA
Peso Uruguayo	NA	NA	NA	NA	NA	NA	NA	NA	NA
Bolivar Fuerte	NA	NA	NA	NA	NA	NA	NA	NA	NA

Notes:


The value of the U.S. dollar in terms of the SDR is the reciprocal of the sum of the dollar values, based on market exchange rates, of specified quantities of the SDR basket currencies. See SDR Valuation.

These rates are the official rates used by the Fund to conduct operations with member countries. The rates are derived from the currency's representative exchange rate, as reported by the central bank, normally against the U.S. dollar at spot market rates and rounded to six significant digits. See Representative Exchange Rates for Selected Currencies.

The value in terms of each national currency of the SDR (shown above) is the reciprocal of the value in terms of the SDR of each national currency, rounded to six significant digits.

Exchange rates are published daily except on IMF holidays or whenever the IMF is closed for business.
