Currency units per SDR for April 2007
Currency	April 02, 2007	April 03, 2007	April 04, 2007	April 05, 2007	April 06, 2007	April 09, 2007	April 10, 2007	April 11, 2007	April 12, 2007	April 13, 2007	April 16, 2007
Chinese Yuan	11.704700	11.694800	11.697600	11.688600	11.681900	11.680900	11.708500	11.707600	11.715500	11.756800	11.750500
Euro	1.132780	1.132930	1.132650	1.131190	NA	NA	1.128110	1.129200	1.125930	1.124770	1.123020
Japanese Yen	178.585000	178.229000	179.814000	179.517000	179.573000	180.389000	180.313000	180.531000	180.924000	181.032000	181.842000
U.K. Pound Sterling	0.767207	0.765990	0.766313	0.767536	NA	NA	0.768049	0.766354	0.767201	0.766383	0.763977
U.S. Dollar	1.514080	1.513370	1.512310	1.512740	1.512200	1.511300	1.514600	1.515160	1.516300	1.522040	1.521690
Algerian Dinar	NA	NA	NA	NA	NA	NA	NA	NA	NA	NA	NA
Australian Dollar	1.860270	1.858260	1.862460	1.852260	NA	NA	1.839670	1.837670	1.838830	1.828490	1.830050
Bahrain Dinar	0.569295	0.569026	0.568631	0.568789	0.568586	0.568250	0.569489	0.569700	0.570129	0.572285	0.572154
Botswana Pula	9.451170	9.411500	9.375760	9.343700	NA	NA	9.343610	9.335500	9.388790	9.424360	9.375760
Brazilian Real	3.103260	3.097860	3.079680	3.072830	NA	3.071720	3.063730	NA	3.081870	3.099330	3.077310
Brunei Dollar	2.297460	2.297890	2.294940	2.288320	NA	2.286300	2.296590	2.300160	2.303860	2.308330	2.303690
Canadian Dollar	1.750420	1.751420	1.751870	NA	NA	1.741320	1.738760	1.734860	1.722970	1.732080	1.721030
Chilean Peso	816.407000	816.747000	813.412000	813.140000	NA	811.280000	810.991000	810.504000	807.807000	810.517000	809.566000
Colombian Peso	3,316.290000	3,313.020000	3,283.940000	NA	NA	3,274.890000	3,278.420000	NA	3,267.020000	3,276.420000	3,254.500000
Czech Koruna	31.650300	31.729200	31.633100	31.613300	31.441600	NA	31.530900	31.613800	31.485800	31.454500	31.409200
Danish Krone	8.439600	8.441880	8.442810	NA	NA	NA	8.411140	8.417930	8.394680	8.385250	8.371560
Hungarian Forint	280.135000	279.958000	278.432000	278.208000	277.246000	NA	277.929000	276.380000	276.769000	276.539000	275.440000
Icelandic Krona	99.990000	100.351000	100.690000	NA	NA	NA	101.402000	100.712000	NA	100.044000	99.275300
Indian Rupee	NA	65.271600	64.878200	65.274600	NA	64.804600	64.915700	64.954900	64.988200	65.052100	64.367500
Indonesian Rupiah	13,793.300000	13,801.900000	13,769.600000	13,781.100000	NA	13,745.300000	13,778.300000	13,803.100000	13,798.300000	13,865.800000	13,844.300000
Iranian Rial	NA	13,988.000000	13,978.300000	13,982.300000	NA	13,969.000000	14,002.500000	14,007.600000	14,019.700000	NA	14,068.000000
Israeli New Sheqel	NA	NA	6.253440	6.246100	NA	NA	6.246210	6.222740	6.165270	6.193180	6.156760
Kazakhstani Tenge	187.503000	186.658000	186.846000	186.975000	186.560000	186.585000	186.341000	186.152000	185.625000	185.826000	185.342000
Korean Won	1,424.440000	1,420.750000	1,416.740000	1,415.930000	1,413.600000	1,407.320000	1,413.270000	1,413.030000	1,415.920000	1,417.930000	1,415.320000
Kuwaiti Dinar	0.437780	0.437574	0.437271	0.437394	NA	0.436977	0.437932	0.438093	0.438422	NA	0.439980
Libyan Dinar	1.932370	1.932370	1.932370	1.932370	1.932370	1.932370	1.932370	1.932370	1.932370	1.932370	1.932370
Malaysian Ringgit	5.229630	5.240790	5.228070	5.225020	5.216020	5.208710	5.223840	5.224250	5.233490	5.238560	5.230810
Mauritian Rupee	49.019600	49.029500	48.835800	48.793600	48.798100	48.762600	48.845500	48.832200	48.757900	48.978300	48.839100
Mexican Peso	16.705700	16.616300	16.631800	NA	NA	16.579700	16.679700	16.642500	16.699700	16.729800	16.716600
Nepalese Rupee	105.213000	105.164000	104.350000	104.122000	104.417000	NA	NA	NA	NA	NA	NA
New Zealand Dollar	2.118180	2.090280	2.101600	2.096950	NA	NA	2.104200	2.078690	2.080820	2.072500	2.053840
Norwegian Krone	9.241800	9.256000	9.267150	NA	NA	NA	9.144360	9.138680	9.107140	9.108960	9.088020
Rial Omani	0.582164	0.581889	0.581487	0.581649	0.581439	0.581095	0.582364	0.582577	0.583016	0.585223	0.585090
Pakistani Rupee	91.916000	91.872900	91.808800	NA	91.862800	91.808800	92.009000	92.042900	92.112400	92.461600	92.415500
Nuevo Sol	NA	NA	NA	NA	NA	NA	NA	NA	NA	NA	NA
Philippine Peso	NA	NA	NA	NA	NA	NA	NA	NA	NA	NA	NA
Polish Zloty	4.380220	4.361060	4.362430	4.348530	4.329270	NA	4.339790	4.319560	4.321300	4.323350	4.293740
Qatar Riyal	5.511250	5.508640	5.504820	5.506370	5.504400	5.501160	5.513140	5.515170	5.519310	5.540230	5.538940
Russian Ruble	39.358000	NA	39.334500	39.311700	NA	NA	NA	NA	NA	39.312200	39.254300
Saudi Arabian Riyal	5.677790	5.675110	5.671180	5.672760	5.670730	5.667390	5.679750	5.681850	5.686120	5.707660	5.706330
Singapore Dollar	2.297460	2.297890	2.294940	2.288320	NA	2.286300	2.296590	2.300160	2.303860	2.308330	2.303690
South African Rand	NA	10.926500	10.850900	10.793400	NA	NA	10.799100	10.787900	10.871800	10.943500	10.834400
Sri Lanka Rupee	NA	165.005000	163.850000	163.941000	NA	163.680000	164.179000	165.003000	165.799000	NA	166.448000
Swedish Krona	10.594800	10.601100	10.590000	10.509800	NA	NA	10.465900	10.454600	10.443500	10.426000	10.400700
Swiss Franc	1.839150	1.842520	1.846540	1.846600	NA	NA	1.847050	1.849700	1.849430	1.839840	1.845050
Thai Baht	53.024500	52.951200	52.906700	52.914300	52.808900	NA	52.906400	52.912300	53.038600	NA	NA
Trinidad And Tobago Dollar	NA	9.554020	9.519000	9.510860	NA	NA	NA	9.546270	9.571480	9.591590	9.612800
Tunisian Dinar	NA	NA	NA	NA	NA	NA	NA	NA	NA	NA	NA
U.A.E. Dirham	5.560440	5.557840	5.553980	5.555520	5.553550	5.550250	5.562350	5.564400	5.568610	5.589680	5.588400
Peso Uruguayo	NA	NA	NA	NA	NA	NA	NA	NA	NA	NA	NA
Bolivar Fuerte	NA	NA	NA	NA	NA	NA	NA	NA	NA	NA	NA

Currency units per SDR for April 2007 Continued

Currency	April 17, 2007	April 18, 2007	April 19, 2007	April 20, 2007	April 23, 2007	April 24, 2007	April 25, 2007	April 26, 2007	April 27, 2007	April 30, 2007
Chinese Yuan	11.766600	11.790100	11.780100	11.783600	11.775200	11.780400	11.795000	11.772300	11.769400	11.744600
Euro	1.123360	1.124300	1.121930	1.121400	1.123780	1.122160	1.119350	1.121600	1.118330	1.120310
Japanese Yen	182.036000	181.222000	180.519000	181.033000	181.221000	180.563000	180.891000	180.887000	182.478000	182.292000
U.K. Pound Sterling	0.760485	0.759134	0.762893	0.761591	0.761528	0.761794	0.762143	0.763301	0.763400	0.764152
U.S. Dollar	1.522040	1.526470	1.525940	1.525780	1.523510	1.524120	1.527800	1.524930	1.525730	1.524180
Algerian Dinar	NA	NA	NA	NA	NA	NA	NA	NA	NA	NA
Australian Dollar	1.828720	1.825260	1.833620	1.829030	NA	1.847420	NA	NA	1.849380	1.843470
Bahrain Dinar	0.572285	0.573951	0.573753	0.573691	0.572839	0.573069	0.574452	0.573371	0.573677	0.573092
Botswana Pula	9.320530	9.347630	9.367330	9.303540	9.323840	9.344750	9.298780	9.292640	9.326010	9.362330
Brazilian Real	NA	NA	NA	NA	3.085710	3.091230	NA	3.084620	NA	3.099430
Brunei Dollar	2.303760	2.308940	2.304780	2.304230	2.304310	2.309660	2.309420	2.306300	2.314080	2.316460
Canadian Dollar	1.718990	1.723080	1.722180	1.712990	1.710450	1.711440	1.702730	1.708220	1.701650	1.686810
Chilean Peso	807.454000	807.931000	807.696000	808.878000	805.159000	805.192000	808.355000	804.473000	804.810000	803.368000
Colombian Peso	NA	NA	3,278.420000	NA	3,232.010000	3,224.370000	NA	3,221.580000	NA	3,217.050000
Czech Koruna	31.416400	31.480400	31.437400	31.440100	31.495600	31.494500	31.468000	31.530900	31.489600	31.509500
Danish Krone	8.374860	8.380190	8.361410	8.357010	8.374580	8.362530	8.340350	8.356730	8.331600	8.346900
Hungarian Forint	276.463000	275.543000	277.675000	275.509000	275.252000	276.202000	275.522000	274.639000	276.203000	275.923000
Icelandic Krona	99.282200	99.159100	99.124700	98.503700	98.251100	98.336200	97.870300	97.976800	98.180700	97.761300
Indian Rupee	63.514600	63.943900	64.318200	64.067200	63.484800	63.464700	62.593900	62.186300	62.661700	62.933500
Indonesian Rupiah	13,836.900000	13,868.000000	13,870.800000	13,880.000000	13,857.800000	13,860.400000	13,887.700000	13,846.300000	13,868.900000	13,844.200000
Iranian Rial	14,071.300000	14,110.700000	NA	NA	14,089.400000	14,098.100000	14,132.100000	NA	NA	14,098.700000
Israeli New Sheqel	6.185550	6.211180	6.219720	6.209910	6.196130	NA	6.155470	6.121070	6.130420	6.133310
Kazakhstani Tenge	185.384000	186.260000	186.546000	185.962000	184.451000	184.297000	184.940000	184.379000	184.126000	182.932000
Korean Won	1,414.430000	1,419.770000	1,417.140000	1,415.160000	1,411.530000	1,412.250000	1,415.960000	1,413.300000	1,416.650000	1,416.580000
Kuwaiti Dinar	0.440083	0.441363	0.441211	0.441162	0.440507	0.440686	0.441747	0.440917	NA	0.440703
Libyan Dinar	1.932370	1.932370	1.932370	1.932370	1.932370	1.932370	1.932370	1.932370	1.932370	1.932370
Malaysian Ringgit	5.228680	5.237300	5.226350	5.224250	5.214990	5.218610	5.225830	NA	5.220000	5.217270
Mauritian Rupee	48.727700	NA	48.792200	48.735100	48.628000	48.536100	48.467500	48.328800	48.169300	48.173300
Mexican Peso	16.728900	16.778900	16.792700	16.751500	16.703300	16.773400	16.709300	16.669300	16.677000	16.656000
Nepalese Rupee	102.601000	102.121000	102.467000	NA	101.923000	101.964000	102.026000	100.249000	99.706900	100.131000
New Zealand Dollar	2.060150	2.044840	2.043310	2.047470	2.036780	2.044710	NA	2.050740	2.061250	2.065010
Norwegian Krone	9.075650	9.118010	9.096120	9.091820	9.110460	9.092890	9.138350	9.105640	9.101000	9.104230
Rial Omani	0.585223	0.586927	0.586724	0.586662	0.585789	0.586026	0.587437	0.586335	0.586644	0.586050
Pakistani Rupee	92.436800	92.705000	92.673300	92.663800	92.525800	92.563500	92.785900	NA	NA	92.470200
Nuevo Sol	NA	NA	NA	NA	NA	NA	NA	NA	NA	NA
Philippine Peso	NA	NA	NA	NA	NA	NA	NA	NA	NA	NA
Polish Zloty	4.298390	4.274870	4.283460	4.256010	4.245420	4.256120	4.238260	4.219160	4.236500	4.246230
Qatar Riyal	5.540230	5.556360	5.554410	5.553830	5.545570	5.547820	5.561180	5.550740	5.553670	5.548030
Russian Ruble	39.267700	39.301800	39.316800	39.249100	39.248200	39.285800	39.256300	39.180500	39.279500	39.148700
Saudi Arabian Riyal	5.707660	5.724260	5.722260	5.721670	5.713180	5.715460	5.729250	5.718470	5.721510	5.715690
Singapore Dollar	2.303760	2.308940	2.304780	2.304230	2.304310	2.309660	2.309420	2.306300	2.314080	2.316460
South African Rand	10.776000	NA	10.811300	10.680400	10.725500	10.767900	10.725100	10.659200	NA	10.768400
Sri Lanka Rupee	166.777000	NA	167.538000	168.409000	167.433000	167.427000	168.013000	167.757000	167.967000	167.968000
Swedish Krona	NA	NA	NA	NA	NA	10.333600	10.297300	10.247500	10.256700	10.269200
Swiss Franc	1.843190	1.837100	1.835700	1.841920	NA	1.838700	1.837330	1.840280	NA	1.842430
Thai Baht	NA	NA	53.061400	53.033000	52.987700	53.085300	53.225500	53.069000	NA	53.085900
Trinidad And Tobago Dollar	9.554930	9.588920	9.590670	9.604030	9.586720	9.595270	9.653260	9.637350	9.639110	9.605590
Tunisian Dinar	NA	NA	NA	NA	NA	NA	NA	NA	NA	NA
U.A.E. Dirham	5.589680	5.605950	5.604000	5.603400	5.595090	5.597350	5.610820	5.600300	5.603250	5.597570
Peso Uruguayo	NA	NA	NA	NA	NA	NA	NA	NA	NA	NA
Bolivar Fuerte	NA	NA	NA	NA	NA	NA	NA	NA	NA	NA

Notes:


The value of the U.S. dollar in terms of the SDR is the reciprocal of the sum of the dollar values, based on market exchange rates, of specified quantities of the SDR basket currencies. See SDR Valuation.

These rates are the official rates used by the Fund to conduct operations with member countries. The rates are derived from the currency's representative exchange rate, as reported by the central bank, normally against the U.S. dollar at spot market rates and rounded to six significant digits. See Representative Exchange Rates for Selected Currencies.

The value in terms of each national currency of the SDR (shown above) is the reciprocal of the value in terms of the SDR of each national currency, rounded to six significant digits.

Exchange rates are published daily except on IMF holidays or whenever the IMF is closed for business.
