Currency units per SDR for August 2008
Currency	August 01, 2008	August 04, 2008	August 05, 2008	August 06, 2008	August 07, 2008	August 08, 2008	August 11, 2008	August 12, 2008	August 13, 2008	August 14, 2008	August 15, 2008
Chinese Yuan	11.082200	11.087800	11.058800	11.046800	11.040000	10.925400	10.905300	10.857100	10.843200	10.842300	10.774600
Euro	1.039980	1.040310	1.042420	1.041540	1.040900	1.056770	1.058360	1.060780	1.060190	1.059780	1.065600
Japanese Yen	174.308000	174.161000	174.678000	174.783000	176.176000	174.589000	174.658000	174.197000	171.904000	172.832000	173.119000
U.K. Pound Sterling	0.819954	0.822795	0.825818	0.825062	0.825457	0.828075	0.826774	0.831131	0.842219	0.843739	0.845144
U.S. Dollar	1.619660	1.619350	1.614400	1.612090	1.610380	1.592970	1.588810	1.581310	1.580000	1.579820	1.569520
Algerian Dinar	NA	NA	NA	NA	NA	NA	NA	NA	NA	NA	NA
Australian Dollar	1.727820	NA	1.750780	1.756280	1.767900	1.779250	1.794250	1.809070	1.825320	1.815250	1.816790
Bahrain Dinar	0.608991	0.608872	0.607013	0.606145	0.605503	0.598957	NA	0.594569	0.594078	NA	NA
Botswana Pula	10.180100	10.133600	10.250100	10.268100	10.316400	10.445700	10.425300	10.423900	10.505300	10.441600	NA
Brazilian Real	2.536060	2.523750	2.526690	2.534850	2.540220	2.522460	2.562430	2.552220	2.552170	2.559780	2.542000
Brunei Dollar	2.218130	2.217210	2.218670	2.220490	2.227970	2.227930	2.235460	2.230430	2.220210	2.226280	2.219150
Canadian Dollar	1.660640	NA	1.683170	1.687860	1.692670	1.700970	1.696210	1.682510	1.683800	1.677770	1.665110
Chilean Peso	820.587000	819.323000	824.701000	824.294000	826.515000	815.341000	821.922000	821.612000	821.187000	818.203000	NA
Colombian Peso	2,916.270000	2,882.390000	2,859.600000	2,856.880000	NA	2,840.130000	2,885.680000	2,880.760000	2,901.280000	2,929.240000	2,909.030000
Czech Koruna	24.957400	24.954100	24.939200	24.974500	25.094600	25.579900	25.498800	25.405300	25.382700	25.793700	26.087000
Danish Krone	7.758010	7.761200	7.777020	7.771090	7.766090	7.883580	7.895090	7.913150	7.908390	7.905080	7.947930
Hungarian Forint	242.852000	242.368000	245.098000	246.198000	244.827000	247.659000	248.808000	252.914000	250.098000	251.617000	255.299000
Icelandic Krona	128.569000	NA	127.828000	127.049000	128.170000	131.882000	129.424000	129.635000	129.971000	127.981000	129.046000
Indian Rupee	68.625200	68.660100	68.256600	67.707600	67.459100	67.223300	66.729800	67.047500	67.418600	67.647600	NA
Indonesian Rupiah	14,708.200000	14,736.000000	14,668.400000	14,610.400000	14,677.000000	14,567.700000	14,637.700000	14,513.200000	14,485.400000	12,649.600000	14,416.100000
Iranian Rial	NA	15,043.700000	15,073.600000	15,058.500000	15,029.700000	NA	15,007.900000	15,058.800000	15,055.800000	15,055.600000	NA
Israeli New Sheqel	5.693110	5.737330	5.740790	5.722920	5.697550	5.715560	5.665690	5.675300	5.678530	5.663640	5.634600
Kazakhstani Tenge	194.651000	194.597000	193.954000	193.628000	193.294000	191.284000	190.752000	189.978000	189.868000	189.657000	188.578000
Korean Won	1,638.290000	1,641.690000	1,641.680000	1,639.980000	1,636.960000	1,617.820000	1,625.830000	1,634.440000	1,632.770000	1,639.530000	NA
Kuwaiti Dinar	NA	0.430422	0.429430	0.428816	0.429006	0.424367	0.424371	0.422524	0.422176	0.422126	0.419377
Libyan Dinar	1.932370	1.932370	1.932370	1.932370	1.932370	1.932370	NA	1.932370	1.932370	NA	NA
Malaysian Ringgit	5.282540	5.287980	5.277460	5.282010	5.288490	5.251220	5.268480	5.271290	5.240840	5.261580	5.244550
Mauritian Rupee	43.412000	43.408400	43.336200	43.318700	43.523100	43.262900	43.415000	43.517800	43.751800	44.050300	NA
Mexican Peso	16.148800	16.085800	16.011600	16.037900	16.084000	16.137600	16.093900	16.064500	16.110900	16.048700	16.003800
Nepalese Rupee	110.315000	109.954000	109.618000	109.300000	108.379000	107.127000	107.086000	106.817000	107.361000	108.059000	107.748000
New Zealand Dollar	2.213560	2.226520	2.215140	2.220200	2.235710	2.233240	2.264230	2.264510	2.277970	2.256240	2.239940
Norwegian Krone	8.315660	8.321960	8.372260	8.361410	8.324110	8.445090	8.464250	8.499070	8.477310	8.484570	NA
Rial Omani	0.622758	0.622638	0.620736	0.619848	0.619191	0.612497	0.610896	0.608014	0.607508	NA	0.603482
Pakistani Rupee	115.776000	116.462000	116.372000	116.811000	116.779000	115.546000	116.208000	116.507000	118.373000	118.360000	120.041000
Nuevo Sol	NA	NA	NA	NA	NA	NA	NA	NA	NA	NA	NA
Philippine Peso	NA	NA	NA	NA	NA	NA	NA	NA	NA	NA	NA
Polish Zloty	3.347030	3.335860	3.354230	3.365240	3.377780	3.424080	3.435010	3.491210	3.462570	3.512410	NA
Qatar Riyal	5.895570	5.894420	5.876410	5.867990	5.861800	5.798410	5.783260	5.755960	5.751190	NA	5.713080
Russian Ruble	38.013000	37.899000	37.834100	37.906900	37.975500	38.037300	39.036600	38.492800	38.166300	38.373900	38.461800
Saudi Arabian Riyal	6.073750	6.072570	6.054000	6.045330	6.038940	5.973640	5.958020	5.929900	5.924980	NA	NA
Singapore Dollar	2.218130	2.217210	2.218670	2.220490	2.227970	2.227930	2.235460	2.230430	2.220210	2.226280	2.219150
South African Rand	11.823500	11.667400	11.922300	11.969800	11.965200	12.273800	12.233800	12.278800	12.363500	12.306800	12.477700
Sri Lanka Rupee	174.374000	174.293000	173.871000	173.756000	173.613000	171.702000	171.134000	170.254000	170.025000	170.001000	169.015000
Swedish Krona	9.807090	9.845620	9.831680	9.817590	9.803250	9.864460	9.973770	9.978050	NA	9.925160	9.962540
Swiss Franc	NA	1.697080	1.700930	1.697370	1.699600	1.715630	1.714010	1.724570	1.723620	1.719000	1.724440
Thai Baht	54.315400	54.316200	54.155000	54.171200	54.146000	53.577900	53.500000	53.247300	NA	53.203400	52.888200
Trinidad And Tobago Dollar	NA	NA	10.051100	10.002900	10.039800	9.914440	9.883860	9.811710	9.839610	9.831200	9.772780
Tunisian Dinar	NA	NA	NA	NA	NA	NA	NA	NA	NA	NA	NA
U.A.E. Dirham	5.948200	5.947040	5.928880	5.920380	5.914150	5.850180	5.834920	5.807340	5.802550	NA	5.764090
Peso Uruguayo	NA	NA	NA	NA	NA	NA	NA	NA	NA	NA	NA
Bolivar Fuerte	NA	NA	3.462230	3.457290	3.453630	3.416280	NA	NA	NA	NA	NA

Currency units per SDR for August 2008 Continued

Currency	August 18, 2008	August 19, 2008	August 20, 2008	August 21, 2008	August 22, 2008	August 25, 2008	August 26, 2008	August 27, 2008	August 28, 2008	August 29, 2008
Chinese Yuan	10.782300	10.774300	10.759100	10.794100	10.778100	10.775300	10.690400	10.761100	10.740100	10.729300
Euro	1.067930	1.070120	1.065570	1.063430	1.064780	1.066840	1.070640	1.065150	1.064170	1.065410
Japanese Yen	172.998000	172.768000	172.497000	172.818000	171.312000	173.719000	171.062000	171.888000	171.336000	171.273000
U.K. Pound Sterling	0.841609	0.843106	0.845773	0.845695	0.848205	NA	0.852428	0.851927	0.856568	0.858369
U.S. Dollar	1.570280	1.570620	1.570010	1.575360	1.576730	1.575400	1.562930	1.572910	1.571890	1.569880
Algerian Dinar	NA	NA	NA	NA	NA	NA	NA	NA	NA	NA
Australian Dollar	1.797280	1.810520	1.800260	1.804750	1.791130	1.824860	1.821590	1.832590	1.812810	1.817200
Bahrain Dinar	0.590427	0.590552	NA	0.592336	0.592849	0.592350	0.587661	0.591415	0.591031	0.590273
Botswana Pula	10.392300	10.463800	10.390500	10.364200	10.352800	10.371300	10.398700	10.423500	10.334600	10.334900
Brazilian Real	2.572270	2.566550	2.564610	2.551930	2.544060	2.553570	2.542410	2.574380	2.547250	2.551680
Brunei Dollar	2.217710	2.219760	2.211670	2.228820	2.217040	2.235650	2.221080	2.228810	2.221700	2.222940
Canadian Dollar	1.665280	1.665960	1.668610	1.647200	1.648940	1.648500	1.638420	1.649350	1.654570	1.668150
Chilean Peso	809.055000	815.654000	821.868000	820.432000	820.264000	819.289000	814.319000	822.869000	817.241000	810.793000
Colombian Peso	2,955.440000	2,956.080000	2,970.440000	2,962.770000	2,939.440000	2,949.260000	2,928.830000	2,976.040000	2,967.270000	2,995.280000
Czech Koruna	26.181300	26.103700	26.008700	25.922600	25.946700	26.036600	26.252500	26.130700	26.282000	26.348800
Danish Krone	7.965400	7.981610	7.947990	7.932600	7.943060	7.958110	7.985940	7.944960	7.937070	7.945780
Hungarian Forint	253.631000	253.309000	NA	248.813000	248.619000	250.347000	250.865000	251.665000	253.137000	253.990000
Icelandic Krona	128.622000	129.655000	129.808000	130.109000	128.551000	128.694000	130.395000	129.655000	129.634000	130.143000
Indian Rupee	67.883100	NA	68.640800	68.654400	68.398500	68.655900	68.878100	68.783400	68.738400	68.745100
Indonesian Rupiah	NA	14,435.600000	14,408.000000	14,403.600000	14,420.800000	14,426.000000	14,346.100000	14,415.700000	14,393.800000	14,369.100000
Iranian Rial	15,005.600000	15,054.400000	15,007.700000	15,016.400000	NA	15,043.500000	15,060.400000	15,054.300000	15,032.000000	NA
Israeli New Sheqel	5.604340	5.616530	5.614350	5.570470	5.480710	5.535960	5.521810	5.609000	5.628920	5.638980
Kazakhstani Tenge	188.669000	188.679000	188.558000	189.044000	189.145000	188.654000	187.270000	188.498000	188.296000	187.836000
Korean Won	1,630.740000	1,639.410000	1,644.590000	1,652.710000	1,657.930000	1,661.260000	1,677.330000	1,708.340000	1,705.660000	1,698.290000
Kuwaiti Dinar	0.419579	0.419669	0.419507	0.420937	0.421303	0.420946	0.417615	0.420281	0.420007	0.419470
Libyan Dinar	1.932370	1.932370	1.932370	1.932370	1.932370	1.932370	1.932370	1.932370	1.932370	1.932370
Malaysian Ringgit	5.237660	5.241170	5.230480	5.265650	5.267070	5.305150	5.298320	5.304650	5.306700	5.321100
Mauritian Rupee	44.013700	44.143900	44.231500	44.320500	44.616400	44.668400	44.278000	44.684700	44.717300	44.743700
Mexican Peso	15.921900	15.953600	15.910900	15.927900	15.923500	15.940400	15.899700	15.952600	16.005300	16.145700
Nepalese Rupee	108.114000	108.922000	109.587000	110.354000	110.135000	109.522000	109.483000	110.890000	110.189000	110.048000
New Zealand Dollar	2.230510	2.213390	2.201050	2.208560	2.192340	2.220130	2.221330	2.262850	2.239790	2.233740
Norwegian Krone	8.515640	8.510060	8.477740	8.449010	8.447520	8.463240	8.474650	8.442450	8.425030	8.463030
Rial Omani	0.603774	0.603905	0.603668	0.605727	0.606252	0.605741	0.600947	0.604785	0.604390	0.603617
Pakistani Rupee	120.112000	117.351000	116.874000	118.517000	121.073000	120.844000	119.968000	120.130000	119.349000	119.476000
Nuevo Sol	NA	NA	NA	NA	NA	NA	NA	NA	NA	NA
Philippine Peso	NA	NA	NA	NA	NA	NA	NA	NA	NA	NA
Polish Zloty	3.552760	3.572220	3.521060	3.533540	3.506640	3.539920	3.543790	3.555570	3.566300	3.562210
Qatar Riyal	5.715820	5.717060	5.714840	5.734340	5.739310	5.734470	5.689060	5.725410	5.721670	5.714350
Russian Ruble	38.455900	38.590700	38.357800	38.283400	38.267100	38.501100	38.417200	38.696500	38.585800	38.582600
Saudi Arabian Riyal	5.888550	5.889840	5.887550	5.907620	5.912750	5.907760	5.860980	5.898420	5.894590	5.887030
Singapore Dollar	2.217710	2.219760	2.211670	2.228820	2.217040	2.235650	2.221080	2.228810	2.221700	2.222940
South African Rand	12.193200	12.211600	12.144000	12.169700	12.101400	12.138500	12.245500	12.229400	12.127100	12.095900
Sri Lanka Rupee	169.202000	169.448000	169.404000	169.984000	169.991000	169.704000	168.305000	169.517000	169.555000	169.291000
Swedish Krona	9.963430	10.040200	10.001000	9.987810	9.917580	9.992010	9.971480	10.031200	10.032600	10.051100
Swiss Franc	1.724950	1.721560	1.725750	1.725650	1.721790	1.729320	1.732040	1.719350	1.714620	1.723100
Thai Baht	53.070700	53.154500	53.361500	53.776700	53.649800	53.423400	53.295800	53.845400	53.620200	53.473100
Trinidad And Tobago Dollar	9.789240	9.766770	9.786650	9.814790	9.820190	9.816340	9.741840	9.794510	9.786270	9.766010
Tunisian Dinar	NA	NA	NA	NA	NA	NA	NA	NA	NA	NA
U.A.E. Dirham	5.766850	5.768110	5.765850	5.785530	5.790560	5.785660	5.739840	5.776510	5.772740	5.765380
Peso Uruguayo	NA	NA	NA	NA	NA	NA	NA	NA	NA	NA
Bolivar Fuerte	NA	NA	NA	NA	NA	NA	NA	NA	NA	NA

Notes:


The value of the U.S. dollar in terms of the SDR is the reciprocal of the sum of the dollar values, based on market exchange rates, of specified quantities of the SDR basket currencies. See SDR Valuation.

These rates are the official rates used by the Fund to conduct operations with member countries. The rates are derived from the currency's representative exchange rate, as reported by the central bank, normally against the U.S. dollar at spot market rates and rounded to six significant digits. See Representative Exchange Rates for Selected Currencies.

The value in terms of each national currency of the SDR (shown above) is the reciprocal of the value in terms of the SDR of each national currency, rounded to six significant digits.

Exchange rates are published daily except on IMF holidays or whenever the IMF is closed for business.
