Currency units per SDR for November 2008
Currency	November 03, 2008	November 04, 2008	November 05, 2008	November 06, 2008	November 07, 2008	November 10, 2008	November 11, 2008	November 12, 2008	November 13, 2008	November 14, 2008	November 17, 2008
Chinese Yuan	10.177400	10.131100	10.193400	10.180300	10.147300	10.164200	10.123000	10.067100	10.054200	10.083300	10.079800
Euro	1.162350	1.157690	1.160650	1.168030	1.165090	1.155240	1.163330	1.176490	1.175380	1.164950	1.165680
Japanese Yen	NA	146.932000	149.002000	146.025000	144.755000	147.433000	145.324000	143.803000	140.739000	143.375000	143.148000
U.K. Pound Sterling	0.920260	0.935200	0.931385	0.939867	0.944876	0.943263	0.951484	0.964562	0.987498	0.994926	0.989374
U.S. Dollar	1.490370	1.484160	1.493750	1.491570	1.486190	1.489220	1.482890	1.474150	1.472170	1.476570	1.475750
Algerian Dinar	NA	NA	NA	NA	NA	NA	NA	NA	NA	NA	NA
Australian Dollar	2.186890	2.233840	2.170520	2.216300	2.210280	2.168030	2.203410	2.234570	2.302780	2.248130	2.280200
Bahrain Dinar	0.560378	0.558045	0.561649	0.560830	0.558809	0.559948	0.557569	0.554278	0.553535	0.555189	0.554880
Botswana Pula	11.580200	11.631400	11.561500	11.689400	11.795200	11.671000	11.834800	12.053500	11.910700	11.831500	11.796500
Brazilian Real	NA	3.236960	3.169590	NA	NA	3.217460	3.162570	3.243420	NA	3.441290	3.363530
Brunei Dollar	2.194860	2.205020	2.196260	2.216030	2.219630	2.212540	2.219000	2.218290	2.227680	2.231540	2.245200
Canadian Dollar	1.769810	1.706640	1.732160	1.762740	1.758910	1.778430	NA	1.812460	1.812970	1.808350	1.802040
Chilean Peso	998.452000	991.699000	960.901000	944.064000	936.075000	946.970000	933.019000	948.506000	949.956000	945.698000	944.171000
Colombian Peso	NA	3,550.530000	3,512.650000	NA	3,481.630000	3,451.040000	3,382.840000	3,362.880000	3,437.540000	3,440.140000	3,406.980000
Czech Koruna	28.224600	27.970500	28.200600	29.070700	29.243800	29.181300	29.482900	29.898600	29.709800	29.534300	NA
Danish Krone	8.652910	8.616750	8.639530	8.695270	8.674760	8.602520	8.658460	8.759940	8.754110	8.675890	8.681230
Hungarian Forint	298.729000	303.467000	299.273000	301.775000	305.948000	309.028000	311.630000	318.121000	318.665000	316.222000	311.191000
Icelandic Krona	185.521000	190.760000	190.334000	191.995000	192.744000	191.782000	199.049000	201.251000	201.584000	198.805000	199.388000
Indian Rupee	72.968200	72.160000	70.475100	71.103000	70.980400	70.470200	70.571100	71.923800	NA	73.031100	72.296600
Indonesian Rupiah	16,096.000000	16,477.200000	16,311.800000	16,553.500000	16,511.600000	16,381.400000	16,553.600000	16,983.600000	17,537.900000	17,398.400000	17,466.900000
Iranian Rial	14,951.300000	14,813.400000	14,995.800000	14,914.200000	NA	15,003.900000	14,932.800000	15,002.400000	14,980.800000	NA	13,764.300000
Israeli New Sheqel	5.591840	5.607170	5.716610	5.723150	5.671310	5.623280	5.629080	5.713800	5.782690	5.733520	5.777540
Kazakhstani Tenge	178.606000	178.011000	179.161000	178.884000	178.046000	178.513000	177.799000	176.898000	176.734000	177.380000	177.281000
Korean Won	1,903.350000	1,905.070000	1,914.240000	1,888.180000	1,962.070000	1,994.810000	1,964.090000	1,970.930000	1,981.980000	2,058.190000	2,052.030000
Kuwaiti Dinar	0.401207	0.400725	0.402567	0.401829	0.400381	0.401941	0.400234	0.399052	0.398956	0.400150	0.400813
Libyan Dinar	1.932370	1.932370	1.932370	1.932370	1.932370	1.932370	1.932370	1.932370	1.932370	1.932370	1.932370
Malaysian Ringgit	5.247580	5.256160	5.258760	5.284630	5.280440	5.269620	5.305040	5.290700	5.294650	5.303100	5.307520
Mauritian Rupee	48.000100	47.785200	48.212500	48.210900	47.881000	47.779700	47.682400	47.360800	47.535700	47.655100	47.713800
Mexican Peso	19.058100	18.531600	18.827600	19.315800	19.081500	19.039700	19.261600	19.292900	19.383000	19.231100	NA
Nepalese Rupee	118.037000	115.987000	116.737000	112.852000	113.471000	113.702000	112.611000	113.288000	115.860000	116.575000	115.772000
New Zealand Dollar	2.548940	2.507030	2.463720	2.505580	2.538330	2.494090	2.554510	2.574920	2.639710	2.575560	2.686600
Norwegian Krone	9.856680	9.911590	10.051200	10.182800	10.160800	10.037900	10.172200	10.332600	10.422100	10.196100	10.248600
Rial Omani	0.573046	0.570662	0.574346	0.573510	0.571442	0.572607	0.570174	0.566810	0.566049	0.567740	0.567424
Pakistani Rupee	120.563000	120.558000	121.223000	120.795000	120.514000	120.809000	119.545000	118.706000	118.420000	118.511000	118.164000
Nuevo Sol	NA	NA	NA	NA	NA	NA	NA	NA	NA	NA	NA
Philippine Peso	NA	NA	NA	NA	NA	NA	NA	NA	NA	NA	NA
Polish Zloty	4.128770	4.147640	4.078840	4.112420	4.224950	4.219270	NA	4.432020	4.422680	4.349530	4.342540
Qatar Riyal	5.424940	5.402370	5.437260	5.429320	5.409730	5.420760	5.397730	5.365900	5.358680	5.374700	5.371720
Russian Ruble	NA	NA	40.203800	40.140300	40.133200	40.155200	40.542100	40.495300	40.735400	40.367300	40.490600
Saudi Arabian Riyal	5.588870	5.565600	5.601580	5.593400	5.573240	5.584560	5.560840	5.528040	5.520620	5.537130	5.534060
Singapore Dollar	2.194860	2.205020	2.196260	2.216030	2.219630	2.212540	2.219000	2.218290	2.227680	2.231540	2.245200
South African Rand	14.486400	14.648700	14.340000	14.520400	14.980800	14.780500	15.110700	15.286900	15.148600	14.950300	14.949300
Sri Lanka Rupee	163.999000	163.270000	164.337000	164.079000	163.429000	163.765000	163.134000	NA	161.938000	162.487000	162.341000
Swedish Krona	11.457200	11.569100	11.550400	11.615600	11.610900	11.619700	11.622200	11.800500	11.998200	11.628000	11.695300
Swiss Franc	1.725550	1.732610	1.735740	1.745440	1.746580	1.747600	1.744330	1.748930	1.751440	1.755790	1.762630
Thai Baht	52.142000	51.892300	52.258900	52.099100	52.076300	52.162900	51.819600	51.496200	51.471300	51.722600	51.626000
Trinidad And Tobago Dollar	9.321320	9.307610	9.334710	9.335760	9.286340	9.346930	9.290660	9.234800	9.236940	9.268700	9.237280
Tunisian Dinar	NA	NA	NA	NA	NA	NA	NA	NA	NA	NA	NA
U.A.E. Dirham	5.473360	5.450600	5.485790	5.477800	5.458040	5.469170	5.445940	5.413800	5.406550	5.422700	5.419670
Peso Uruguayo	NA	NA	NA	NA	NA	NA	NA	NA	NA	NA	NA
Bolivar Fuerte	3.196240	3.182940	3.203510	3.198820	3.187290	3.193790	3.180220	3.161460	3.157200	3.166650	NA

Currency units per SDR for November 2008 Continued

Currency	November 18, 2008	November 19, 2008	November 20, 2008	November 21, 2008	November 24, 2008	November 25, 2008	November 26, 2008	November 27, 2008	November 28, 2008
Chinese Yuan	10.080300	10.079400	10.054800	10.089500	10.109800	10.154400	10.200700	10.196400	10.170100
Euro	1.166780	1.168200	1.173650	1.171920	1.158780	1.160790	1.155100	1.157420	1.169140
Japanese Yen	142.687000	142.424000	139.840000	139.120000	139.427000	143.727000	141.942000	141.991000	141.729000
U.K. Pound Sterling	0.982579	0.979432	0.991640	0.985426	0.987537	0.984436	0.974383	0.967324	0.970243
U.S. Dollar	1.476320	1.475900	1.472000	1.476860	1.480120	1.487090	1.494130	1.493070	1.487970
Algerian Dinar	NA	NA	NA	NA	NA	NA	NA	NA	NA
Australian Dollar	2.284620	2.291410	2.317740	2.387420	2.345670	2.313090	2.313600	2.295960	2.264100
Bahrain Dinar	0.555096	0.554939	0.553471	0.555300	0.556523	NA	0.561791	0.561394	0.559475
Botswana Pula	11.896200	12.028500	12.065500	12.046100	11.946000	11.764900	11.830000	NA	11.856300
Brazilian Real	3.385500	3.392800	3.497160	3.537670	3.592100	3.493460	3.443660	3.465860	3.370100
Brunei Dollar	2.253750	2.255620	2.251860	2.263580	2.264870	2.255910	2.256580	2.256920	2.242670
Canadian Dollar	1.806870	1.825690	1.892250	1.898350	1.813140	NA	1.844050	1.840800	1.840920
Chilean Peso	952.599000	953.325000	963.447000	979.605000	995.362000	1,004.630000	1,004.520000	990.021000	981.210000
Colombian Peso	3,408.320000	3,438.690000	3,447.680000	3,484.300000	3,486.730000	3,442.190000	3,447.500000	3,470.030000	NA
Czech Koruna	29.979700	30.047800	30.084600	30.104300	29.409900	29.508300	28.968100	29.128200	29.475100
Danish Krone	8.690660	8.702920	8.746610	8.735150	8.638860	8.652610	8.609480	8.625150	8.712090
Hungarian Forint	316.420000	318.219000	320.041000	311.986000	310.898000	301.700000	299.931000	301.435000	300.213000
Icelandic Krona	203.821000	205.681000	206.919000	207.602000	207.542000	208.385000	208.445000	210.657000	211.068000
Indian Rupee	73.343900	73.411200	74.365500	73.887400	74.138900	74.309700	74.482300	NA	74.160300
Indonesian Rupiah	17,605.100000	17,647.300000	18,002.500000	18,165.400000	18,353.400000	18,439.900000	18,527.200000	18,236.300000	18,080.300000
Iranian Rial	13,769.600000	13,773.100000	13,608.600000	13,653.600000	15,137.100000	15,046.300000	15,042.800000	15,065.000000	NA
Israeli New Sheqel	5.852130	5.857850	5.885050	5.939940	5.910100	5.902250	5.812160	5.821470	5.832840
Kazakhstani Tenge	177.336000	177.256000	176.846000	177.533000	177.969000	178.688000	179.534000	179.541000	179.077000
Korean Won	2,081.170000	2,103.450000	2,132.920000	2,198.150000	2,233.490000	NA	NA	2,224.520000	2,206.210000
Kuwaiti Dinar	0.400821	0.400855	0.400824	0.402149	0.403332	0.404934	0.406402	0.407905	0.406512
Libyan Dinar	1.932370	1.932370	1.932370	1.932370	1.932370	1.932370	1.932370	1.932370	1.932370
Malaysian Ringgit	5.314320	5.327250	5.334500	5.358770	5.372820	5.384740	5.411430	5.404910	5.382740
Mauritian Rupee	47.698500	47.841600	47.614300	47.765500	47.827200	47.998900	47.984900	47.769900	47.345300
Mexican Peso	19.480100	19.452300	19.983500	20.555400	19.975400	NA	19.739900	19.757000	19.823500
Nepalese Rupee	115.817000	117.482000	117.392000	119.330000	118.557000	119.264000	119.605000	118.221000	117.922000
New Zealand Dollar	2.674980	2.674700	2.718370	2.825980	2.747570	2.705270	2.726500	2.702870	2.697550
Norwegian Krone	10.384300	10.361800	10.410200	10.461800	10.357300	10.541700	10.435300	10.277800	10.428700
Rial Omani	0.567646	0.567482	0.565982	0.567853	0.569103	NA	0.574491	0.574082	0.572125
Pakistani Rupee	117.561000	117.097000	116.680000	117.128000	116.952000	117.179000	117.615000	117.597000	117.287000
Nuevo Sol	NA	NA	NA	NA	NA	NA	NA	NA	NA
Philippine Peso	NA	NA	NA	NA	NA	NA	NA	NA	NA
Polish Zloty	4.527140	4.501790	4.540380	4.452880	4.553130	4.445060	4.362390	4.336910	NA
Qatar Riyal	5.373800	5.372270	5.358050	5.375770	5.387610	NA	5.438630	5.434750	5.416210
Russian Ruble	40.495700	40.500600	40.585100	40.711800	40.942000	40.733200	40.873700	40.942200	41.076900
Saudi Arabian Riyal	5.536210	5.534620	5.519980	5.538230	5.550440	NA	5.602960	5.599010	5.579890
Singapore Dollar	2.253750	2.255620	2.251860	2.263580	2.264870	2.255910	2.256580	2.256920	2.242670
South African Rand	15.147100	15.334600	15.544300	15.425800	15.260000	14.856000	14.881500	14.758900	15.080600
Sri Lanka Rupee	162.398000	162.354000	161.920000	162.468000	162.816000	163.579000	164.367000	164.257000	163.698000
Swedish Krona	11.862200	11.833000	12.096100	12.161900	12.292400	11.855800	11.874600	11.933300	11.859100
Swiss Franc	1.771880	1.781710	1.785090	1.806640	1.800410	1.786290	1.784880	1.790190	1.800140
Thai Baht	51.662500	51.681500	51.558100	51.868800	52.154800	52.464500	52.627700	52.709800	52.592300
Trinidad And Tobago Dollar	9.236940	9.244280	9.226200	9.275840	9.259770	9.302760	9.348850	9.370490	9.332360
Tunisian Dinar	NA	NA	NA	NA	NA	NA	NA	NA	NA
U.A.E. Dirham	5.421790	5.420230	5.405900	5.423760	5.435730	5.461320	5.487180	5.483300	5.464570
Peso Uruguayo	NA	NA	NA	NA	NA	NA	NA	NA	NA
Bolivar Fuerte	NA	NA	NA	NA	NA	NA	3.204300	3.202030	3.191100

Notes:


The value of the U.S. dollar in terms of the SDR is the reciprocal of the sum of the dollar values, based on market exchange rates, of specified quantities of the SDR basket currencies. See SDR Valuation.

These rates are the official rates used by the Fund to conduct operations with member countries. The rates are derived from the currency's representative exchange rate, as reported by the central bank, normally against the U.S. dollar at spot market rates and rounded to six significant digits. See Representative Exchange Rates for Selected Currencies.

The value in terms of each national currency of the SDR (shown above) is the reciprocal of the value in terms of the SDR of each national currency, rounded to six significant digits.

Exchange rates are published daily except on IMF holidays or whenever the IMF is closed for business.
