Currency units per SDR for June 2008
Currency	June 02, 2008	June 03, 2008	June 04, 2008	June 05, 2008	June 06, 2008	June 09, 2008	June 10, 2008	June 11, 2008	June 12, 2008	June 13, 2008	June 16, 2008
Chinese Yuan	11.250400	11.264500	11.228700	11.188300	11.225700	11.298400	11.185400	11.178300	11.118300	11.083100	11.137100
Euro	1.044870	1.042510	1.046800	1.046810	1.039510	1.033850	1.041100	1.041030	1.044950	1.047100	1.043680
Japanese Yen	171.013000	169.467000	170.237000	169.936000	172.023000	171.750000	172.470000	173.516000	172.828000	173.269000	174.653000
U.K. Pound Sterling	0.826323	0.826050	0.827027	0.828089	0.828267	0.825737	0.826043	0.825662	0.827383	0.826132	0.821747
U.S. Dollar	1.621740	1.625590	1.618990	1.612290	1.621330	1.631830	1.616400	1.615150	1.611000	1.605830	1.613420
Algerian Dinar	NA	NA	NA	NA	NA	NA	NA	NA	NA	NA	NA
Australian Dollar	1.703150	NA	1.692260	1.688270	1.690110	NA	1.703630	1.710060	1.717660	1.707970	1.717500
Bahrain Dinar	0.609775	0.611221	0.608739	0.606222	0.609619	0.613568	0.607770	0.607297	0.605734	0.603792	0.606645
Botswana Pula	10.496700	10.514800	10.560900	10.565500	10.576200	10.665500	10.690500	10.703500	10.668900	10.799100	10.777700
Brazilian Real	2.641170	NA	NA	NA	2.635300	2.655630	2.627790	2.646270	2.646550	NA	NA
Brunei Dollar	2.210920	2.215840	2.207970	2.208360	2.215540	2.223690	2.209300	2.217290	2.219150	2.213640	2.219580
Canadian Dollar	1.623850	1.633870	1.642460	1.644210	1.651640	1.668540	1.655680	1.643260	1.648370	1.651110	1.647470
Chilean Peso	777.690000	785.435000	785.534000	789.347000	782.338000	787.848000	781.610000	783.190000	782.313000	798.308000	807.598000
Colombian Peso	NA	2,835.040000	2,801.830000	2,787.270000	2,772.390000	2,778.090000	2,727.080000	2,740.570000	2,740.210000	2,738.500000	NA
Czech Koruna	26.144100	25.895600	25.822800	25.719300	25.555300	25.492400	25.426000	25.383700	25.413500	25.332000	25.262900
Danish Krone	7.793810	7.775320	7.807740	NA	7.753980	7.712360	7.766330	7.765180	7.792900	7.807860	7.783800
Hungarian Forint	251.743000	251.592000	253.695000	252.421000	254.743000	255.560000	257.396000	257.714000	258.114000	257.928000	258.308000
Icelandic Krona	121.988000	124.552000	125.196000	124.582000	123.059000	123.056000	123.849000	125.514000	126.366000	127.631000	127.412000
Indian Rupee	68.502500	69.136200	69.017400	69.102800	69.376500	69.989300	69.327500	69.274100	68.966900	68.842100	69.215600
Indonesian Rupiah	15,098.400000	15,139.100000	15,082.500000	15,031.400000	15,123.700000	15,264.100000	15,090.800000	15,061.300000	15,025.800000	14,959.900000	15,046.800000
Iranian Rial	14,955.700000	NA	NA	14,945.900000	NA	14,908.400000	14,974.400000	14,978.900000	14,995.200000	NA	14,993.500000
Israeli New Sheqel	5.286890	5.312420	5.383150	5.443100	5.403890	NA	5.455360	5.489920	5.519280	5.495140	5.514690
Kazakhstani Tenge	195.534000	196.127000	195.477000	194.652000	195.645000	196.815000	195.100000	194.949000	194.480000	193.904000	194.692000
Korean Won	1,665.050000	1,669.310000	1,645.860000	1,636.800000	NA	1,668.540000	1,662.960000	1,661.670000	1,654.980000	1,653.840000	1,669.250000
Kuwaiti Dinar	0.430087	0.431105	0.429841	0.428225	0.430624	0.432107	0.428510	0.428986	0.427559	NA	0.429170
Libyan Dinar	1.932370	1.932370	1.932370	1.932370	1.932370	1.932370	1.932370	1.932370	1.932370	1.932370	1.932370
Malaysian Ringgit	5.230950	5.243320	5.234180	5.256080	5.283090	5.325470	5.284830	5.283990	5.274070	5.257490	NA
Mauritian Rupee	45.003900	44.912700	44.672400	NA	NA	NA	44.449000	NA	44.090900	NA	43.948300
Mexican Peso	16.771600	16.742200	16.709700	16.624000	16.794000	16.909000	16.785900	16.840900	16.746300	16.645200	16.682600
Nepalese Rupee	110.360000	110.296000	110.415000	110.442000	111.466000	111.617000	111.128000	111.042000	110.756000	110.401000	110.923000
New Zealand Dollar	NA	2.071080	2.074030	2.094700	2.116890	2.123670	2.131610	2.143250	2.133770	2.143110	2.151230
Norwegian Krone	8.298960	8.299930	8.348780	8.341050	NA	8.205670	8.296550	8.317880	8.398770	8.429140	8.381740
Rial Omani	0.623562	0.625039	0.622502	0.619928	0.623399	0.627439	0.621508	0.621025	0.619429	0.617440	0.620359
Pakistani Rupee	108.117000	108.997000	108.977000	108.758000	109.298000	110.261000	109.414000	108.822000	108.269000	107.180000	107.943000
Nuevo Sol	NA	NA	NA	NA	NA	NA	NA	NA	NA	NA	NA
Philippine Peso	NA	NA	NA	NA	NA	NA	NA	NA	NA	NA	NA
Polish Zloty	3.527300	3.513050	3.536360	NA	3.522650	3.499780	3.516480	3.518930	3.534680	3.538450	3.540010
Qatar Riyal	5.903150	5.917120	5.893100	5.868750	5.901620	5.939860	5.883700	5.879170	5.864040	5.845220	5.872850
Russian Ruble	38.512000	38.521200	38.535100	38.391300	38.394500	38.382300	38.164700	38.238400	38.140000	NA	38.366400
Saudi Arabian Riyal	6.081540	6.095960	6.071200	6.046100	6.079990	6.119350	6.061520	6.056830	6.041240	6.021850	6.050340
Singapore Dollar	2.210920	2.215840	2.207970	2.208360	2.215540	2.223690	2.209300	2.217290	2.219150	2.213640	2.219580
South African Rand	12.503600	12.508900	12.571400	12.656500	12.711200	12.842500	12.834300	12.897000	12.863800	13.055400	NA
Sri Lanka Rupee	174.985000	175.351000	174.618000	173.872000	174.941000	176.078000	174.385000	174.273000	173.810000	173.224000	NA
Swedish Krona	9.750770	9.769730	9.790870	9.734250	NA	9.627790	9.674170	9.763620	9.790870	9.771450	9.821740
Swiss Franc	1.690180	1.675820	1.680830	1.692580	1.684230	1.662830	1.679440	1.680570	1.680910	1.688850	1.684250
Thai Baht	52.638500	52.851000	52.848500	52.678400	53.272000	53.887700	53.840700	53.333900	53.351300	53.231700	53.502500
Trinidad And Tobago Dollar	10.049500	10.058100	9.988810	NA	9.982830	10.043400	9.942830	9.929010	9.895700	9.912280	9.970590
Tunisian Dinar	NA	NA	NA	NA	NA	NA	NA	NA	NA	NA	NA
U.A.E. Dirham	5.955860	5.969970	5.945730	5.921150	5.954330	5.992870	5.936230	5.931660	5.916390	5.897410	5.925290
Peso Uruguayo	NA	NA	NA	NA	NA	NA	NA	NA	NA	NA	NA
Bolivar Fuerte	3.477990	3.486230	3.472080	3.457720	3.477100	3.499610	NA	NA	NA	NA	3.460150

Currency units per SDR for June 2008 Continued

Currency	June 17, 2008	June 18, 2008	June 19, 2008	June 20, 2008	June 23, 2008	June 24, 2008	June 25, 2008	June 26, 2008	June 27, 2008	June 30, 2008
Chinese Yuan	11.122100	11.101100	11.114100	11.160200	11.101600	11.118100	11.124200	11.160800	11.183000	11.205100
Euro	1.042710	1.041110	1.043550	1.038770	1.041500	1.039000	1.038280	1.033710	1.035010	1.036300
Japanese Yen	174.048000	174.041000	173.910000	174.929000	173.549000	174.853000	174.611000	175.574000	174.272000	173.817000
U.K. Pound Sterling	0.827335	0.827171	0.820392	0.820479	0.823873	0.823750	0.820722	0.819874	0.820466	0.820210
U.S. Dollar	1.613800	1.612990	1.615510	1.621510	1.616520	1.617510	1.619620	1.626140	1.629930	1.633620
Algerian Dinar	NA	NA	NA	NA	NA	NA	NA	NA	NA	NA
Australian Dollar	1.711890	1.713210	NA	1.703810	1.693930	1.697820	1.692920	1.695300	1.697850	1.697090
Bahrain Dinar	NA	0.606483	0.607434	0.609689	0.607810	0.608184	0.608976	0.611426	0.612854	0.614239
Botswana Pula	10.708700	10.760400	10.705800	10.724300	10.791200	10.769100	10.697600	10.656200	10.702100	10.656300
Brazilian Real	NA	2.601270	NA	NA	NA	2.605650	2.597540	2.600680	2.598600	2.625060
Brunei Dollar	2.206220	2.203830	2.209700	2.217090	2.206220	2.213080	2.215150	2.218700	2.224210	2.224330
Canadian Dollar	1.645910	1.642990	1.636840	1.649400	1.642870	1.639510	1.641480	1.645810	1.649980	1.664000
Chilean Peso	806.348000	794.155000	792.424000	792.305000	797.849000	811.004000	818.083000	825.396000	835.143000	849.712000
Colombian Peso	NA	2,670.180000	2,669.490000	2,708.430000	2,713.840000	2,771.820000	2,831.150000	2,900.110000	2,987.360000	NA
Czech Koruna	25.220400	24.983600	25.160000	25.099400	25.127100	25.013200	24.990700	24.897700	24.841800	24.760700
Danish Krone	7.776900	7.765900	7.783860	7.747070	7.767830	7.749840	7.743890	7.710340	7.719030	7.728630
Hungarian Forint	257.304000	254.126000	252.326000	249.291000	248.039000	247.900000	246.554000	244.571000	247.098000	244.650000
Icelandic Krona	127.442000	129.426000	132.682000	130.370000	132.975000	136.599000	134.185000	131.148000	132.872000	129.480000
Indian Rupee	69.264100	69.197400	69.353900	69.676200	69.461800	69.456000	69.352000	69.485000	69.744700	70.163600
Indonesian Rupiah	15,035.800000	14,976.600000	15,008.100000	15,059.000000	14,977.000000	14,997.600000	14,987.900000	15,006.000000	NA	15,070.100000
Iranian Rial	15,000.300000	14,981.500000	15,024.300000	NA	15,017.500000	14,962.000000	14,963.600000	14,988.100000	NA	14,944.300000
Israeli New Sheqel	5.390080	5.395460	5.437800	5.438570	5.452500	5.455860	5.487270	5.488200	5.505910	5.475880
Kazakhstani Tenge	194.769000	194.720000	194.879000	195.733000	195.146000	195.266000	195.601000	196.502000	196.798000	197.259000
Korean Won	1,679.640000	1,661.700000	1,652.020000	1,664.320000	1,659.680000	1,671.540000	1,675.490000	1,683.050000	1,686.980000	1,704.520000
Kuwaiti Dinar	0.428787	0.428572	0.428918	0.430511	0.429185	0.429450	0.429522	0.430927	0.431932	0.432582
Libyan Dinar	1.932370	1.932370	1.932370	1.932370	1.932370	1.932370	1.932370	1.932370	1.932370	1.932370
Malaysian Ringgit	5.253730	5.230130	5.267370	5.283710	5.276320	5.281980	5.286420	5.295520	5.320900	5.336210
Mauritian Rupee	43.886200	43.689500	43.838900	44.038100	43.906100	44.060000	44.265400	44.461600	44.549200	44.505200
Mexican Peso	16.646800	16.603300	16.665000	16.661500	16.655300	16.689500	16.672000	16.723300	16.792900	16.837500
Nepalese Rupee	110.949000	110.893000	111.066000	111.479000	111.136000	111.446000	111.494000	111.634000	111.487000	112.066000
New Zealand Dollar	2.142870	2.133020	2.129880	2.131050	2.124760	2.135330	2.135010	2.148980	2.162000	2.144130
Norwegian Krone	8.366100	8.371070	8.386450	8.355340	8.345570	8.285550	8.244500	8.227270	8.258390	8.299720
Rial Omani	0.620505	0.620194	0.621164	0.623472	0.621550	0.621933	0.622743	0.625250	0.626708	0.628125
Pakistani Rupee	107.855000	107.917000	108.668000	109.022000	109.037000	109.523000	109.945000	110.203000	110.783000	111.545000
Nuevo Sol	NA	NA	NA	NA	NA	NA	NA	NA	NA	NA
Philippine Peso	NA	NA	NA	NA	NA	NA	NA	NA	NA	NA
Polish Zloty	3.523730	NA	3.510670	3.506520	3.504780	3.494630	3.488330	3.483180	3.482510	3.462280
Qatar Riyal	5.874230	5.871270	5.880450	5.902320	5.884120	5.887720	5.895390	5.919120	5.932960	5.946360
Russian Ruble	38.150500	38.161100	38.122700	38.314500	38.134900	38.209400	38.241200	38.254100	38.233900	38.237700
Saudi Arabian Riyal	6.051730	6.048690	6.058180	6.080690	6.061930	6.065680	6.073560	6.098010	6.112250	6.126060
Singapore Dollar	2.206220	2.203830	2.209700	2.217090	2.206220	2.213080	2.215150	2.218700	2.224210	2.224330
South African Rand	12.910400	13.008800	12.899900	12.923500	12.891700	13.021000	12.932600	12.781400	12.917200	12.766700
Sri Lanka Rupee	174.102000	NA	174.233000	174.734000	174.021000	174.157000	174.459000	175.112000	175.599000	175.924000
Swedish Krona	9.719120	9.738430	9.757720	NA	9.759720	9.765720	9.810850	9.773070	9.746970	NA
Swiss Franc	1.681900	1.685900	1.687720	1.680210	1.687640	1.683340	1.686020	1.676060	1.664000	1.662530
Thai Baht	53.736300	53.591400	53.594600	54.170000	54.130700	54.055500	54.313900	54.597400	54.703700	54.858500
Trinidad And Tobago Dollar	9.955900	9.965020	9.953020	NA	9.991410	9.981040	10.019800	10.090500	10.103600	10.122400
Tunisian Dinar	NA	NA	NA	NA	NA	NA	NA	NA	NA	NA
U.A.E. Dirham	5.926660	5.923710	5.932960	5.955000	5.936660	5.940320	5.948030	5.971970	5.985950	5.999450
Peso Uruguayo	NA	NA	NA	NA	NA	NA	NA	NA	NA	NA
Bolivar Fuerte	NA	NA	NA	NA	NA	3.468910	3.473430	3.487410	3.495550	NA

Notes:


The value of the U.S. dollar in terms of the SDR is the reciprocal of the sum of the dollar values, based on market exchange rates, of specified quantities of the SDR basket currencies. See SDR Valuation.

These rates are the official rates used by the Fund to conduct operations with member countries. The rates are derived from the currency's representative exchange rate, as reported by the central bank, normally against the U.S. dollar at spot market rates and rounded to six significant digits. See Representative Exchange Rates for Selected Currencies.

The value in terms of each national currency of the SDR (shown above) is the reciprocal of the value in terms of the SDR of each national currency, rounded to six significant digits.

Exchange rates are published daily except on IMF holidays or whenever the IMF is closed for business.
