Currency units per SDR for March 2008
Currency	March 03, 2008	March 04, 2008	March 05, 2008	March 06, 2008	March 07, 2008	March 10, 2008	March 11, 2008	March 12, 2008	March 13, 2008	March 14, 2008	March 17, 2008
Chinese Yuan	11.460700	11.487600	11.463700	11.516300	11.562600	11.543900	11.570100	11.565000	11.627700	11.593500	11.687400
Euro	1.060890	1.061420	1.059950	1.056330	1.054990	1.058710	1.059190	1.051430	1.051810	1.051090	1.046550
Japanese Yen	166.206000	166.887000	166.547000	167.935000	167.266000	165.655000	165.531000	167.693000	164.495000	163.838000	160.090000
U.K. Pound Sterling	0.813385	0.812150	0.814100	0.811162	0.807344	0.804272	0.807715	0.807070	0.804124	0.807585	0.823601
U.S. Dollar	1.612860	1.613990	1.610700	1.618190	1.626470	1.624060	1.628920	1.627300	1.638400	1.635600	1.650410
Algerian Dinar	NA	NA	NA	NA	NA	NA	NA	NA	NA	NA	NA
Australian Dollar	1.727580	1.740900	1.740550	1.730310	1.750960	1.750070	1.771140	1.746960	1.750990	1.733730	1.780950
Bahrain Dinar	0.606435	0.606862	0.605624	0.608439	0.611553	0.610650	0.612475	0.611864	0.616037	0.614987	0.620555
Botswana Pula	10.548500	10.514600	10.459100	10.466900	10.686400	10.649600	10.611900	10.560000	10.687500	10.641500	10.922600
Brazilian Real	2.713650	2.712800	2.693410	NA	2.718160	2.733790	2.767220	2.756480	2.750550	2.774470	2.795630
Brunei Dollar	2.252360	2.244900	2.238230	2.245230	2.255260	2.252900	2.263060	2.257550	2.264920	2.261710	2.286810
Canadian Dollar	1.591900	1.606890	1.594270	1.593590	1.612650	1.620170	1.621270	1.610540	1.612510	1.614340	1.646780
Chilean Peso	732.161000	734.268000	729.826000	727.357000	723.568000	721.152000	717.231000	708.035000	708.411000	708.888000	717.170000
Colombian Peso	2,976.000000	2,985.010000	2,966.290000	3,004.470000	NA	3,089.250000	3,037.580000	3,036.500000	3,036.620000	3,035.690000	3,043.270000
Czech Koruna	26.599400	26.442000	26.550800	26.551200	26.542400	26.512900	26.611700	26.355700	26.425700	26.313600	26.208500
Danish Krone	7.904140	7.907760	7.895840	7.869060	7.863180	7.895400	7.897520	7.839020	7.844000	7.837790	7.806580
Hungarian Forint	280.994000	278.930000	279.698000	277.325000	280.956000	280.070000	277.324000	273.614000	274.743000	270.087000	273.341000
Icelandic Krona	107.175000	106.782000	106.661000	107.221000	110.584000	111.102000	110.799000	110.965000	115.098000	114.410000	123.880000
Indian Rupee	64.933800	65.027500	64.895000	NA	65.920900	66.050600	65.922600	65.677600	66.256800	66.159900	67.287100
Indonesian Rupiah	14,688.400000	14,680.900000	14,612.300000	14,688.300000	NA	14,792.000000	15,046.400000	14,894.700000	15,106.000000	15,134.200000	15,390.100000
Iranian Rial	14,783.500000	14,763.200000	14,752.400000	14,704.500000	NA	14,741.600000	14,764.500000	14,727.000000	14,745.600000	NA	14,804.200000
Israeli New Sheqel	5.896640	5.852330	5.784020	5.823840	5.855280	5.809290	5.725670	5.666240	5.575470	5.682080	5.654320
Kazakhstani Tenge	194.915000	194.776000	194.525000	195.509000	196.250000	195.960000	196.546000	196.333000	197.820000	197.253000	198.842000
Korean Won	1,512.540000	1,525.710000	1,525.170000	1,532.750000	1,544.010000	1,554.720000	1,562.620000	1,584.660000	1,584.330000	1,603.710000	1,631.100000
Kuwaiti Dinar	0.439344	0.439329	0.438110	0.439984	0.442237	0.440608	0.441601	0.441324	0.440894	0.440141	0.439009
Libyan Dinar	1.932370	1.932370	1.932370	1.932370	1.932370	1.932370	1.932370	1.932370	1.932370	1.932370	1.932370
Malaysian Ringgit	5.161160	5.149440	5.124450	5.127230	5.161610	5.199450	5.214990	5.180490	5.181430	5.182390	5.264820
Mauritian Rupee	43.976900	43.984700	NA	43.815100	43.825800	43.583800	43.593100	NA	43.758900	43.614200	43.864800
Mexican Peso	17.265100	NA	17.231000	17.419600	17.628200	17.617500	17.586700	17.531700	17.658300	17.601200	NA
Nepalese Rupee	103.368000	104.264000	104.051000	104.535000	105.070000	105.613000	106.206000	105.856000	106.152000	106.314000	107.112000
New Zealand Dollar	2.017850	1.999740	2.011870	2.010170	2.045620	2.051360	2.063750	2.022240	2.026720	2.000490	2.033780
Norwegian Krone	8.407530	8.335760	8.327500	8.275270	8.349680	8.348500	8.344320	8.296280	8.309790	8.396660	8.432130
Rial Omani	0.620147	0.620578	0.619314	0.622192	0.625379	0.624454	0.626319	0.625696	0.629965	0.628887	0.634582
Pakistani Rupee	98.741100	98.809300	98.608600	99.066800	99.573800	99.426300	99.723800	99.624400	100.304000	100.133000	NA
Nuevo Sol	NA	NA	NA	NA	NA	NA	NA	NA	NA	NA	NA
Philippine Peso	NA	NA	NA	NA	NA	NA	NA	NA	NA	NA	NA
Polish Zloty	3.758780	3.739790	3.745680	3.733960	3.771620	3.769940	3.751080	3.728950	3.725880	3.706930	3.723330
Qatar Riyal	5.870820	5.874920	5.862970	5.890180	5.920350	5.911600	5.929260	5.923360	5.963780	5.953590	6.007490
Russian Ruble	38.725300	38.813200	38.733100	38.731200	38.767400	NA	38.863900	38.804700	38.817600	38.680400	38.805400
Saudi Arabian Riyal	6.048250	6.052460	6.040140	6.068180	6.099270	6.090250	6.108470	6.102360	6.143980	6.133500	6.189040
Singapore Dollar	2.252360	2.244900	2.238230	2.245230	2.255260	2.252900	2.263060	2.257550	2.264920	2.261710	2.286810
South African Rand	12.709400	12.661800	12.547400	12.581400	13.044300	12.911300	12.901100	12.758000	13.008900	12.954000	13.417800
Sri Lanka Rupee	173.949000	174.069000	173.672000	NA	175.421000	174.942000	175.176000	174.861000	176.216000	176.293000	177.833000
Swedish Krona	9.955400	9.942240	9.946090	9.870890	9.933640	9.931180	9.969000	9.942830	9.936900	9.915810	9.914830
Swiss Franc	1.675770	1.672420	1.676260	1.670450	1.658190	1.662230	1.655470	1.665380	1.655110	1.650650	1.621690
Thai Baht	52.586700	50.918300	50.911100	51.086100	51.337900	51.226400	51.366300	51.375300	51.721000	51.498600	51.842800
Trinidad And Tobago Dollar	NA	10.190100	10.159000	10.192500	10.251000	NA	10.295600	10.281800	10.346500	10.326700	10.382900
Tunisian Dinar	NA	NA	NA	NA	NA	NA	NA	NA	NA	NA	NA
U.A.E. Dirham	5.923260	5.927370	5.915300	5.942790	5.973220	NA	NA	NA	NA	NA	6.061120
Peso Uruguayo	NA	NA	NA	NA	NA	NA	NA	NA	NA	NA	NA
Bolivar Fuerte	3.458950	NA	NA	NA	NA	3.482970	NA	NA	NA	NA	3.539470

Currency units per SDR for March 2008 Continued

Currency	March 18, 2008	March 19, 2008	March 20, 2008	March 21, 2008	March 24, 2008	March 25, 2008	March 26, 2008	March 27, 2008	March 28, 2008	March 31, 2008
Chinese Yuan	11.701300	11.598500	11.486600	11.502900	11.459300	11.510000	11.540700	11.547900	11.544500	11.542700
Euro	1.046920	1.046230	1.056230	NA	NA	1.049590	1.045680	1.043100	1.042030	1.040030
Japanese Yen	160.486000	163.435000	NA	162.213000	162.241000	164.554000	164.030000	162.688000	163.776000	164.614000
U.K. Pound Sterling	0.819524	0.822017	0.821787	NA	NA	0.819592	0.822078	0.816180	0.823364	0.827007
U.S. Dollar	1.651090	1.641740	1.629030	1.629470	1.625010	1.634100	1.642760	1.646640	1.645990	1.644500
Algerian Dinar	NA	NA	NA	NA	NA	NA	NA	NA	NA	NA
Australian Dollar	1.791350	1.760580	1.779580	NA	NA	1.792570	1.792620	1.788850	1.784270	1.791390
Bahrain Dinar	0.620810	0.617292	0.612516	0.612678	0.611004	0.614424	0.617677	0.619138	0.618892	0.618330
Botswana Pula	10.819700	10.779600	10.845700	NA	NA	10.779100	10.821900	10.783500	10.857400	10.883500
Brazilian Real	2.846480	2.790790	2.774730	NA	NA	2.844490	2.848710	2.845400	NA	2.869330
Brunei Dollar	2.280980	2.264770	2.258810	NA	2.260070	2.265030	2.265860	2.271870	2.272940	2.269250
Canadian Dollar	1.640850	1.646330	1.672850	NA	1.658000	1.663030	1.672330	1.670850	1.675780	1.690380
Chilean Peso	724.055000	707.950000	709.602000	NA	726.966000	738.940000	740.653000	734.997000	726.670000	722.084000
Colombian Peso	3,066.990000	NA	NA	NA	NA	2,966.960000	3,014.480000	2,999.040000	2,980.360000	2,995.620000
Czech Koruna	26.434000	26.643700	26.919700	26.819400	NA	26.706200	26.760600	26.474700	26.309500	26.351400
Danish Krone	7.809510	7.804150	NA	NA	NA	7.829630	7.800130	7.780220	7.770190	7.755300
Hungarian Forint	270.647000	268.260000	270.549000	271.746000	NA	269.513000	268.164000	267.233000	267.736000	269.533000
Icelandic Krona	128.125000	127.793000	NA	NA	NA	122.362000	125.802000	122.691000	128.107000	126.084000
Indian Rupee	67.067300	66.408100	NA	NA	65.553100	65.560400	65.940400	66.112600	66.004000	65.730700
Indonesian Rupiah	15,292.400000	15,097.400000	NA	NA	14,930.600000	15,010.900000	15,103.500000	15,165.600000	15,189.200000	15,157.300000
Iranian Rial	14,787.200000	NA	14,589.600000	NA	14,818.500000	NA	14,714.200000	14,780.200000	NA	NA
Israeli New Sheqel	5.580700	5.544160	5.537070	NA	5.724920	5.740590	5.756220	5.763260	5.792230	5.842900
Kazakhstani Tenge	199.254000	198.191000	196.640000	196.269000	195.684000	196.779000	198.199000	198.881000	198.638000	198.475000
Korean Won	1,686.920000	1,674.240000	1,645.320000	1,634.520000	1,632.980000	1,634.430000	1,618.610000	1,621.280000	1,634.460000	1,630.850000
Kuwaiti Dinar	0.439686	0.437359	NA	NA	0.434690	0.435815	0.437631	0.436853	NA	0.436614
Libyan Dinar	1.932370	1.932370	1.932370	1.932370	1.932370	1.932370	1.932370	1.932370	1.932370	1.932370
Malaysian Ringgit	5.251300	5.200210	NA	5.204510	5.199230	5.229140	5.224800	5.262660	5.280330	5.241830
Mauritian Rupee	43.724100	43.368700	42.931900	42.750400	42.658800	42.885500	43.119400	43.152900	42.968100	42.729000
Mexican Peso	17.673300	17.557400	NA	NA	NA	17.451100	17.570500	17.612800	17.609900	17.511000
Nepalese Rupee	107.981000	106.795000	105.642000	NA	105.382000	105.972000	105.794000	106.044000	106.002000	105.248000
New Zealand Dollar	2.066700	2.017130	2.040880	NA	NA	2.045700	2.036140	2.045520	2.041920	2.072460
Norwegian Krone	8.447440	8.385670	NA	NA	NA	8.487520	8.415030	8.362600	8.385670	8.373320
Rial Omani	0.634844	0.631249	0.626362	0.626531	0.624816	0.628314	0.631640	0.633132	0.632883	0.632311
Pakistani Rupee	NA	NA	NA	NA	99.484700	NA	100.571000	NA	NA	103.138000
Nuevo Sol	NA	NA	NA	NA	NA	NA	NA	NA	NA	NA
Philippine Peso	NA	NA	NA	NA	NA	NA	NA	NA	NA	NA
Polish Zloty	3.705050	3.684380	NA	3.728550	NA	3.707450	3.694400	3.681230	3.680920	3.668060
Qatar Riyal	6.009980	5.975930	5.929650	5.931270	5.915060	5.948130	5.979650	5.993770	5.991400	5.985980
Russian Ruble	38.854300	38.676200	38.572400	38.744400	38.732400	38.730000	38.860900	38.724300	38.706400	38.650200
Saudi Arabian Riyal	6.191610	6.156500	6.108850	6.110490	6.093810	6.127900	6.160330	6.174900	6.172460	6.166860
Singapore Dollar	2.280980	2.264770	2.258810	NA	2.260070	2.265030	2.265860	2.271870	2.272940	2.269250
South African Rand	13.258300	NA	13.317300	NA	NA	13.154500	13.240600	13.181400	13.233700	13.320400
Sri Lanka Rupee	177.786000	176.720000	NA	NA	174.959000	176.035000	177.186000	177.533000	177.442000	177.304000
Swedish Krona	9.910700	9.846300	9.855620	NA	NA	9.898540	9.893550	9.846880	9.789530	9.784740
Swiss Franc	1.627150	1.635830	1.650210	NA	NA	1.650120	1.639470	1.635440	1.636110	1.634470
Thai Baht	51.850800	51.323900	50.757300	50.930500	50.836800	51.355000	51.901400	51.737300	51.679100	51.744000
Trinidad And Tobago Dollar	NA	10.335700	10.272000	NA	NA	NA	10.371700	10.402500	10.403300	NA
Tunisian Dinar	NA	NA	NA	NA	NA	NA	NA	NA	NA	NA
U.A.E. Dirham	6.063620	6.029290	5.982610	NA	5.967870	6.001250	6.033040	6.047300	6.044890	6.039410
Peso Uruguayo	NA	NA	NA	NA	NA	NA	NA	NA	NA	NA
Bolivar Fuerte	3.540930	NA	3.493610	NA	NA	3.504510	NA	3.531390	3.529990	3.526790

Notes:


The value of the U.S. dollar in terms of the SDR is the reciprocal of the sum of the dollar values, based on market exchange rates, of specified quantities of the SDR basket currencies. See SDR Valuation.

These rates are the official rates used by the Fund to conduct operations with member countries. The rates are derived from the currency's representative exchange rate, as reported by the central bank, normally against the U.S. dollar at spot market rates and rounded to six significant digits. See Representative Exchange Rates for Selected Currencies.

The value in terms of each national currency of the SDR (shown above) is the reciprocal of the value in terms of the SDR of each national currency, rounded to six significant digits.

Exchange rates are published daily except on IMF holidays or whenever the IMF is closed for business.
