Currency units per SDR for February 2008
Currency	February 01, 2008	February 04, 2008	February 05, 2008	February 06, 2008	February 07, 2008	February 08, 2008	February 11, 2008	February 12, 2008	February 13, 2008	February 14, 2008	February 15, 2008
Chinese Yuan	11.472500	11.436200	11.369900	11.361300	NA	11.299900	11.330100	11.319800	11.356400	11.349400	11.348200
Euro	1.071630	1.072260	1.077440	1.081550	1.084980	1.083710	1.084440	1.083750	1.082090	1.079400	1.077650
Japanese Yen	169.719000	169.818000	168.905000	168.491000	168.108000	168.823000	NA	168.490000	169.166000	170.850000	170.548000
U.K. Pound Sterling	0.801179	0.804486	0.803568	0.807011	0.809992	0.807389	0.808885	0.807604	0.803671	0.801912	0.806400
U.S. Dollar	1.595550	1.590060	1.582540	1.581340	1.580700	1.572790	1.577000	1.575560	1.578330	1.578720	1.581350
Algerian Dinar	NA	NA	NA	NA	NA	NA	NA	NA	NA	NA	NA
Australian Dollar	1.782540	1.757750	1.745000	1.765480	1.771100	1.757110	1.749110	1.742680	1.746520	NA	1.748890
Bahrain Dinar	0.599927	0.597861	0.595036	0.594583	0.594343	0.591370	0.592951	0.592410	0.593451	0.593599	0.594587
Botswana Pula	10.053900	10.025600	10.073500	10.222000	10.344900	10.326900	10.307200	10.304500	10.235600	10.224900	10.248500
Brazilian Real	NA	NA	NA	2.758320	2.769870	2.771100	2.787020	NA	NA	2.755030	2.761190
Brunei Dollar	2.259940	2.250090	2.238510	2.244550	NA	NA	2.237290	2.234770	2.235070	2.240520	2.236340
Canadian Dollar	1.586460	1.579090	1.589350	1.585450	1.598880	1.571380	1.579680	1.569730	1.577540	1.573990	1.583880
Chilean Peso	742.473000	738.820000	738.591000	746.943000	749.996000	749.339000	747.451000	738.825000	735.062000	736.334000	734.489000
Colombian Peso	3,095.010000	3,056.000000	3,034.150000	3,049.290000	3,050.280000	3,044.120000	3,032.690000	3,013.730000	NA	2,997.040000	2,996.450000
Czech Koruna	27.714700	27.609800	27.659700	27.708200	27.803000	27.811700	27.818200	27.745600	27.576600	27.356100	27.188100
Danish Krone	7.987350	7.991180	8.031100	8.060550	8.085640	8.076630	8.083220	8.078390	8.067640	8.045960	8.033230
Hungarian Forint	276.844000	275.509000	277.072000	282.475000	284.843000	288.183000	288.433000	286.720000	284.857000	282.291000	282.444000
Icelandic Krona	103.184000	102.829000	103.229000	104.352000	105.544000	106.242000	107.772000	107.973000	105.953000	105.490000	105.539000
Indian Rupee	62.801100	62.616600	62.399800	62.620900	62.406000	62.203800	62.653900	62.471100	62.628000	62.596200	62.716400
Indonesian Rupiah	14,715.800000	14,676.200000	14,602.100000	14,617.900000	NA	14,529.500000	14,573.000000	14,596.000000	14,629.600000	14,617.400000	14,526.300000
Iranian Rial	NA	14,728.700000	14,614.800000	14,793.400000	14,755.900000	14,682.000000	NA	14,815.000000	14,812.600000	14,765.800000	NA
Israeli New Sheqel	5.734410	5.689220	5.708250	5.733940	5.777470	5.679370	5.705580	5.642070	5.694630	5.707080	5.678620
Kazakhstani Tenge	191.801000	190.982000	190.206000	190.314000	190.285000	189.112000	189.791000	189.650000	189.984000	189.952000	189.999000
Korean Won	1,508.600000	1,500.060000	1,490.760000	NA	NA	NA	1,485.690000	1,489.690000	1,492.150000	1,491.260000	1,493.740000
Kuwaiti Dinar	0.435745	0.434245	0.432193	0.432180	0.432006	0.429843	0.431624	0.431232	0.431990	0.432096	0.432814
Libyan Dinar	1.932370	1.932370	1.932370	1.932370	1.932370	1.932370	1.932370	1.932370	1.932370	1.932370	1.932370
Malaysian Ringgit	NA	5.135100	5.114780	5.110100	NA	NA	5.105530	5.111120	5.105900	5.111900	5.108530
Mauritian Rupee	NA	45.350700	45.070200	45.018700	NA	44.736500	44.914100	44.800700	44.732900	44.624300	44.593500
Mexican Peso	17.254000	NA	17.137200	17.114300	17.077900	16.919300	16.989900	16.931800	16.968500	16.957500	17.023700
Nepalese Rupee	101.174000	100.826000	100.333000	100.257000	100.454000	99.951000	100.218000	100.206000	100.461000	100.486000	100.653000
New Zealand Dollar	2.025330	2.008670	1.996900	NA	2.008010	1.994410	2.003810	1.996650	1.996880	2.014710	2.006280
Norwegian Krone	8.601480	8.609190	8.629770	8.712400	8.755800	8.696260	8.704210	8.673330	8.638340	8.582290	8.540880
Rial Omani	0.613489	0.611378	0.608487	0.608025	0.607781	0.604738	0.606355	0.605804	0.606870	0.607021	0.608028
Pakistani Rupee	97.681100	NA	NA	NA	NA	NA	NA	NA	NA	NA	NA
Nuevo Sol	NA	NA	NA	NA	NA	NA	NA	NA	NA	NA	NA
Philippine Peso	NA	NA	NA	NA	NA	NA	NA	NA	NA	NA	NA
Polish Zloty	3.863630	3.829190	3.842580	3.886920	3.883460	3.865930	3.927670	3.922350	NA	NA	NA
Qatar Riyal	5.807810	5.787810	5.760470	5.756060	5.753770	5.724950	5.740260	5.735030	5.745110	NA	5.756090
Russian Ruble	38.963600	38.883900	38.805700	39.012500	38.959000	38.975900	38.906900	38.843400	38.930300	38.898500	38.879200
Saudi Arabian Riyal	5.983330	5.962710	5.934540	5.930000	5.927650	5.897970	5.913730	5.908350	5.918740	5.920210	5.930040
Singapore Dollar	2.259940	2.250090	2.238510	2.244550	NA	NA	2.237290	2.234770	2.235070	2.240520	2.236340
South African Rand	NA	11.734600	11.805800	12.097200	12.290000	12.307100	12.261100	12.250000	12.090000	12.100900	12.105200
Sri Lanka Rupee	172.089000	NA	170.502000	170.525000	170.463000	169.619000	170.079000	169.934000	170.425000	170.559000	170.570000
Swedish Krona	10.151700	10.073000	10.045200	10.247100	10.179700	10.254600	10.203200	10.221400	10.180200	10.080100	10.061300
Swiss Franc	1.720010	1.733960	1.747450	1.736940	1.730550	1.738570	1.729810	1.736270	1.742000	1.745280	1.731100
Thai Baht	52.696200	52.416400	52.081400	52.041900	52.009900	51.744800	51.924000	51.867500	51.911400	51.910000	51.914100
Trinidad And Tobago Dollar	10.066700	10.049200	NA	NA	9.956690	9.873230	9.918860	9.911200	9.946290	9.955600	10.010400
Tunisian Dinar	NA	NA	NA	NA	NA	NA	NA	NA	NA	NA	NA
U.A.E. Dirham	5.859670	5.839480	5.811890	5.807470	5.805140	5.776070	5.791530	5.786230	5.796430	5.797870	5.807500
Peso Uruguayo	NA	NA	NA	NA	NA	NA	NA	NA	NA	NA	NA
Bolivar Fuerte	3.421820	3.410050	NA	NA	NA	NA	3.382020	NA	NA	NA	NA

Currency units per SDR for February 2008 Continued

Currency	February 18, 2008	February 19, 2008	February 20, 2008	February 21, 2008	February 22, 2008	February 25, 2008	February 26, 2008	February 27, 2008	February 28, 2008	February 29, 2008
Chinese Yuan	11.306900	11.337000	11.283900	11.309100	11.361200	11.338400	11.371200	11.438500	11.411800	11.444300
Euro	1.077960	1.074450	1.077530	1.073300	1.070720	1.070850	1.069160	1.064070	1.059830	1.061880
Japanese Yen	170.155000	171.353000	170.398000	170.973000	170.872000	170.250000	171.828000	171.381000	170.354000	168.673000
U.K. Pound Sterling	0.809369	0.812038	0.813233	0.808767	0.808113	0.808002	0.807116	0.806523	0.808852	0.811978
U.S. Dollar	1.577710	1.583960	1.579220	1.581620	1.589800	1.586670	1.590270	1.600790	1.602570	1.610550
Algerian Dinar	NA	NA	NA	NA	NA	NA	NA	NA	NA	NA
Australian Dollar	1.727670	1.722630	1.725170	1.722340	1.727490	1.717740	1.712910	1.712080	1.700160	1.701410
Bahrain Dinar	0.593218	0.595568	0.593789	0.594689	0.597768	0.596591	0.597940	0.601898	0.602569	0.605569
Botswana Pula	10.205100	10.212500	10.417000	10.330600	10.330100	10.296400	10.226800	10.163800	10.220500	10.404100
Brazilian Real	2.766190	2.753870	2.735370	2.743000	2.717930	2.702430	2.712040	2.701180	2.677420	2.692040
Brunei Dollar	2.227090	2.235920	2.228910	2.231510	2.237970	2.229280	2.234640	2.243350	2.235110	2.243340
Canadian Dollar	1.588910	1.609300	1.609230	1.595380	1.614610	1.583500	1.567840	1.565250	1.557540	1.578020
Chilean Peso	733.902000	733.660000	733.326000	742.159000	744.491000	740.565000	742.970000	746.993000	742.407000	737.664000
Colombian Peso	3,006.110000	3,018.030000	2,985.900000	3,022.180000	3,014.030000	3,001.980000	3,002.370000	3,008.190000	2,972.560000	NA
Czech Koruna	27.207600	27.198200	27.265300	26.928700	26.810400	26.762400	26.745000	26.650000	26.649200	26.780300
Danish Krone	8.036650	8.009740	8.031480	8.001600	7.982250	7.983970	7.970540	7.932230	7.899080	7.912640
Hungarian Forint	283.293000	283.529000	285.129000	283.743000	284.289000	282.333000	278.170000	273.655000	274.296000	277.805000
Icelandic Krona	105.501000	105.713000	105.918000	106.095000	106.390000	105.720000	104.926000	104.644000	104.904000	105.701000
Indian Rupee	62.572000	63.152400	63.405900	63.375400	63.560300	63.546100	63.467500	63.599500	63.798300	64.293400
Indonesian Rupiah	14,415.500000	14,475.800000	14,487.800000	14,501.900000	14,586.500000	14,559.300000	14,433.200000	14,514.400000	14,548.200000	14,577.100000
Iranian Rial	14,797.300000	14,775.200000	14,748.300000	14,745.500000	NA	14,771.900000	14,778.300000	14,738.500000	NA	NA
Israeli New Sheqel	5.682880	5.687990	5.719940	5.715980	5.710570	5.680300	5.769470	5.775640	5.802920	5.854360
Kazakhstani Tenge	189.719000	190.186000	189.807000	189.984000	191.126000	191.020000	191.627000	193.296000	NA	194.668000
Korean Won	1,492.820000	1,497.160000	1,491.260000	1,494.000000	1,505.550000	1,505.750000	1,506.620000	1,515.630000	1,512.190000	1,509.570000
Kuwaiti Dinar	0.431345	0.433212	0.431602	0.432573	0.434811	NA	NA	0.436857	NA	0.439520
Libyan Dinar	1.932370	1.932370	1.932370	1.932370	1.932370	1.932370	1.932370	1.932370	1.932370	1.932370
Malaysian Ringgit	5.081790	5.101940	5.085870	5.094400	5.112970	5.103550	5.110310	5.127340	5.129840	5.136050
Mauritian Rupee	NA	44.354600	44.007900	NA	43.988700	43.725000	43.669500	43.880400	43.825200	43.881600
Mexican Peso	16.936700	17.025800	17.046000	17.078300	17.141000	17.113100	17.084200	17.183500	17.117600	17.272100
Nepalese Rupee	100.421000	NA	100.517000	101.761000	NA	101.865000	102.095000	102.771000	102.244000	102.979000
New Zealand Dollar	1.996340	1.991150	1.981710	1.981980	1.989500	1.964920	1.955320	1.958630	1.964420	1.974690
Norwegian Krone	8.532060	8.445660	8.487670	8.437820	8.447440	8.439390	8.429860	8.357220	8.337220	8.378720
Rial Omani	0.606627	0.609032	0.607212	0.608132	0.611281	0.610076	0.611456	0.615506	0.616189	0.619260
Pakistani Rupee	96.588500	NA	NA	NA	NA	97.137400	97.356800	98.001700	NA	98.598900
Nuevo Sol	NA	NA	NA	NA	NA	NA	NA	NA	NA	NA
Philippine Peso	NA	NA	NA	NA	NA	NA	NA	NA	NA	NA
Polish Zloty	3.859230	3.847430	3.844140	3.836220	3.827300	3.815790	3.782450	3.762980	3.737200	3.729240
Qatar Riyal	5.742840	5.765620	5.748380	5.757090	5.786900	5.775510	5.788580	5.826890	5.833390	5.862420
Russian Ruble	38.774700	38.839600	38.767700	38.797000	38.896600	NA	38.891100	38.733700	38.647500	38.657100
Saudi Arabian Riyal	5.916390	5.939830	5.922100	5.931090	5.961780	5.950040	5.963490	6.002980	6.009650	6.039600
Singapore Dollar	2.227090	2.235920	2.228910	2.231510	2.237970	2.229280	2.234640	2.243350	2.235110	2.243340
South African Rand	12.053700	12.077700	12.468000	12.273400	12.289200	12.193600	12.078100	11.957900	12.051400	12.441500
Sri Lanka Rupee	170.168000	170.797000	NA	170.595000	171.661000	171.318000	171.505000	172.625000	172.852000	173.711000
Swedish Krona	10.010500	10.034400	10.020200	9.987910	9.991910	9.980140	9.998800	9.900890	9.955990	9.929110
Swiss Franc	1.741630	1.731420	1.736200	1.744530	1.726210	1.731700	1.728620	1.710450	1.702260	1.685120
Thai Baht	51.452200	51.505500	51.346800	51.337900	NA	51.325700	51.352900	51.651000	51.569300	51.539500
Trinidad And Tobago Dollar	9.976260	9.996000	9.930980	9.931470	10.001900	10.000500	10.014200	10.064800	10.091300	10.167900
Tunisian Dinar	NA	NA	NA	NA	NA	NA	NA	NA	NA	NA
U.A.E. Dirham	5.794110	5.817100	5.799690	5.808520	5.838560	5.827060	5.840230	5.878890	5.885470	5.914780
Peso Uruguayo	NA	NA	NA	NA	NA	NA	NA	NA	NA	NA
Bolivar Fuerte	3.383550	NA	NA	NA	NA	3.402780	NA	NA	NA	NA

Notes:


The value of the U.S. dollar in terms of the SDR is the reciprocal of the sum of the dollar values, based on market exchange rates, of specified quantities of the SDR basket currencies. See SDR Valuation.

These rates are the official rates used by the Fund to conduct operations with member countries. The rates are derived from the currency's representative exchange rate, as reported by the central bank, normally against the U.S. dollar at spot market rates and rounded to six significant digits. See Representative Exchange Rates for Selected Currencies.

The value in terms of each national currency of the SDR (shown above) is the reciprocal of the value in terms of the SDR of each national currency, rounded to six significant digits.

Exchange rates are published daily except on IMF holidays or whenever the IMF is closed for business.
