Currency units per SDR for May 2008
Currency	May 01, 2008	May 02, 2008	May 05, 2008	May 06, 2008	May 07, 2008	May 08, 2008	May 09, 2008	May 12, 2008	May 13, 2008	May 14, 2008	May 15, 2008
Chinese Yuan	NA	NA	11.341700	11.332300	11.287300	11.304300	11.345200	11.305700	11.316600	11.300800	11.329200
Euro	NA	1.048660	1.047780	1.044240	1.047300	1.052110	1.048400	1.049430	1.046510	1.045850	1.045920
Japanese Yen	168.472000	169.607000	NA	NA	169.452000	169.250000	167.734000	166.574000	168.242000	169.269000	170.375000
U.K. Pound Sterling	0.818157	0.815854	NA	0.823676	0.825702	0.824314	0.830834	0.826706	0.831463	0.832577	0.832238
U.S. Dollar	1.624610	1.621020	1.619870	1.621490	1.615980	1.614670	1.620620	1.619270	1.619270	1.614700	1.618450
Algerian Dinar	NA	NA	NA	NA	NA	NA	NA	NA	NA	NA	NA
Australian Dollar	1.732550	1.739660	1.722350	1.716950	1.707680	1.717730	1.720950	1.727590	1.710800	1.721240	1.733560
Bahrain Dinar	0.610855	0.609503	0.609073	0.609682	0.607607	0.607117	0.609355	0.608847	0.608847	0.607124	0.608539
Botswana Pula	NA	NA	10.377100	10.341100	10.299400	10.377100	10.462400	10.420000	10.366600	10.404000	10.401400
Brazilian Real	NA	2.733680	2.672460	2.686810	2.683660	2.701830	2.743390	2.743200	2.709850	2.676360	2.691970
Brunei Dollar	NA	2.208150	NA	2.201820	2.195310	2.218720	2.225110	2.219050	2.215160	2.222790	2.240260
Canadian Dollar	NA	1.650680	1.640120	1.627170	1.619370	1.638730	1.630510	1.625580	1.620080	1.617920	1.618130
Chilean Peso	NA	748.083000	752.967000	755.989000	755.470000	757.960000	763.068000	762.724000	758.127000	753.256000	758.294000
Colombian Peso	NA	2,864.770000	NA	NA	NA	2,886.420000	2,905.990000	2,885.200000	2,884.390000	2,874.170000	2,893.230000
Czech Koruna	NA	26.487400	26.436300	26.290900	26.332400	26.311100	26.362700	26.177100	26.096200	26.172600	26.184900
Danish Krone	NA	7.824790	7.818980	7.792900	7.815190	7.850710	7.822580	NA	7.809570	7.804820	7.805490
Hungarian Forint	NA	NA	263.747000	263.849000	263.970000	266.566000	264.469000	NA	261.464000	261.274000	260.749000
Icelandic Krona	NA	121.528000	123.888000	124.822000	124.269000	124.556000	128.256000	NA	127.728000	128.723000	125.446000
Indian Rupee	NA	65.894400	65.685800	65.978300	66.578300	67.477300	67.061400	67.491000	68.268200	68.349900	68.622400
Indonesian Rupiah	NA	14,965.200000	14,961.100000	14,961.500000	14,913.900000	14,953.500000	14,997.200000	14,999.300000	14,991.200000	14,992.400000	15,074.300000
Iranian Rial	NA	NA	14,941.700000	14,968.000000	14,938.100000	14,982.500000	NA	14,981.500000	14,970.100000	14,968.200000	14,909.200000
Israeli New Sheqel	5.562660	5.592500	5.567490	5.539030	5.563810	NA	5.608970	5.586470	5.560560	5.535170	5.541580
Kazakhstani Tenge	NA	195.138000	194.968000	195.358000	194.693000	194.568000	195.382000	195.219000	195.219000	194.748000	195.137000
Korean Won	NA	1,625.230000	NA	1,632.680000	1,636.820000	1,648.580000	1,690.630000	NA	1,696.020000	1,685.420000	1,695.330000
Kuwaiti Dinar	0.432796	NA	0.432668	0.432938	0.431466	0.431924	0.433516	0.432507	0.431535	NA	NA
Libyan Dinar	1.932370	1.932370	1.932370	1.932370	1.932370	1.932370	1.932370	1.932370	1.932370	1.932370	1.932370
Malaysian Ringgit	NA	5.125660	5.124470	5.104460	5.093570	5.179070	5.199780	5.207570	5.211620	5.248570	5.296390
Mauritian Rupee	NA	42.324800	42.557700	42.833500	42.864200	43.046100	43.510200	43.642000	43.756000	43.747000	44.064700
Mexican Peso	NA	16.953400	16.957900	17.015500	17.030800	17.029100	17.124500	17.011700	16.975600	16.935600	16.956400
Nepalese Rupee	105.681000	105.447000	105.535000	105.478000	NA	106.730000	108.339000	107.843000	108.977000	109.073000	110.459000
New Zealand Dollar	2.077510	2.083840	2.078360	2.065600	2.043730	2.080490	2.098980	2.111990	2.104040	2.115690	2.138550
Norwegian Krone	NA	8.311580	8.293250	8.217060	8.225980	8.284250	8.223680	NA	8.210990	8.203650	8.219830
Rial Omani	0.624664	0.623282	0.622840	0.623465	0.621346	0.620840	0.623131	0.622607	0.622611	0.620852	0.622297
Pakistani Rupee	NA	104.833000	105.874000	106.943000	105.920000	108.162000	110.237000	110.055000	110.348000	110.513000	111.570000
Nuevo Sol	NA	NA	NA	NA	NA	NA	NA	NA	NA	NA	NA
Philippine Peso	NA	NA	NA	NA	NA	NA	NA	NA	NA	NA	NA
Polish Zloty	NA	3.613410	3.595960	3.600200	3.578100	3.601200	3.566350	NA	3.539890	3.553940	3.546510
Qatar Riyal	5.913590	5.900510	5.896330	5.902250	5.882180	5.877410	5.899080	5.894140	5.894140	5.877480	5.891160
Russian Ruble	NA	NA	38.493500	38.503300	38.383100	38.563700	38.705800	38.591700	38.408900	38.513800	38.597200
Saudi Arabian Riyal	6.092290	6.078810	6.074520	6.080580	6.059910	6.055030	6.077330	6.072270	6.072270	6.055100	6.069210
Singapore Dollar	NA	2.208150	2.205780	2.201820	2.195310	2.218720	2.225110	2.219050	2.215160	2.222790	2.240260
South African Rand	NA	NA	12.294800	12.193600	12.136000	12.295700	12.478800	12.403600	12.274100	12.360500	12.332600
Sri Lanka Rupee	NA	174.902000	174.712000	174.901000	174.176000	174.179000	174.777000	174.384000	174.333000	173.848000	174.245000
Swedish Krona	NA	9.790960	9.792110	9.809980	9.728190	9.809110	9.744020	9.756100	9.679230	9.740610	9.710720
Swiss Franc	NA	1.700770	1.708320	1.702730	1.707440	1.703960	1.687720	NA	1.698610	1.706090	1.705850
Thai Baht	NA	NA	NA	51.416000	51.237900	51.236900	51.657400	51.677500	52.088800	52.086900	52.494500
Trinidad And Tobago Dollar	10.227400	10.184200	NA	10.168500	10.121700	10.113000	10.158100	10.152000	10.118300	10.055700	10.070700
Tunisian Dinar	NA	NA	NA	NA	NA	NA	NA	NA	NA	NA	NA
U.A.E. Dirham	5.966370	5.953200	5.948980	5.954930	5.934680	5.929900	5.951740	5.946750	5.946790	5.929970	5.943780
Peso Uruguayo	NA	NA	NA	NA	NA	NA	NA	NA	NA	NA	NA
Bolivar Fuerte	NA	NA	3.473970	3.477450	3.465630	NA	NA	3.472680	NA	NA	NA

Currency units per SDR for May 2008 Continued

Currency	May 16, 2008	May 19, 2008	May 20, 2008	May 21, 2008	May 22, 2008	May 23, 2008	May 26, 2008	May 27, 2008	May 28, 2008	May 29, 2008	May 30, 2008
Chinese Yuan	11.305800	11.322200	11.360000	11.373800	11.348200	11.351300	NA	11.345000	11.306200	11.266700	11.259200
Euro	1.043710	1.042650	1.040970	1.037410	1.037460	1.037560	1.037260	1.036780	1.040470	1.043910	1.045070
Japanese Yen	169.421000	169.072000	169.554000	168.653000	168.111000	170.078000	168.878000	168.887000	169.493000	170.212000	171.242000
U.K. Pound Sterling	0.830103	0.830124	0.828658	0.831165	0.825559	0.824701	0.826214	0.826535	0.824538	0.821639	0.821227
U.S. Dollar	1.617540	1.624130	1.627980	1.634240	1.634530	1.633330	1.634830	1.633970	1.628950	1.623390	1.620690
Algerian Dinar	NA	NA	NA	NA	NA	NA	NA	NA	NA	NA	NA
Australian Dollar	1.711870	1.700490	1.698290	1.704640	1.694860	1.704930	1.700290	1.695870	1.694710	1.688740	1.695460
Bahrain Dinar	0.608195	0.610676	0.612119	0.614473	0.614583	0.614130	0.614696	0.614371	0.612486	0.610396	0.609377
Botswana Pula	10.276600	10.338200	10.482800	10.496100	10.525000	10.490200	NA	10.582700	10.502600	10.453300	10.389000
Brazilian Real	NA	2.667800	2.678350	2.706620	NA	2.692380	2.703840	2.712720	2.715950	NA	2.672190
Brunei Dollar	2.224120	NA	2.228860	2.231060	2.220830	2.223940	2.223530	2.224320	2.219610	2.213980	2.212400
Canadian Dollar	1.612360	NA	1.616580	1.608740	1.611810	1.614220	1.617830	1.622860	1.615110	1.602610	1.611290
Chilean Peso	755.378000	755.727000	760.346000	NA	769.941000	770.654000	771.670000	775.843000	780.756000	778.253000	777.381000
Colombian Peso	2,900.160000	2,899.140000	2,896.750000	2,921.350000	NA	2,906.660000	2,906.690000	2,905.170000	2,887.400000	2,869.190000	2,845.850000
Czech Koruna	26.063500	26.120900	26.094900	26.030100	26.082100	26.038500	26.019900	26.078200	26.253800	26.156000	26.221100
Danish Krone	7.786520	7.779440	7.764820	7.737780	7.739340	7.740360	7.738140	7.733890	7.761620	7.786770	7.794840
Hungarian Forint	259.470000	257.035000	256.895000	252.996000	253.515000	254.652000	252.990000	252.628000	252.749000	251.333000	252.033000
Icelandic Krona	119.795000	118.513000	120.177000	119.969000	119.075000	117.975000	118.002000	118.087000	119.467000	120.082000	120.855000
Indian Rupee	68.972200	NA	69.465700	69.814400	70.529800	69.971700	69.578300	70.081000	69.800700	69.432400	69.025000
Indonesian Rupiah	15,051.200000	15,097.900000	NA	15,216.400000	15,225.600000	15,255.300000	15,272.600000	15,320.100000	15,185.100000	15,149.500000	15,101.600000
Iranian Rial	NA	14,885.200000	14,956.200000	14,914.000000	14,920.000000	NA	14,939.100000	14,916.500000	14,934.200000	14,996.900000	NA
Israeli New Sheqel	5.438180	5.470070	5.499310	5.494290	5.456040	5.443900	NA	5.367600	5.355990	5.295490	5.239690
Kazakhstani Tenge	195.302000	196.033000	196.481000	197.105000	197.108000	NA	197.144000	196.943000	196.419000	195.683000	195.244000
Korean Won	1,697.450000	1,692.670000	1,692.940000	1,704.840000	1,712.330000	1,703.730000	1,707.410000	1,713.550000	1,702.260000	1,684.590000	1,671.580000
Kuwaiti Dinar	NA	0.432507	0.434018	0.435034	0.433477	0.433159	0.433065	0.432348	0.431347	0.430198	0.429483
Libyan Dinar	1.932370	1.932370	1.932370	1.932370	1.932370	1.932370	1.932370	1.932370	1.932370	1.932370	1.932370
Malaysian Ringgit	5.262660	NA	5.296640	5.278580	5.249290	5.253590	5.268230	5.307970	5.281890	5.258150	5.256710
Mauritian Rupee	44.140200	44.438500	44.572400	44.951100	45.368800	45.463000	45.602100	45.584300	45.405200	45.176100	45.033300
Mexican Peso	16.865500	16.857200	16.931300	16.937900	16.968000	16.986600	16.977400	16.981000	16.851000	16.731600	16.742700
Nepalese Rupee	110.057000	110.847000	111.110000	111.537000	111.965000	112.863000	111.904000	111.845000	112.056000	111.673000	111.487000
New Zealand Dollar	2.120810	2.101900	2.106600	2.110870	2.102820	2.076710	2.084980	2.076200	2.064060	2.066960	2.077540
Norwegian Krone	8.199340	8.120640	8.139410	8.148960	8.148760	8.197860	8.183440	8.165800	8.183840	8.221790	8.264390
Rial Omani	0.621945	0.624481	0.625958	0.628362	0.628476	0.628014	0.628591	0.628263	0.626331	0.624192	0.623154
Pakistani Rupee	111.642000	112.686000	113.208000	113.961000	113.578000	111.744000	110.988000	111.193000	110.802000	109.149000	108.741000
Nuevo Sol	NA	NA	NA	NA	NA	NA	NA	NA	NA	NA	NA
Philippine Peso	NA	NA	NA	NA	NA	NA	NA	NA	NA	NA	NA
Polish Zloty	3.536110	3.516250	3.542160	3.517200	NA	3.540240	3.534990	3.525780	3.520170	3.527300	3.536990
Qatar Riyal	5.887860	5.911840	5.925860	5.948630	5.949690	5.945300	NA	5.947640	5.929400	5.909150	5.899290
Russian Ruble	38.560800	38.530600	38.658200	38.710800	38.535200	38.547700	38.497400	38.482100	38.418400	38.419000	38.472500
Saudi Arabian Riyal	6.065790	6.090500	6.104930	6.128390	6.129480	6.124970	6.130610	6.127380	6.108590	6.087720	6.077590
Singapore Dollar	2.224120	NA	2.228860	2.231060	2.220830	2.223940	2.223530	2.224320	2.219610	2.213980	2.212400
South African Rand	12.099200	12.189100	12.445900	12.501900	12.569500	12.495000	12.571800	12.679600	12.461500	12.402700	12.333400
Sri Lanka Rupee	174.306000	NA	NA	176.231000	176.178000	176.005000	176.214000	175.978000	175.745000	175.110000	174.806000
Swedish Krona	9.765910	9.716380	9.682420	9.703270	9.660060	9.681570	9.645530	9.673140	9.639300	9.716000	9.772780
Swiss Franc	1.708770	1.699490	1.694730	1.681630	1.681930	1.678900	1.676840	1.676130	1.686290	1.698880	1.699780
Thai Baht	52.429300	52.535900	NA	52.511400	52.123500	52.091700	NA	52.537000	52.602200	52.383400	52.581500
Trinidad And Tobago Dollar	10.089700	10.140400	10.169500	10.212500	NA	10.210600	10.207200	10.163000	10.167600	10.116300	NA
Tunisian Dinar	NA	NA	NA	NA	NA	NA	NA	NA	NA	NA	NA
U.A.E. Dirham	5.940430	5.964630	5.978750	6.001720	6.002800	5.998400	6.003910	6.000740	5.982330	5.961890	5.951990
Peso Uruguayo	NA	NA	NA	NA	NA	NA	NA	NA	NA	NA	NA
Bolivar Fuerte	NA	3.483120	3.491360	3.504780	3.505400	3.502840	NA	NA	3.493450	NA	NA

Notes:


The value of the U.S. dollar in terms of the SDR is the reciprocal of the sum of the dollar values, based on market exchange rates, of specified quantities of the SDR basket currencies. See SDR Valuation.

These rates are the official rates used by the Fund to conduct operations with member countries. The rates are derived from the currency's representative exchange rate, as reported by the central bank, normally against the U.S. dollar at spot market rates and rounded to six significant digits. See Representative Exchange Rates for Selected Currencies.

The value in terms of each national currency of the SDR (shown above) is the reciprocal of the value in terms of the SDR of each national currency, rounded to six significant digits.

Exchange rates are published daily except on IMF holidays or whenever the IMF is closed for business.
