Currency units per SDR for January 2008
Currency	January 02, 2008	January 03, 2008	January 04, 2008	January 07, 2008	January 08, 2008	January 09, 2008	January 10, 2008	January 11, 2008	January 14, 2008	January 15, 2008	January 16, 2008
Chinese Yuan	11.522200	11.539700	11.514100	11.492300	11.513000	11.493800	11.493200	11.508300	11.547500	11.516800	11.498300
Euro	1.074670	1.074810	1.074260	1.073760	1.075590	1.076620	1.076680	1.070570	1.068350	1.067810	1.073400
Japanese Yen	NA	NA	172.683000	172.286000	172.812000	173.300000	173.728000	173.482000	NA	171.384000	169.494000
U.K. Pound Sterling	0.795437	0.801777	0.800154	0.801057	0.800839	0.804686	0.805010	0.809520	0.810609	0.809422	0.811497
U.S. Dollar	1.578470	1.585670	1.582070	1.580890	1.581660	1.580480	1.578630	1.583590	1.591310	1.589540	1.587770
Algerian Dinar	NA	NA	NA	NA	NA	NA	NA	NA	NA	NA	NA
Australian Dollar	1.794330	1.795370	1.796580	1.811080	1.803280	1.791730	1.785780	1.768780	1.777600	1.765760	1.795110
Bahrain Dinar	0.593504	0.596210	0.594859	0.594417	0.594704	0.594262	0.593563	0.595429	0.598329	0.597668	0.597001
Botswana Pula	NA	9.546450	9.530530	9.586990	9.562610	9.526710	9.561600	9.539710	9.489020	9.501100	9.652140
Brazilian Real	2.794680	2.808850	2.778270	2.777000	2.794320	2.773120	2.791490	2.790290	2.789240	NA	2.769390
Brunei Dollar	2.274570	2.278440	2.268680	2.267630	2.266360	2.263720	2.259010	2.261680	2.276840	2.271770	2.266860
Canadian Dollar	1.566950	1.570600	1.580650	1.588960	1.579440	1.593920	1.600570	1.615100	1.624880	1.616400	1.625720
Chilean Peso	784.326000	789.740000	786.021000	783.693000	783.933000	774.767000	769.183000	767.772000	764.065000	749.738000	748.935000
Colombian Peso	3,180.240000	3,191.670000	3,185.130000	NA	3,185.420000	3,162.410000	3,164.680000	NA	3,159.300000	3,098.700000	3,094.420000
Czech Koruna	28.333500	28.145600	28.067500	28.067200	28.091900	27.984000	27.835900	27.739700	27.637800	27.650000	27.960600
Danish Krone	8.011860	8.010770	8.004160	7.999300	8.011600	8.018730	8.018920	7.971940	7.954120	7.949950	7.992650
Hungarian Forint	272.444000	273.195000	273.255000	273.889000	273.406000	273.234000	273.213000	271.569000	270.967000	271.477000	273.414000
Icelandic Krona	NA	99.326600	97.281000	97.983500	97.936500	99.444100	98.868900	99.575800	101.430000	101.746000	103.475000
Indian Rupee	62.239000	62.554700	62.206900	62.097500	62.111800	62.097100	62.024400	62.219200	62.522300	62.421200	62.351900
Indonesian Rupiah	14,790.300000	14,925.900000	14,909.400000	14,945.800000	14,954.600000	14,959.300000	NA	NA	15,001.200000	14,991.000000	14,990.100000
Iranian Rial	14,648.200000	14,676.900000	NA	14,678.600000	14,658.800000	14,663.700000	14,660.700000	NA	14,611.400000	14,654.000000	14,667.800000
Israeli New Sheqel	6.094480	6.085800	6.022940	6.051660	6.008710	5.991610	6.006690	5.978040	5.927610	5.898770	5.933490
Kazakhstani Tenge	189.890000	190.756000	190.433000	190.577000	190.669000	190.685000	190.430000	190.949000	191.705000	191.460000	191.199000
Korean Won	1,480.920000	1,481.810000	1,485.400000	1,481.770000	1,489.450000	1,484.390000	1,483.590000	1,481.610000	1,489.780000	1,489.560000	1,484.720000
Kuwaiti Dinar	0.431081	0.433204	0.432221	0.431900	0.432109	0.431788	0.431282	0.432636	0.434426	0.433785	0.433144
Libyan Dinar	1.932370	1.932370	1.932370	1.932370	1.932370	1.932370	1.932370	1.932370	1.932370	1.932370	1.932370
Malaysian Ringgit	5.223160	5.243010	5.194720	5.189280	5.175180	5.172130	NA	5.156950	5.184460	5.176330	5.172960
Mauritian Rupee	NA	44.647800	44.568800	44.621500	44.563300	44.599100	44.680000	45.074900	45.486200	45.595900	45.415100
Mexican Peso	17.200900	17.258700	17.288400	17.264600	17.216400	17.325300	17.297300	17.311500	17.367500	17.358200	17.379400
Nepalese Rupee	100.312000	100.769000	100.540000	100.308000	99.961000	99.886100	99.769500	100.083000	100.570000	100.459000	100.347000
New Zealand Dollar	NA	2.046550	2.053570	2.061140	2.057840	2.054710	2.043260	2.017310	2.038050	NA	2.050850
Norwegian Krone	8.581850	8.517890	8.449010	8.448940	8.485940	8.495600	8.440100	8.370230	8.362460	8.364140	8.524930
Rial Omani	0.606921	0.609689	0.608306	0.607855	0.608147	0.607696	0.606980	0.608891	0.611857	0.611180	0.610497
Pakistani Rupee	NA	97.076100	96.855100	96.782900	96.829800	96.758600	96.644500	NA	97.421300	97.313200	97.204400
Nuevo Sol	NA	NA	NA	NA	NA	NA	NA	NA	NA	NA	NA
Philippine Peso	NA	NA	NA	NA	NA	NA	NA	NA	NA	NA	NA
Polish Zloty	3.875140	3.892810	3.880660	3.874930	3.869210	3.860960	3.859740	3.835460	3.827880	3.823160	3.853830
Qatar Riyal	5.745640	5.771840	5.758740	5.754440	5.757220	5.752950	5.746200	5.764250	5.792370	5.785930	5.779480
Russian Ruble	NA	NA	NA	NA	NA	38.625000	38.644200	38.587500	38.654800	38.603200	38.641100
Saudi Arabian Riyal	5.919260	5.946260	5.932750	5.928350	5.931230	5.926800	5.919860	5.938450	5.967410	5.960790	5.954150
Singapore Dollar	2.274570	2.278440	2.268680	2.267630	2.266360	2.263720	2.259010	2.261680	2.276840	2.271770	2.266860
South African Rand	10.757300	10.838000	10.805500	10.908200	10.889700	10.794700	10.837300	10.823800	NA	10.713500	11.035000
Sri Lanka Rupee	171.585000	172.213000	171.974000	171.740000	171.663000	171.302000	170.974000	171.560000	172.354000	NA	171.761000
Swedish Krona	10.141700	10.152200	10.073800	10.098000	10.071200	10.111100	10.130800	10.043900	10.069000	10.034000	10.122000
Swiss Franc	NA	1.764050	1.762900	1.764280	1.764340	1.758290	1.754960	1.745910	1.735320	1.734350	1.733840
Thai Baht	NA	53.287900	52.939200	52.893500	52.765700	52.633200	52.396100	52.540300	53.087600	52.679000	52.607500
Trinidad And Tobago Dollar	9.962240	10.032000	9.995700	10.004700	9.937690	NA	9.974660	9.963040	10.029400	10.033500	9.996600
Tunisian Dinar	NA	NA	NA	NA	NA	NA	NA	NA	NA	NA	NA
U.A.E. Dirham	5.796930	NA	5.810140	5.805820	NA	NA	NA	NA	5.844060	5.837580	5.831070
Peso Uruguayo	NA	NA	NA	NA	NA	NA	NA	NA	NA	NA	NA
Bolivar Fuerte	NA	NA	NA	NA	NA	NA	NA	NA	NA	NA	NA

Currency units per SDR for January 2008 Continued

Currency	January 17, 2008	January 18, 2008	January 21, 2008	January 22, 2008	January 23, 2008	January 24, 2008	January 25, 2008	January 28, 2008	January 29, 2008	January 30, 2008	January 31, 2008
Chinese Yuan	11.474100	11.472500	11.439200	11.435900	11.430300	11.446000	11.418900	11.430100	11.454700	11.459500	11.462500
Euro	1.076610	1.077320	1.088030	1.087450	1.084030	1.079780	1.077550	1.075980	1.076620	1.074710	1.072810
Japanese Yen	169.316000	169.311000	168.126000	166.914000	169.124000	168.698000	169.751000	169.604000	169.865000	169.988000	169.672000
U.K. Pound Sterling	0.805893	0.807181	0.808499	0.806627	0.808401	0.806803	0.801160	0.800852	0.798320	0.798257	0.799955
U.S. Dollar	1.581650	1.580870	1.575690	1.576150	1.579860	1.583280	1.584530	1.587600	1.590500	1.591640	1.595270
Algerian Dinar	NA	NA	NA	NA	NA	NA	NA	NA	NA	NA	NA
Australian Dollar	1.797330	1.803610	1.798320	1.837640	1.828970	1.810290	1.791040	NA	1.793120	1.792190	1.795660
Bahrain Dinar	0.594700	0.594407	0.592459	0.592631	0.594029	0.595313	0.595784	0.596940	0.598025	0.598458	0.599819
Botswana Pula	9.691520	9.674830	NA	9.863290	9.794610	9.707420	9.781100	9.860860	9.860470	9.941540	10.096600
Brazilian Real	2.787180	2.794810	2.811340	2.883250	2.848970	2.871900	2.832360	NA	2.846670	2.825810	NA
Brunei Dollar	2.264920	2.274550	2.267410	2.285890	2.273580	2.265510	2.254950	2.258210	2.257550	2.262040	2.262720
Canadian Dollar	1.627990	1.627500	1.626740	1.616030	1.625050	1.594680	1.635870	1.594590	1.586840	1.581620	1.598770
Chilean Peso	756.470000	752.587000	NA	760.555000	759.694000	758.420000	746.965000	742.920000	746.675000	737.855000	742.275000
Colombian Peso	3,100.810000	3,078.890000	3,101.160000	3,102.060000	3,171.430000	3,174.590000	3,122.560000	3,113.770000	NA	3,098.200000	3,094.170000
Czech Koruna	28.129600	28.142500	28.638100	28.487300	28.262200	28.050900	27.914700	27.859300	27.892500	27.974800	27.969800
Danish Krone	8.022270	8.030320	8.107870	8.102350	8.077020	8.047320	8.029610	8.018860	8.023430	8.009290	7.995460
Hungarian Forint	276.093000	277.837000	280.362000	283.155000	279.067000	279.385000	276.564000	279.339000	278.496000	277.837000	278.916000
Icelandic Krona	103.566000	103.167000	104.043000	105.775000	104.935000	105.304000	103.153000	103.401000	102.730000	102.391000	103.756000
Indian Rupee	62.143100	62.080600	62.050500	62.620500	62.499200	62.428600	62.430500	62.662900	62.665700	62.758500	62.837400
Indonesian Rupiah	14,938.700000	14,981.900000	14,895.000000	14,951.300000	14,855.500000	14,827.400000	14,804.300000	14,839.300000	14,844.100000	14,808.700000	14,821.600000
Iranian Rial	14,736.200000	NA	14,783.100000	14,754.300000	14,751.200000	14,765.600000	NA	14,753.600000	14,729.600000	14,727.500000	14,725.900000
Israeli New Sheqel	5.921710	5.975680	5.989170	5.981470	5.864450	5.829610	5.878620	5.888410	5.787810	5.803120	5.782820
Kazakhstani Tenge	190.178000	189.783000	189.429000	189.926000	190.152000	190.405000	190.493000	190.703000	191.161000	191.395000	191.783000
Korean Won	1,484.540000	1,493.920000	1,493.280000	1,492.450000	1,507.660000	1,505.700000	1,504.670000	1,502.830000	1,508.740000	1,506.810000	1,505.770000
Kuwaiti Dinar	0.431790	0.431576	0.430478	0.430762	0.431460	0.432393	0.432736	0.433574	0.434363	0.434679	0.435667
Libyan Dinar	1.932370	1.932370	1.932370	1.932370	1.932370	1.932370	1.932370	1.932370	1.932370	1.932370	1.932370
Malaysian Ringgit	5.189390	5.188390	5.155650	5.202070	NA	5.175720	5.137850	5.149380	5.147630	5.156130	5.162280
Mauritian Rupee	45.273900	45.078100	NA	NA	45.329700	45.466100	45.421100	45.619800	45.549200	45.528000	45.517900
Mexican Peso	17.310400	17.268600	17.303100	17.216600	17.303000	17.247300	17.223600	17.270600	17.248000	17.249300	17.270700
Nepalese Rupee	99.960000	99.911100	99.583700	99.912100	100.780000	100.775000	100.855000	100.670000	100.853000	NA	101.156000
New Zealand Dollar	2.053030	2.062180	2.075180	2.112520	2.067880	2.066400	2.046940	2.068270	2.043550	2.046340	2.033740
Norwegian Krone	8.563400	8.609410	8.733090	8.747450	8.740570	8.677170	NA	8.678300	8.650670	8.645960	8.664010
Rial Omani	0.608143	0.607844	0.605851	0.606028	0.607456	0.608769	0.609251	0.610434	0.611546	0.611988	0.613380
Pakistani Rupee	96.829800	96.782000	96.464600	96.492500	96.720200	96.929300	97.006400	97.194000	97.371000	97.441200	97.662900
Nuevo Sol	NA	NA	NA	NA	NA	NA	NA	NA	NA	NA	NA
Philippine Peso	NA	NA	NA	NA	NA	NA	NA	NA	NA	NA	NA
Polish Zloty	3.891810	3.917700	3.956870	3.981830	3.927700	3.923980	3.888770	3.915830	3.896870	3.900000	3.898510
Qatar Riyal	5.757220	5.754340	5.735490	5.737170	5.750700	5.763120	5.767710	5.778880	5.789420	5.793570	5.806760
Russian Ruble	38.757300	38.743200	38.833700	39.233100	38.916000	39.003800	38.723800	39.047400	38.927300	38.957800	38.966300
Saudi Arabian Riyal	5.931200	5.928240	5.908840	5.910550	5.924490	5.937290	5.941980	5.953510	5.964350	5.968650	5.982260
Singapore Dollar	2.264920	2.274550	2.267410	2.285890	2.273580	2.265510	2.254950	2.258210	2.257550	2.262040	2.262720
South African Rand	11.095300	11.081900	11.352800	11.427100	11.248600	11.130400	11.297700	11.422800	11.387900	11.531500	11.852800
Sri Lanka Rupee	170.956000	170.749000	170.184000	NA	170.556000	170.811000	170.966000	171.404000	171.905000	172.029000	172.246000
Swedish Krona	10.209600	10.184700	10.269500	10.422300	10.269100	10.279400	10.145000	10.263900	10.199100	10.186500	10.141900
Swiss Franc	1.738550	1.741640	1.737350	1.738180	1.726000	1.724190	1.737920	1.731760	1.738410	1.732500	1.722250
Thai Baht	52.422200	52.383400	52.098500	NA	52.435600	52.466400	52.429000	52.483000	52.572400	52.597500	52.710600
Trinidad And Tobago Dollar	9.980240	9.962640	9.945400	9.940950	9.944310	9.944410	9.996300	10.021400	10.029500	10.056500	10.086700
Tunisian Dinar	NA	NA	NA	NA	NA	NA	NA	NA	NA	NA	NA
U.A.E. Dirham	5.808620	5.805720	5.786700	5.788410	5.802050	5.814600	5.819200	5.830460	5.841090	5.845320	5.858610
Peso Uruguayo	NA	NA	NA	NA	NA	NA	NA	NA	NA	NA	NA
Bolivar Fuerte	NA	NA	NA	NA	NA	NA	NA	NA	NA	NA	NA

Notes:


The value of the U.S. dollar in terms of the SDR is the reciprocal of the sum of the dollar values, based on market exchange rates, of specified quantities of the SDR basket currencies. See SDR Valuation.

These rates are the official rates used by the Fund to conduct operations with member countries. The rates are derived from the currency's representative exchange rate, as reported by the central bank, normally against the U.S. dollar at spot market rates and rounded to six significant digits. See Representative Exchange Rates for Selected Currencies.

The value in terms of each national currency of the SDR (shown above) is the reciprocal of the value in terms of the SDR of each national currency, rounded to six significant digits.

Exchange rates are published daily except on IMF holidays or whenever the IMF is closed for business.
