Currency units per SDR for February 2009
Currency	February 02, 2009	February 03, 2009	February 04, 2009	February 05, 2009	February 06, 2009	February 09, 2009	February 10, 2009	February 11, 2009	February 12, 2009	February 13, 2009	February 16, 2009
Chinese Yuan	10.197300	10.215500	10.223700	10.220900	10.193900	10.241800	10.243300	10.227300	10.182600	10.190600	NA
Euro	1.168420	1.162370	1.166980	1.165460	1.165180	1.152000	1.156080	1.156740	1.161280	1.162980	1.162790
Japanese Yen	133.808000	133.970000	133.728000	133.668000	135.558000	137.190000	137.017000	NA	134.124000	135.707000	135.962000
U.K. Pound Sterling	1.054980	1.048460	1.040150	1.031360	1.017100	1.005250	1.013440	1.042710	1.049850	1.027270	1.041100
U.S. Dollar	1.490900	1.493530	1.495840	1.495160	1.490960	1.498520	1.499090	1.496600	1.490270	1.491290	1.484300
Algerian Dinar	NA	NA	NA	NA	NA	NA	NA	NA	NA	NA	NA
Australian Dollar	2.359010	2.339490	2.309460	2.322770	2.286400	2.238270	2.242130	2.284530	2.264850	2.268460	2.277930
Bahrain Dinar	0.560576	0.561567	0.562436	0.562183	0.560601	0.563444	0.563657	0.562721	0.560340	0.560724	0.558095
Botswana Pula	12.004000	11.938700	11.947600	11.828800	11.804900	11.598500	11.647900	11.858900	11.912600	11.835600	NA
Brazilian Real	3.452030	3.504870	3.460770	3.436780	3.437710	3.394160	3.363650	3.370340	NA	NA	3.365200
Brunei Dollar	2.259900	2.251800	2.255420	2.255910	2.246280	2.243290	2.249830	2.257910	2.247630	2.248710	2.246190
Canadian Dollar	1.849310	1.842570	1.834800	1.839500	1.847150	1.827000	1.848670	1.859370	1.859410	1.854120	1.846020
Chilean Peso	920.031000	928.652000	933.210000	922.816000	924.813000	922.824000	914.637000	906.487000	897.320000	884.361000	865.823000
Colombian Peso	3,608.360000	3,660.320000	3,655.330000	3,691.590000	3,686.620000	3,670.610000	3,673.660000	3,732.610000	3,782.030000	3,758.140000	3,724.850000
Czech Koruna	32.883300	33.017600	33.095400	32.914600	32.653600	31.978500	32.377200	33.061300	33.238900	33.233400	33.870200
Danish Krone	8.708900	8.663260	8.695580	8.672730	8.682440	8.584720	8.615860	8.619800	8.654340	8.666940	8.665660
Hungarian Forint	348.631000	347.964000	346.496000	344.546000	336.749000	336.823000	337.085000	340.266000	345.638000	344.980000	351.823000
Icelandic Krona	172.154000	174.310000	172.874000	171.690000	170.059000	167.760000	167.973000	168.651000	171.366000	171.021000	170.843000
Indian Rupee	73.069000	72.884700	72.772300	72.993800	72.654400	72.828400	73.005500	73.063600	72.605800	72.655400	72.314900
Indonesian Rupiah	17,443.500000	17,502.700000	17,478.900000	17,625.000000	17,518.800000	17,532.700000	17,651.800000	17,734.600000	17,683.500000	17,574.800000	17,620.100000
Iranian Rial	14,428.900000	14,351.400000	14,300.200000	13,807.800000	NA	14,337.900000	NA	14,335.900000	14,258.900000	NA	NA
Israeli New Sheqel	6.060500	6.084650	6.094030	6.080840	5.981760	6.049530	NA	6.077660	6.041570	6.032270	6.047050
Kazakhstani Tenge	181.099000	182.017000	215.371000	215.274000	222.958000	224.089000	222.615000	221.945000	220.724000	221.292000	NA
Korean Won	2,061.170000	2,079.150000	2,079.960000	2,057.640000	2,061.550000	2,066.610000	2,063.040000	2,075.780000	2,082.950000	2,080.050000	2,081.280000
Kuwaiti Dinar	0.432957	0.432975	0.432745	0.433150	0.431932	0.433823	0.434435	0.433713	0.431730	0.432027	0.431559
Libyan Dinar	1.932370	1.932370	1.932370	1.932370	1.932370	1.932370	1.932370	1.932370	1.932370	1.932370	1.932370
Malaysian Ringgit	NA	5.402860	5.403710	5.414740	5.378660	NA	5.385460	5.407190	5.380630	5.392490	5.367230
Mauritian Rupee	49.175100	49.310900	49.432800	49.435700	49.461900	49.580500	49.745800	49.749300	49.676600	NA	49.513500
Mexican Peso	NA	21.716600	21.639800	21.372600	21.138600	21.187900	21.523200	21.747500	21.759800	21.523200	21.565100
Nepalese Rupee	116.737000	117.168000	116.975000	116.698000	116.593000	116.810000	116.629000	116.734000	116.241000	116.470000	115.701000
New Zealand Dollar	2.933680	2.971620	2.908490	2.946130	NA	2.825270	2.782790	2.862660	2.834290	2.862360	2.844570
Norwegian Krone	10.447300	10.506700	10.376800	10.231600	10.222000	9.978650	9.989610	10.052000	10.237200	10.140000	10.205700
Rial Omani	0.573250	0.574264	0.575149	0.574891	0.573276	0.576183	0.576399	0.575440	0.573007	0.573401	0.570711
Pakistani Rupee	118.053000	118.068000	118.246000	118.193000	118.046000	118.712000	119.108000	118.955000	118.383000	118.740000	118.349000
Nuevo Sol	NA	NA	NA	NA	NA	NA	NA	NA	NA	NA	NA
Philippine Peso	NA	NA	NA	NA	NA	NA	NA	NA	NA	NA	NA
Polish Zloty	5.192490	5.261720	5.395490	5.399330	5.302450	5.269560	5.194780	5.235550	5.329350	5.361040	5.545330
Qatar Riyal	5.426880	5.436470	5.444840	5.442380	5.427110	5.454610	5.456670	5.447600	5.424580	5.428290	5.402840
Russian Ruble	53.935700	53.959800	53.870300	54.288500	54.240800	54.135400	53.859900	53.626500	51.861800	51.535800	51.623600
Saudi Arabian Riyal	5.590870	5.600770	5.609370	5.606860	5.591120	5.619460	5.621580	5.612240	5.588500	5.592340	5.566130
Singapore Dollar	2.259900	2.251800	2.255420	2.255910	2.246280	2.243290	2.249830	2.257910	2.247630	2.248710	2.246190
South African Rand	15.237000	15.077200	15.085500	14.847000	14.850000	14.385800	14.503700	14.846200	15.036800	14.860700	NA
Sri Lanka Rupee	169.772000	170.153000	NA	170.243000	169.772000	NA	170.747000	170.412000	169.770000	169.895000	169.141000
Swedish Krona	12.501200	12.437400	12.344400	12.398600	12.255700	12.224200	12.180100	12.403000	12.499600	12.448500	12.616500
Swiss Franc	1.731230	1.728620	1.735170	1.736630	1.747410	1.742030	1.738640	1.730360	1.734970	1.732580	1.734250
Thai Baht	52.071100	52.246900	52.281000	52.254500	52.086900	NA	NA	52.392800	52.226400	52.420200	NA
Trinidad And Tobago Dollar	9.342390	9.335930	9.337500	9.328970	9.321920	9.374620	9.390910	9.322180	9.299900	9.333670	9.277640
Tunisian Dinar	NA	NA	NA	NA	NA	NA	NA	NA	NA	NA	NA
U.A.E. Dirham	5.475310	5.485010	5.493450	5.490980	5.475550	5.503340	5.505400	5.496260	5.473000	5.476750	5.451080
Peso Uruguayo	NA	NA	NA	NA	NA	NA	NA	NA	NA	NA	NA
Bolivar Fuerte	3.197380	3.203030	NA	3.206530	NA	3.213730	3.214940	3.209600	3.196030	3.198220	3.183220

Currency units per SDR for February 2009 Continued

Currency	February 17, 2009	February 18, 2009	February 19, 2009	February 20, 2009	February 23, 2009	February 24, 2009	February 25, 2009	February 26, 2009	February 27, 2009
Chinese Yuan	10.104900	10.086900	10.105300	10.084400	10.143000	10.113400	10.090700	10.069000	10.033700
Euro	1.170150	1.171400	1.163370	1.171670	1.159760	1.159190	1.153640	1.152160	1.160520
Japanese Yen	136.749000	136.144000	138.420000	138.747000	138.036000	140.698000	143.033000	144.030000	143.141000
U.K. Pound Sterling	1.038030	1.037620	1.026640	1.030420	1.014320	1.018710	1.027060	1.033040	1.033720
U.S. Dollar	1.478370	1.475500	1.478060	1.475250	1.484260	1.479480	1.476090	1.472700	1.467360
Algerian Dinar	NA	NA	NA	NA	NA	NA	NA	NA	NA
Australian Dollar	2.299890	2.308350	2.298330	2.307240	2.286290	2.291630	2.266370	2.264990	2.273570
Bahrain Dinar	0.555867	0.554788	0.555750	0.554693	0.558082	0.556285	0.555010	0.553734	0.551730
Botswana Pula	11.931900	11.937700	11.777300	11.916400	11.826800	11.845300	11.761700	11.716000	11.805000
Brazilian Real	3.357520	3.411790	3.456880	3.428630	NA	NA	3.529030	3.505890	NA
Brunei Dollar	2.252290	2.255150	2.260100	2.263480	2.260080	2.265970	2.255760	2.259560	2.261500
Canadian Dollar	1.862890	1.858540	1.861610	1.850110	1.857100	1.844910	1.853380	1.834390	1.864580
Chilean Peso	863.886000	874.042000	875.672000	891.305000	919.413000	919.363000	884.150000	884.635000	874.195000
Colombian Peso	NA	3,769.020000	3,781.080000	3,758.060000	3,841.720000	3,805.670000	3,832.470000	3,792.920000	3,749.190000
Czech Koruna	34.494800	33.788900	33.263700	33.756600	32.996500	32.847400	32.701200	32.579000	32.641600
Danish Krone	8.719990	8.728440	8.667460	8.729050	8.640580	8.635730	8.594090	8.583470	8.646330
Hungarian Forint	357.543000	361.098000	350.285000	356.790000	346.975000	345.074000	344.312000	346.127000	343.495000
Icelandic Krona	168.726000	168.487000	167.508000	168.134000	166.964000	166.841000	165.676000	165.516000	165.753000
Indian Rupee	72.676500	73.553700	73.681100	NA	NA	73.811100	73.538600	74.238500	74.439700
Indonesian Rupiah	17,592.600000	17,595.300000	17,699.700000	17,685.300000	17,736.900000	17,662.000000	17,617.100000	17,635.500000	17,579.000000
Iranian Rial	14,255.900000	14,272.500000	14,301.700000	NA	14,401.800000	13,756.200000	13,742.400000	NA	NA
Israeli New Sheqel	6.113030	6.111500	6.094030	6.137040	6.156690	6.156120	6.186280	6.145560	6.107170
Kazakhstani Tenge	220.439000	220.262000	220.851000	219.812000	NA	221.922000	221.694000	220.904000	220.486000
Korean Won	2,086.570000	2,131.510000	2,166.390000	2,174.520000	2,227.130000	2,214.190000	2,230.080000	2,221.120000	2,225.110000
Kuwaiti Dinar	0.430869	0.430182	0.431518	0.430698	0.430955	0.431194	NA	NA	NA
Libyan Dinar	1.932370	1.932370	1.932370	1.932370	1.932370	1.932370	1.932370	1.932370	1.932370
Malaysian Ringgit	5.370170	5.395170	5.408210	5.413420	5.439070	5.430410	5.415040	5.409940	5.418230
Mauritian Rupee	49.469400	49.592800	49.907400	NA	NA	50.378100	50.609600	50.452300	50.473400
Mexican Peso	21.601600	21.649200	21.506500	21.857700	22.045400	21.944600	22.034300	21.990600	22.112900
Nepalese Rupee	115.534000	117.228000	117.432000	117.504000	118.221000	117.840000	117.940000	117.668000	118.123000
New Zealand Dollar	2.853440	2.910830	2.900430	2.896620	2.907460	2.915230	2.871210	2.891610	2.886240
Norwegian Krone	10.290300	10.378700	10.096900	10.251500	NA	10.125500	10.089800	10.113700	10.312300
Rial Omani	0.568434	0.567331	0.568314	0.567234	0.570698	0.568861	0.567556	0.566251	0.564200
Pakistani Rupee	118.217000	118.565000	118.087000	117.755000	118.737000	118.007000	117.801000	117.668000	117.196000
Nuevo Sol	NA	NA	NA	NA	NA	NA	NA	NA	NA
Philippine Peso	NA	NA	NA	NA	NA	NA	NA	NA	NA
Polish Zloty	5.652980	5.751190	5.461710	5.579830	5.431210	5.415180	5.359980	5.429680	5.393740
Qatar Riyal	5.381260	5.370830	5.380130	5.369910	5.402690	5.385290	5.372960	5.360610	5.341200
Russian Ruble	52.680900	53.747500	53.344400	53.221200	NA	53.298700	52.761500	52.608000	52.415000
Saudi Arabian Riyal	5.543880	5.533120	5.542710	5.532200	5.565980	5.548030	5.535320	5.522600	5.502610
Singapore Dollar	2.252290	2.255150	2.260100	2.263480	2.260080	2.265970	2.255760	2.259560	2.261500
South African Rand	15.079300	15.064800	14.728800	15.010700	14.798100	14.905800	14.738700	14.653300	14.747000
Sri Lanka Rupee	168.370000	167.986000	168.340000	167.957000	NA	168.547000	168.228000	167.684000	167.728000
Swedish Krona	12.869200	12.962300	12.803700	12.967400	12.868500	13.067500	12.893600	13.073900	13.283300
Swiss Franc	1.730130	1.732230	1.739820	1.749210	1.725160	1.712790	1.715360	1.713040	1.724450
Thai Baht	51.991300	52.018600	52.216900	52.341800	52.997000	52.667900	52.751000	52.685700	NA
Trinidad And Tobago Dollar	9.225860	9.217860	9.232670	9.216590	9.270680	NA	NA	9.168590	9.155920
Tunisian Dinar	NA	NA	NA	NA	NA	NA	NA	NA	NA
U.A.E. Dirham	5.429290	5.418760	5.428170	5.417850	5.450930	5.433390	5.420940	5.408480	5.388890
Peso Uruguayo	NA	NA	NA	NA	NA	NA	NA	NA	NA
Bolivar Fuerte	3.170510	3.164360	3.169840	3.163830	3.183140	3.172890	3.165620	3.158340	3.146910

Notes:


The value of the U.S. dollar in terms of the SDR is the reciprocal of the sum of the dollar values, based on market exchange rates, of specified quantities of the SDR basket currencies. See SDR Valuation.

These rates are the official rates used by the Fund to conduct operations with member countries. The rates are derived from the currency's representative exchange rate, as reported by the central bank, normally against the U.S. dollar at spot market rates and rounded to six significant digits. See Representative Exchange Rates for Selected Currencies.

The value in terms of each national currency of the SDR (shown above) is the reciprocal of the value in terms of the SDR of each national currency, rounded to six significant digits.

Exchange rates are published daily except on IMF holidays or whenever the IMF is closed for business.
