Currency units per SDR for May 2009
Currency	May 01, 2009	May 04, 2009	May 05, 2009	May 06, 2009	May 07, 2009	May 08, 2009	May 11, 2009	May 12, 2009	May 13, 2009	May 14, 2009	May 15, 2009
Chinese Yuan	NA	10.240000	10.251400	10.243400	10.237400	10.249500	10.326000	10.360100	10.375400	10.354900	10.362800
Euro	NA	1.135080	1.121480	1.126910	1.122820	1.119110	1.115100	1.109510	1.116150	1.118630	1.123260
Japanese Yen	148.447000	NA	NA	NA	148.092000	149.188000	149.093000	147.716000	146.276000	144.892000	145.814000
U.K. Pound Sterling	1.003320	NA	0.996304	0.994738	0.990315	0.998801	1.001810	0.993424	1.002260	1.006500	1.000810
U.S. Dollar	1.497950	1.500910	1.503120	1.501260	1.500430	1.502400	1.513630	1.518140	1.520540	1.517200	1.518420
Algerian Dinar	NA	NA	NA	NA	NA	NA	NA	NA	NA	NA	NA
Australian Dollar	2.059330	2.040950	2.029330	2.035340	1.991280	1.988350	1.973960	1.997820	1.977030	2.016740	2.000290
Bahrain Dinar	0.563231	0.564344	0.565173	0.564474	0.564162	0.564902	0.569126	0.570822	0.571723	0.570467	0.570926
Botswana Pula	NA	10.728500	10.713600	10.816000	10.709700	10.769900	10.850400	10.875000	10.947000	11.026100	11.035100
Brazilian Real	NA	3.268240	3.210820	3.222920	3.181660	3.151430	3.139570	3.122970	3.138530	3.183680	3.176690
Brunei Dollar	NA	2.215950	2.217100	2.220670	2.208030	2.208680	2.206120	2.217250	2.210860	2.229370	2.223880
Canadian Dollar	1.778370	1.768220	1.767670	1.761130	1.757600	1.739930	1.754450	1.772580	1.776440	1.779210	1.785060
Chilean Peso	NA	870.678000	862.114000	853.993000	856.927000	848.011000	851.462000	862.991000	863.804000	866.078000	856.692000
Colombian Peso	3,428.270000	3,435.050000	3,415.920000	3,388.340000	3,351.210000	NA	3,345.660000	3,371.680000	3,377.720000	3,424.860000	3,418.780000
Czech Koruna	NA	30.235900	29.703200	30.125900	29.699500	NA	29.838200	29.678200	29.887700	30.139100	30.348700
Danish Krone	8.390950	8.454370	8.353030	8.393700	8.363510	NA	8.306340	8.264190	8.312480	8.331250	8.364350
Hungarian Forint	NA	325.203000	319.594000	320.805000	314.505000	312.093000	310.597000	310.901000	310.448000	320.780000	322.573000
Icelandic Krona	NA	191.381000	189.213000	189.730000	190.960000	188.371000	189.688000	189.935000	191.663000	192.972000	192.157000
Indian Rupee	NA	74.565100	74.630200	74.312400	74.211000	73.993000	74.516200	75.284800	75.023300	75.601800	75.237800
Indonesian Rupiah	15,960.700000	15,737.100000	15,655.000000	15,770.800000	15,544.400000	15,647.500000	15,602.500000	15,806.900000	15,698.000000	15,842.600000	15,781.000000
Iranian Rial	NA	14,761.500000	14,754.600000	14,801.000000	14,783.700000	NA	14,764.000000	14,835.300000	14,822.200000	14,879.100000	NA
Israeli New Sheqel	6.232980	6.245320	6.200400	6.216740	6.202780	6.161350	6.205900	6.227430	6.247890	6.302430	6.293860
Kazakhstani Tenge	NA	226.098000	226.490000	226.180000	225.980000	226.051000	227.741000	228.420000	228.461000	227.579000	227.490000
Korean Won	NA	1,962.140000	NA	1,913.510000	1,918.300000	1,896.630000	1,901.120000	1,876.580000	1,892.760000	1,879.650000	1,912.760000
Kuwaiti Dinar	0.435905	0.437067	0.436958	0.436868	0.436475	0.437048	0.438498	0.439959	0.440042	0.439682	0.440038
Libyan Dinar	1.932370	1.932370	1.932370	1.932370	1.932370	1.932370	1.932370	1.932370	1.932370	1.932370	1.932370
Malaysian Ringgit	NA	5.297480	5.287230	5.315220	5.281500	5.307240	5.299220	5.347650	5.337830	5.389850	5.379790
Mauritian Rupee	NA	50.898900	50.716400	50.563000	50.322600	50.461700	50.656500	50.559700	50.261900	49.881500	50.016300
Mexican Peso	NA	20.037200	19.877600	19.856900	19.671100	19.691500	19.829800	20.071100	20.250000	20.176100	20.052000
Nepalese Rupee	119.567000	119.698000	119.619000	118.750000	118.984000	NA	119.274000	119.933000	119.818000	120.541000	121.018000
New Zealand Dollar	2.647490	2.616660	2.604610	2.590620	2.545690	2.528870	2.503110	2.527710	2.510790	2.558070	2.555410
Norwegian Krone	NA	9.863880	9.742320	9.843490	9.678670	9.670810	9.703560	9.709300	9.866800	9.879670	9.903740
Rial Omani	0.575964	0.577101	0.577951	0.577237	0.576914	0.577674	0.581991	0.583727	0.584645	0.583363	0.583833
Pakistani Rupee	NA	120.884000	120.971000	120.776000	120.761000	120.830000	121.831000	122.263000	122.469000	122.603000	122.697000
Nuevo Sol	NA	NA	NA	NA	NA	NA	NA	NA	NA	NA	NA
Philippine Peso	NA	NA	NA	NA	NA	NA	NA	NA	NA	NA	NA
Polish Zloty	NA	4.960370	4.892370	4.951920	4.896200	4.870640	4.865560	4.896010	4.877570	4.991270	5.007610
Qatar Riyal	5.452530	5.463320	5.471360	5.464600	5.461560	5.468720	5.509610	5.526050	5.534740	5.522600	5.527060
Russian Ruble	NA	49.480900	49.324300	49.373900	49.201200	48.908100	NA	49.008300	48.632900	48.804800	48.710600
Saudi Arabian Riyal	5.617310	5.628410	5.636690	5.629740	5.626610	5.633990	5.676110	5.693040	5.702000	5.689480	5.694080
Singapore Dollar	NA	2.215950	2.217100	2.220670	2.208030	2.208680	2.206120	2.217250	2.210860	2.229370	2.223880
South African Rand	NA	12.547600	12.475900	12.693200	12.506100	12.582600	12.737200	12.767600	12.840900	13.093400	13.104000
Sri Lanka Rupee	NA	180.306000	180.445000	180.158000	178.778000	NA	177.371000	177.374000	178.684000	178.477000	178.812000
Swedish Krona	NA	12.033600	11.927300	12.002600	11.834600	11.771300	11.628500	11.826300	11.753700	12.042700	11.972800
Swiss Franc	NA	1.710290	1.696720	1.701080	1.705390	1.696660	1.677260	1.679220	1.677610	1.684850	1.684540
Thai Baht	NA	NA	NA	NA	52.792700	NA	NA	52.480800	52.603100	52.331100	52.503900
Trinidad And Tobago Dollar	9.427830	9.428450	9.440020	9.426400	9.426580	9.430850	9.478670	9.516650	9.527530	9.510400	9.554380
Tunisian Dinar	NA	NA	NA	NA	NA	NA	NA	NA	NA	NA	NA
U.A.E. Dirham	5.501220	5.512100	5.520230	5.513410	5.510340	5.517580	5.558800	5.575380	5.584160	5.571900	5.576410
Peso Uruguayo	NA	NA	NA	NA	NA	NA	NA	NA	NA	NA	NA
Bolivar Fuerte	NA	3.218860	3.223590	3.219620	3.217820	3.222040	3.246130	3.255810	3.260940	3.253780	3.256410

Currency units per SDR for May 2009 Continued

Currency	May 18, 2009	May 19, 2009	May 20, 2009	May 21, 2009	May 22, 2009	May 25, 2009	May 26, 2009	May 27, 2009	May 28, 2009	May 29, 2009
Chinese Yuan	10.336800	10.389000	10.404400	10.456500	10.538700	NA	10.496600	10.535300	NA	NA
Euro	1.122110	1.118120	1.113530	1.112630	1.105340	1.101800	1.105240	1.109240	1.107940	1.098060
Japanese Yen	143.620000	146.719000	146.223000	144.793000	145.404000	145.873000	145.570000	147.103000	147.268000	149.387000
U.K. Pound Sterling	0.993552	0.982116	0.983884	0.978541	0.971978	NA	0.971912	0.962464	0.961816	0.958368
U.S. Dollar	1.514180	1.521980	1.524430	1.532200	1.544380	1.543620	1.537170	1.541960	1.535160	1.548050
Algerian Dinar	NA	NA	NA	NA	NA	NA	NA	NA	NA	NA
Australian Dollar	2.015950	1.986140	1.981060	1.976020	1.985830	1.976220	1.969220	1.962780	1.973460	1.956580
Bahrain Dinar	0.569330	0.572266	0.573184	0.576107	0.580686	0.580403	0.577978	0.579777	0.577221	0.582065
Botswana Pula	11.012200	10.965300	10.904400	NA	10.875900	NA	10.917400	10.858900	10.720400	10.654200
Brazilian Real	3.142520	3.162070	3.122030	3.093670	3.128300	NA	3.109090	3.122930	3.083670	3.117150
Brunei Dollar	2.231290	2.228940	2.232220	2.230270	2.234260	2.233780	2.226600	2.228900	2.237190	2.245450
Canadian Dollar	NA	1.760780	1.743030	1.748850	1.734800	1.737810	1.721480	1.714660	1.707710	1.696820
Chilean Peso	848.457000	NA	853.009000	NA	863.230000	866.822000	864.491000	870.171000	868.282000	874.088000
Colombian Peso	NA	3,432.400000	3,386.170000	NA	3,407.840000	3,398.190000	3,383.990000	NA	3,390.990000	3,390.920000
Czech Koruna	30.179000	29.823200	29.648600	29.744600	29.511600	29.423000	29.518300	29.639600	29.642400	29.453200
Danish Krone	8.354640	8.325980	8.290430	NA	NA	8.204390	8.228760	8.257500	8.248100	8.175410
Hungarian Forint	323.125000	309.754000	309.078000	309.152000	308.352000	310.377000	312.769000	309.979000	316.028000	310.849000
Icelandic Krona	190.953000	193.703000	194.776000	NA	195.781000	195.840000	196.420000	194.040000	193.952000	190.813000
Indian Rupee	72.937900	72.278900	72.730400	72.626400	72.879400	72.890000	73.215600	73.505100	73.426800	73.207500
Indonesian Rupiah	15,868.600000	15,767.700000	15,816.000000	NA	15,853.100000	15,880.800000	15,880.500000	15,913.000000	15,934.900000	16,006.800000
Iranian Rial	14,931.300000	14,920.000000	14,931.800000	14,889.900000	NA	14,897.500000	14,836.800000	14,890.700000	NA	NA
Israeli New Sheqel	6.312610	6.272070	6.236440	6.154870	6.115760	NA	6.148700	6.155510	6.076150	NA
Kazakhstani Tenge	227.354000	228.708000	229.305000	230.734000	232.553000	232.007000	230.684000	231.232000	230.473000	232.811000
Korean Won	1,910.430000	1,929.110000	1,895.480000	1,915.560000	1,926.770000	1,917.800000	1,925.310000	1,943.180000	1,932.460000	1,970.510000
Kuwaiti Dinar	0.439338	0.440995	0.441170	0.442192	0.445708	0.444255	0.442552	0.443929	0.443123	0.446845
Libyan Dinar	1.932370	1.932370	1.932370	1.932370	1.932370	1.932370	1.932370	1.932370	1.932370	1.932370
Malaysian Ringgit	5.401810	5.388570	5.408680	5.404850	5.399950	5.383380	5.367050	5.379900	5.408360	5.429800
Mauritian Rupee	50.076600	50.374300	50.425800	50.410300	NA	50.017500	49.698800	49.788400	49.777700	NA
Mexican Peso	19.890700	19.737100	19.618700	20.076400	20.343900	20.279400	20.188900	20.290600	20.315800	20.382700
Nepalese Rupee	119.620000	116.812000	116.695000	116.677000	117.172000	116.389000	116.518000	117.960000	117.209000	118.116000
New Zealand Dollar	2.587010	2.547670	2.533540	2.526300	2.521850	2.504660	2.484120	2.474650	2.492540	2.484030
Norwegian Krone	9.850470	9.777940	9.810270	NA	9.809880	9.764190	9.893060	9.840200	9.928810	9.749150
Rial Omani	0.582201	0.585203	0.586142	0.589133	0.593814	0.593525	0.591044	0.592884	0.590267	0.595224
Pakistani Rupee	122.830000	123.555000	123.392000	124.003000	124.468000	124.152000	123.691000	124.280000	123.681000	125.371000
Nuevo Sol	NA	NA	NA	NA	NA	NA	NA	NA	NA	NA
Philippine Peso	NA	NA	NA	NA	NA	NA	NA	NA	NA	NA
Polish Zloty	5.039330	4.891790	4.864000	4.910550	4.871440	4.874460	4.910960	4.890170	4.976680	4.924650
Qatar Riyal	5.511620	5.540010	5.548930	5.577210	5.621550	5.618800	5.595310	5.612740	5.587970	5.634910
Russian Ruble	48.895700	48.627000	48.478300	48.200900	48.184400	47.932000	47.877600	48.085200	48.090100	47.965300
Saudi Arabian Riyal	5.678170	5.707440	5.716610	5.745740	5.791430	5.788580	5.764390	5.782350	5.756850	5.805180
Singapore Dollar	2.231290	2.228940	2.232220	2.230270	2.234260	2.233780	2.226600	2.228900	2.237190	2.245450
South African Rand	13.059800	12.906400	12.812800	12.924100	12.710300	NA	NA	12.721200	12.411800	12.307000
Sri Lanka Rupee	178.397000	176.548000	NA	176.197000	177.461000	177.402000	176.652000	177.199000	176.397000	177.917000
Swedish Krona	11.965800	11.647000	11.696200	NA	11.598300	11.534700	11.609500	11.657200	11.939700	11.858100
Swiss Franc	1.698450	1.692750	1.686630	NA	1.680910	1.675600	1.678750	1.673640	1.670710	1.661520
Thai Baht	52.276900	52.608900	52.475500	52.779600	53.114400	53.006500	52.834300	53.098800	52.812500	53.331900
Trinidad And Tobago Dollar	9.534340	9.517370	9.582580	9.614370	9.728190	9.711280	9.671090	9.669780	9.640970	9.737570
Tunisian Dinar	NA	NA	NA	NA	NA	NA	NA	NA	NA	NA
U.A.E. Dirham	5.560810	5.589460	5.598480	5.627020	5.671730	5.668970	5.645250	5.662830	5.637870	5.685210
Peso Uruguayo	NA	NA	NA	NA	NA	NA	NA	NA	NA	NA
Bolivar Fuerte	3.247300	3.264040	3.269290	3.285960	3.312080	3.310460	3.296620	3.306880	3.292300	3.319940

Notes:


The value of the U.S. dollar in terms of the SDR is the reciprocal of the sum of the dollar values, based on market exchange rates, of specified quantities of the SDR basket currencies. See SDR Valuation.

These rates are the official rates used by the Fund to conduct operations with member countries. The rates are derived from the currency's representative exchange rate, as reported by the central bank, normally against the U.S. dollar at spot market rates and rounded to six significant digits. See Representative Exchange Rates for Selected Currencies.

The value in terms of each national currency of the SDR (shown above) is the reciprocal of the value in terms of the SDR of each national currency, rounded to six significant digits.

Exchange rates are published daily except on IMF holidays or whenever the IMF is closed for business.
