Currency units per SDR for August 2009
Currency	August 03, 2009	August 04, 2009	August 05, 2009	August 06, 2009	August 07, 2009	August 10, 2009	August 11, 2009	August 12, 2009	August 13, 2009	August 14, 2009	August 17, 2009
Chinese Yuan	10.683000	10.717000	10.713600	10.705900	10.694100	10.620500	10.609900	10.617300	10.648300	10.660500	10.590400
Euro	1.093400	1.090820	1.088460	1.090730	1.090330	1.094160	1.095750	1.096220	1.090090	1.091500	1.101360
Japanese Yen	148.148000	149.403000	149.005000	149.137000	149.338000	151.119000	150.102000	148.376000	149.730000	148.686000	146.614000
U.K. Pound Sterling	0.928738	0.926836	0.923122	0.923515	0.934955	0.934414	0.942525	0.943824	0.937242	0.942774	0.951982
U.S. Dollar	1.563900	1.569030	1.568470	1.567390	1.565390	1.553930	1.552240	1.553350	1.558070	1.560190	1.549830
Algerian Dinar	NA	NA	NA	NA	NA	NA	NA	NA	NA	NA	NA
Australian Dollar	NA	1.861910	1.864350	1.857750	1.866890	1.850140	1.859420	1.886960	1.862380	1.850760	1.887040
Bahrain Dinar	0.588024	0.589957	0.589748	0.589338	0.588588	0.584276	0.583642	0.584058	0.585833	0.586631	0.582734
Botswana Pula	10.609900	10.717400	10.779900	10.862000	10.855700	10.828800	10.885300	10.893000	10.767600	10.849700	10.891300
Brazilian Real	2.927300	2.880910	2.864660	2.848410	2.870920	2.831880	2.856750	2.865770	2.863420	2.857800	2.848120
Brunei Dollar	2.247320	2.249360	2.246680	2.247000	2.248060	NA	2.242840	2.250340	2.248920	2.250270	2.241830
Canadian Dollar	NA	1.676670	1.681400	1.686350	1.696410	1.685700	1.705610	1.689270	1.690820	1.711690	1.717050
Chilean Peso	846.539000	844.488000	846.038000	847.939000	847.989000	843.754000	848.097000	854.015000	851.535000	850.868000	855.827000
Colombian Peso	3,191.830000	3,152.130000	NA	3,115.710000	3,126.100000	3,103.210000	3,139.500000	3,185.060000	3,157.350000	3,120.350000	3,124.590000
Czech Koruna	28.084400	28.212800	28.240400	28.297600	28.246000	28.109000	28.246200	28.247600	28.054600	28.088200	28.399000
Danish Krone	8.140210	8.121300	8.103660	8.120440	8.117340	8.145980	8.157800	8.160800	8.115370	8.125660	8.198000
Hungarian Forint	291.119000	289.690000	290.921000	292.019000	296.345000	294.019000	295.532000	302.188000	293.618000	293.581000	300.976000
Icelandic Krona	NA	196.898000	196.310000	196.096000	196.691000	196.417000	197.026000	198.642000	196.628000	196.881000	198.486000
Indian Rupee	74.863700	74.591800	74.769200	74.576200	74.919800	74.293100	74.414700	75.104400	75.005300	75.310300	NA
Indonesian Rupiah	15,466.900000	15,455.000000	15,509.100000	15,509.300000	15,528.700000	15,415.000000	15,437.100000	15,440.300000	15,502.800000	15,492.700000	NA
Iranian Rial	15,548.300000	15,575.800000	15,564.000000	15,562.600000	NA	15,498.900000	15,491.400000	15,500.800000	15,473.200000	NA	15,431.600000
Israeli New Sheqel	5.853670	6.065900	6.099790	6.161390	6.123810	6.018370	6.007200	5.991250	5.948700	5.911560	5.906400
Kazakhstani Tenge	235.695000	236.532000	236.526000	NA	236.077000	234.224000	234.001000	234.121000	234.925000	235.230000	NA
Korean Won	1,924.690000	1,917.830000	1,911.500000	1,913.620000	1,914.160000	1,905.580000	1,899.320000	1,922.580000	1,944.620000	1,930.110000	1,914.040000
Kuwaiti Dinar	0.448682	0.449606	0.449446	0.449135	NA	0.446678	0.446658	0.446744	0.447712	0.448322	0.445498
Libyan Dinar	1.932370	1.932370	1.932370	1.932400	1.932400	1.932400	1.932400	1.932400	1.932400	1.932400	1.932400
Malaysian Ringgit	5.489260	5.479060	5.471630	5.478010	5.482790	5.444190	5.455360	5.474770	5.482070	5.486430	5.482520
Mauritian Rupee	49.823600	49.788600	49.575100	49.444200	49.323500	48.992500	49.108400	49.343200	49.530900	49.614500	49.311400
Mexican Peso	20.532900	20.565800	20.554900	20.364400	20.248200	20.079900	20.169400	20.188800	20.045800	20.090000	20.142000
Nepalese Rupee	119.951000	119.827000	119.502000	119.419000	119.267000	118.953000	118.747000	119.157000	120.657000	120.821000	119.647000
New Zealand Dollar	2.369900	2.349560	2.325390	2.332070	2.332570	2.315150	2.297920	2.324330	2.322010	2.297440	2.295700
Norwegian Krone	9.490820	9.494510	9.435300	9.449650	9.541980	9.512670	9.671740	9.572860	9.383500	9.404950	9.610950
Rial Omani	0.601319	0.603293	0.603078	0.602660	0.601891	0.597486	0.596837	0.597261	0.599079	0.599894	0.595908
Pakistani Rupee	130.398000	130.768000	130.644000	129.862000	129.005000	129.094000	128.725000	128.752000	128.546000	NA	128.057000
Nuevo Sol	NA	NA	NA	NA	NA	NA	NA	NA	NA	NA	NA
Philippine Peso	NA	NA	NA	NA	NA	NA	NA	NA	NA	NA	NA
Polish Zloty	4.510740	4.466260	4.477520	4.502780	4.542910	4.494120	4.527120	4.628190	NA	4.499600	4.603460
Qatar Riyal	5.692590	5.711280	5.709260	5.705290	5.698040	5.656300	5.650160	5.654190	5.671380	5.679110	5.641370
Russian Ruble	48.859900	48.716100	48.830700	48.873200	49.383900	49.182300	49.280300	50.783100	50.085100	49.493400	50.040000
Saudi Arabian Riyal	5.864620	5.883880	5.881760	5.877690	5.870230	5.827230	5.820930	5.825060	5.842760	5.850720	5.811860
Singapore Dollar	2.247320	2.249360	2.246680	2.247000	2.248060	NA	2.242840	2.250340	2.248920	2.250270	2.241830
South African Rand	12.112400	12.309100	12.422300	12.586100	12.632700	NA	12.604200	12.620900	12.371100	12.559500	12.654400
Sri Lanka Rupee	179.694000	180.286000	NA	180.094000	179.869000	178.547000	178.363000	178.485000	179.030000	179.277000	178.132000
Swedish Krona	11.240500	11.222500	11.214600	11.206800	11.196500	11.153300	11.222700	11.393800	11.148000	11.151500	11.282700
Swiss Franc	1.668830	1.667880	1.666820	1.667390	1.667140	1.680260	1.679220	1.674820	1.673680	1.669720	1.677220
Thai Baht	53.235100	53.370600	53.298400	53.270800	53.193500	52.796400	52.798000	NA	NA	53.133800	52.742100
Trinidad And Tobago Dollar	9.846780	9.920240	9.902560	9.916400	9.899030	9.794890	9.835450	9.782630	9.810560	9.857270	9.808540
Tunisian Dinar	NA	NA	NA	NA	NA	NA	NA	NA	NA	NA	NA
U.A.E. Dirham	5.743400	5.762260	5.760240	5.756220	5.748910	5.706820	5.700600	5.704670	5.722000	5.729810	5.691750
Peso Uruguayo	NA	NA	NA	NA	NA	NA	NA	NA	NA	NA	NA
Bolivar Fuerte	3.353930	3.364950	3.363750	3.361410	3.357140	3.332560	3.328940	3.331310	3.341430	3.345980	3.323760

Currency units per SDR for August 2009 Continued

Currency	August 18, 2009	August 19, 2009	August 20, 2009	August 21, 2009	August 24, 2009	August 25, 2009	August 26, 2009	August 27, 2009	August 28, 2009	August 31, 2009
Chinese Yuan	10.612100	10.615700	10.652000	10.691200	10.667200	10.662900	10.661900	10.651000	10.683000	10.698100
Euro	1.101240	1.100910	1.094700	1.092140	1.090280	1.089730	1.093720	1.092650	1.088780	1.097300
Japanese Yen	147.133000	146.972000	147.156000	146.957000	147.806000	146.728000	146.710000	146.389000	146.618000	145.174000
U.K. Pound Sterling	0.943129	0.947670	0.946504	0.944216	0.946602	0.954117	0.958690	0.963530	0.957992	NA
U.S. Dollar	1.552860	1.553610	1.559180	1.565030	1.561610	1.560930	1.560740	1.558990	1.563920	1.566060
Algerian Dinar	NA	NA	NA	NA	NA	NA	NA	NA	NA	NA
Australian Dollar	1.884080	1.884080	1.876500	1.896090	1.860830	1.869160	1.864910	1.882840	1.862260	1.865920
Bahrain Dinar	0.583873	0.584157	0.586252	0.588453	0.587165	0.586910	0.586837	0.586180	0.588035	0.588838
Botswana Pula	10.844000	10.849200	10.790200	10.675500	10.630400	10.625800	10.697300	10.692700	10.638900	10.682600
Brazilian Real	2.899800	2.884430	2.872800	2.883730	2.856020	2.861340	2.873480	2.909390	2.918440	2.933550
Brunei Dollar	2.252110	2.251330	2.257540	2.259600	2.245750	2.250550	2.250590	2.253520	2.256590	2.258110
Canadian Dollar	1.713730	1.704160	1.699820	1.690080	1.677480	1.683000	1.715410	1.708660	1.701390	1.717500
Chilean Peso	867.596000	864.289000	861.683000	857.729000	848.731000	853.097000	852.464000	855.220000	857.890000	862.337000
Colombian Peso	3,130.690000	3,164.860000	3,183.710000	3,149.890000	NA	3,117.870000	3,132.720000	3,187.810000	NA	3,186.940000
Czech Koruna	28.142400	28.299000	28.007600	27.829400	27.738800	27.625400	27.782800	27.756300	27.678400	27.847700
Danish Krone	8.196920	8.194370	8.148430	8.129220	8.115040	8.110760	8.140070	8.133260	8.103920	8.167330
Hungarian Forint	299.950000	301.540000	NA	NA	293.145000	293.143000	290.953000	294.306000	293.470000	298.116000
Icelandic Krona	199.588000	200.789000	201.150000	199.651000	199.698000	200.268000	201.866000	200.518000	196.679000	196.697000
Indian Rupee	75.685900	NA	75.931900	76.280000	75.738100	76.158000	76.210800	76.359200	76.429200	76.549200
Indonesian Rupiah	15,497.500000	15,536.100000	15,732.200000	15,694.200000	15,578.600000	15,624.900000	15,662.100000	15,816.000000	15,795.600000	15,754.600000
Iranian Rial	15,483.500000	15,469.300000	15,467.100000	NA	15,458.300000	15,473.500000	15,474.700000	15,474.600000	NA	15,543.200000
Israeli New Sheqel	5.938100	5.953440	5.942050	5.975290	5.940360	5.925290	5.926140	NA	5.977320	5.968260
Kazakhstani Tenge	234.171000	234.347000	235.249000	236.054000	235.568000	235.342000	235.172000	235.018000	235.793000	236.162000
Korean Won	1,939.830000	1,952.420000	1,949.760000	1,952.850000	1,949.200000	1,938.830000	1,945.780000	1,945.780000	1,953.190000	1,949.590000
Kuwaiti Dinar	0.446834	0.446664	0.447874	0.449555	0.448338	0.448143	0.448246	0.448209	NA	0.449851
Libyan Dinar	1.932400	1.932400	1.932400	1.932400	1.932400	1.932400	1.932400	1.932400	1.932400	1.932400
Malaysian Ringgit	5.500220	5.495890	5.509370	5.523790	5.480470	5.482790	5.503180	5.510250	5.514410	NA
Mauritian Rupee	49.669700	49.661300	49.769300	49.779000	NA	49.631000	49.499100	49.407100	49.404200	49.503500
Mexican Peso	20.118000	20.066300	20.071800	20.068000	20.031400	20.132100	20.504700	20.650700	20.734400	20.850600
Nepalese Rupee	121.278000	121.042000	121.694000	121.807000	121.493000	121.175000	121.675000	NA	122.487000	121.918000
New Zealand Dollar	2.322900	2.302670	2.312300	2.311040	2.283050	2.281060	2.280450	2.287250	2.277450	2.292580
Norwegian Krone	9.551650	9.544900	9.409550	9.343260	9.359530	9.382010	9.432180	9.444830	9.395140	9.444480
Rial Omani	0.597072	0.597364	0.599506	0.601757	0.600438	0.600179	0.600107	0.599434	0.601330	0.602152
Pakistani Rupee	128.237000	128.468000	129.190000	129.747000	NA	129.497000	129.313000	129.218000	129.813000	130.145000
Nuevo Sol	NA	NA	NA	NA	NA	NA	NA	NA	NA	NA
Philippine Peso	NA	NA	NA	NA	NA	NA	NA	NA	NA	NA
Polish Zloty	4.592570	4.605680	4.533010	4.514820	4.496020	4.482050	4.457160	4.517180	4.450930	4.490690
Qatar Riyal	5.652400	5.655150	5.675430	5.696710	5.684240	5.681790	5.681110	5.674720	5.692690	5.700470
Russian Ruble	49.565100	49.589900	49.271800	49.994000	49.275600	49.237600	49.008300	49.327200	49.371000	49.862900
Saudi Arabian Riyal	5.823200	5.826050	5.846930	5.868890	5.856040	5.853500	5.852780	5.846210	5.864720	5.872750
Singapore Dollar	2.252110	2.251330	2.257540	2.259600	2.245750	2.250550	2.250590	2.253520	2.256590	2.258110
South African Rand	12.477200	12.576500	12.411100	12.230700	12.125900	12.151800	12.236200	12.230300	12.143900	12.191800
Sri Lanka Rupee	178.409000	178.365000	178.998000	179.671000	179.273000	179.224000	179.195000	178.975000	179.556000	179.792000
Swedish Krona	11.262100	11.325800	11.183200	11.193900	10.985900	NA	10.975900	11.107800	11.103900	11.173900
Swiss Franc	1.674600	1.671990	1.661620	1.655650	1.657180	1.656460	1.657820	1.665000	1.653850	1.663940
Thai Baht	52.885700	52.908100	53.077700	53.256600	53.132100	53.101400	53.105900	53.029000	53.207900	53.274200
Trinidad And Tobago Dollar	9.800650	9.805650	9.827720	9.879860	9.870890	9.848820	9.846300	9.851930	9.893060	9.889340
Tunisian Dinar	NA	NA	NA	NA	NA	NA	NA	NA	NA	NA
U.A.E. Dirham	5.702850	5.705650	5.726100	5.747590	5.735000	5.732530	5.731810	5.725410	5.743530	5.751360
Peso Uruguayo	NA	NA	NA	NA	NA	NA	NA	NA	NA	NA
Bolivar Fuerte	3.330260	3.331880	3.343820	3.356370	3.349020	3.347570	3.347170	3.343420	3.353990	3.358580

Notes:


The value of the U.S. dollar in terms of the SDR is the reciprocal of the sum of the dollar values, based on market exchange rates, of specified quantities of the SDR basket currencies. See SDR Valuation.

These rates are the official rates used by the Fund to conduct operations with member countries. The rates are derived from the currency's representative exchange rate, as reported by the central bank, normally against the U.S. dollar at spot market rates and rounded to six significant digits. See Representative Exchange Rates for Selected Currencies.

The value in terms of each national currency of the SDR (shown above) is the reciprocal of the value in terms of the SDR of each national currency, rounded to six significant digits.

Exchange rates are published daily except on IMF holidays or whenever the IMF is closed for business.
