Currency units per SDR for January 2009
Currency	January 02, 2009	January 05, 2009	January 06, 2009	January 07, 2009	January 08, 2009	January 09, 2009	January 12, 2009	January 13, 2009	January 14, 2009	January 15, 2009	January 16, 2009
Chinese Yuan	NA	10.387800	10.298300	10.414000	10.428600	10.495500	10.405300	10.362300	10.339500	10.334300	10.356500
Euro	1.107830	1.118700	1.129580	1.120090	1.120080	1.121940	1.136070	1.142420	1.147540	1.154780	1.141280
Japanese Yen	NA	139.786000	140.205000	142.987000	141.540000	139.939000	NA	135.523000	135.293000	134.784000	136.758000
U.K. Pound Sterling	1.059610	1.047650	1.031690	1.019180	1.012290	1.004090	1.017010	1.038080	1.040010	1.034600	1.014590
U.S. Dollar	1.536120	1.519410	1.505960	1.522760	1.525210	1.535260	1.521650	1.515070	1.511650	1.511040	1.514480
Algerian Dinar	NA	NA	NA	NA	NA	NA	NA	NA	NA	NA	NA
Australian Dollar	2.204530	2.136710	2.113920	2.108210	2.161580	2.171510	2.202420	2.235940	2.243800	2.296060	2.250010
Bahrain Dinar	0.577581	0.571298	0.566242	0.572557	0.573480	0.577257	0.572141	0.569667	0.568379	0.568150	0.569444
Botswana Pula	NA	11.580900	11.408800	11.518600	11.741400	11.791500	11.990900	11.995800	11.978200	12.069000	11.850400
Brazilian Real	NA	3.538710	3.429370	3.331960	3.380790	3.481200	3.478330	3.478760	3.488140	3.525700	3.603710
Brunei Dollar	2.231210	2.219410	2.212850	2.241810	2.258840	2.269880	2.263750	2.257310	2.248280	2.262020	2.255060
Canadian Dollar	1.859780	1.810230	1.780490	1.804930	1.813170	1.830490	1.837690	1.857020	1.871870	1.907680	1.899460
Chilean Peso	977.660000	973.805000	969.641000	964.255000	961.178000	966.445000	938.782000	924.334000	929.437000	930.570000	947.508000
Colombian Peso	NA	3,395.600000	3,354.130000	3,346.610000	3,377.020000	3,409.540000	3,372.330000	3,357.760000	3,366.240000	3,376.260000	3,407.040000
Czech Koruna	29.719300	29.924800	29.831500	29.214200	29.317700	29.708800	30.198600	30.565100	30.898100	31.520200	30.996900
Danish Krone	8.253280	8.332920	8.418780	8.347180	8.347800	8.360990	8.466760	8.513320	8.550000	8.604590	8.504270
Hungarian Forint	NA	295.328000	300.002000	296.954000	303.502000	309.186000	317.172000	321.181000	316.932000	322.515000	316.179000
Icelandic Krona	186.315000	NA	187.040000	186.980000	188.882000	190.556000	191.119000	191.096000	190.755000	194.017000	192.521000
Indian Rupee	75.101000	73.493700	73.310000	74.021400	NA	75.105000	73.951900	74.102100	73.617100	74.161400	73.861200
Indonesian Rupiah	NA	16,637.600000	16,640.800000	16,541.800000	16,685.800000	16,964.600000	16,920.700000	17,000.600000	16,882.100000	16,913.000000	16,915.200000
Iranian Rial	NA	15,031.600000	NA	NA	15,093.500000	NA	15,210.400000	15,132.600000	15,098.400000	15,139.100000	NA
Israeli New Sheqel	5.811120	5.854290	5.814490	5.873300	5.930040	5.927650	5.926800	5.931510	5.878790	5.870370	5.847410
Kazakhstani Tenge	NA	183.530000	182.010000	184.178000	184.475000	185.751000	184.119000	183.385000	183.121000	183.228000	183.813000
Korean Won	1,931.670000	2,005.930000	1,968.740000	1,998.170000	1,970.730000	2,028.080000	2,022.730000	2,060.950000	2,059.470000	2,031.740000	2,078.780000
Kuwaiti Dinar	NA	0.424751	0.423400	0.427972	0.428051	0.430871	0.429941	0.429144	0.429081	0.429662	0.430643
Libyan Dinar	1.932370	1.932370	1.932370	1.932370	1.932370	1.932370	1.932370	1.932370	1.932370	1.932370	1.932370
Malaysian Ringgit	5.332620	5.286810	5.268590	5.325860	5.382480	5.438650	5.439900	5.420170	5.401870	5.429150	5.421850
Mauritian Rupee	NA	48.321800	47.963200	48.582100	48.847900	NA	48.788100	NA	48.720800	48.881600	48.985300
Mexican Peso	21.148900	20.589100	20.098200	20.425800	20.597200	21.034300	20.939100	20.967100	21.326800	21.485700	21.060100
Nepalese Rupee	119.894000	118.210000	117.314000	118.776000	119.348000	119.904000	117.623000	118.252000	118.513000	118.465000	119.038000
New Zealand Dollar	NA	2.580530	2.556370	2.542600	2.577680	2.576800	2.584760	2.637200	2.730580	2.790980	2.812410
Norwegian Krone	10.740400	10.510100	10.601200	10.519400	10.621100	10.655600	10.693800	10.804400	10.822300	10.886700	10.514100
Rial Omani	0.590636	0.584215	0.579042	0.585504	0.586445	0.590308	0.585072	0.582547	0.581230	0.580993	0.582320
Pakistani Rupee	121.477000	120.294000	119.145000	120.474000	120.668000	121.350000	120.280000	119.775000	119.548000	119.687000	120.137000
Nuevo Sol	NA	NA	NA	NA	NA	NA	NA	NA	NA	NA	NA
Philippine Peso	NA	NA	NA	NA	NA	NA	NA	NA	NA	NA	NA
Polish Zloty	4.594530	4.571620	4.550110	4.392260	4.508690	4.536830	4.592800	4.721280	4.730860	4.851940	4.748360
Qatar Riyal	5.591470	5.530670	5.481670	5.542870	5.551760	5.588340	5.538790	5.514870	5.502400	5.500160	5.512710
Russian Ruble	NA	NA	NA	NA	NA	NA	47.168300	47.304600	47.710200	48.675800	49.333700
Saudi Arabian Riyal	5.760440	5.697810	5.647360	5.710370	5.719550	5.757220	5.706170	5.681530	5.668680	5.666400	5.679300
Singapore Dollar	2.231210	2.219410	2.212850	2.241810	2.258840	2.269880	2.263750	2.257310	2.248280	2.262020	2.255060
South African Rand	14.493300	14.388800	14.058100	14.291100	14.703000	14.861300	15.216500	15.309800	15.124100	15.374800	14.932800
Sri Lanka Rupee	173.576000	172.516000	171.094000	173.193000	173.634000	174.694000	173.263000	172.480000	NA	172.071000	172.396000
Swedish Krona	11.966300	11.889400	NA	11.946100	12.087300	12.047900	12.230200	12.431200	NA	12.779600	12.415000
Swiss Franc	NA	1.676520	1.692240	1.675800	1.680180	1.676200	1.701510	1.692340	1.687600	1.690550	1.694250
Thai Baht	53.650400	NA	52.428500	53.374300	53.301500	53.609800	53.031000	52.942800	52.860800	52.710900	52.867500
Trinidad And Tobago Dollar	9.635950	9.520180	9.440820	9.538440	9.579740	9.606150	9.554290	9.513570	9.513570	9.510770	9.521090
Tunisian Dinar	NA	NA	NA	NA	NA	NA	NA	NA	NA	NA	NA
U.A.E. Dirham	5.641400	5.580050	5.530640	5.592340	5.601330	5.638250	5.588250	5.564120	5.551550	5.549270	5.561920
Peso Uruguayo	NA	NA	NA	NA	NA	NA	NA	NA	NA	NA	NA
Bolivar Fuerte	3.294360	3.258530	NA	3.265720	3.270980	3.292520	3.263320	3.249220	3.241880	3.240570	3.247960

Currency units per SDR for January 2009 Continued

Currency	January 19, 2009	January 20, 2009	January 21, 2009	January 22, 2009	January 23, 2009	January 26, 2009	January 27, 2009	January 28, 2009	January 29, 2009	January 30, 2009
Chinese Yuan	10.325200	10.209300	10.196900	10.230900	10.173900	NA	NA	NA	NA	NA
Euro	1.145820	1.154620	1.154810	1.152440	1.162840	1.150220	1.143110	1.139690	1.147690	1.164110
Japanese Yen	137.493000	134.960000	134.028000	133.398000	131.749000	132.798000	134.706000	134.651000	136.058000	133.676000
U.K. Pound Sterling	1.031280	1.072110	1.083470	1.087850	1.095130	1.077860	1.071380	1.056070	1.050200	1.043160
U.S. Dollar	1.510410	1.492920	1.490860	1.496330	1.487850	1.494130	1.505940	1.511230	1.504730	1.491920
Algerian Dinar	NA	NA	NA	NA	NA	NA	NA	NA	NA	NA
Australian Dollar	2.217930	2.261660	2.280990	2.270610	2.282680	NA	2.270370	2.267750	2.279200	2.317370
Bahrain Dinar	0.567917	0.561337	0.560560	0.562623	0.559431	0.561795	0.566232	0.568224	0.565777	0.560963
Botswana Pula	NA	NA	11.994000	11.913500	12.076700	11.924400	11.923500	11.871400	11.838900	12.012300
Brazilian Real	3.510200	3.478200	3.509470	3.521770	3.465350	3.520170	3.484890	3.491100	3.456970	3.394570
Brunei Dollar	2.245380	2.242070	2.242990	2.238070	2.238620	NA	NA	2.268660	2.263110	2.250120
Canadian Dollar	1.891190	1.881830	1.899500	1.889870	1.856840	1.823590	1.852150	1.828290	1.833960	1.844610
Chilean Peso	929.627000	926.775000	931.498000	933.175000	925.892000	928.109000	929.074000	931.220000	920.726000	913.701000
Colombian Peso	3,364.710000	NA	NA	3,360.720000	NA	3,407.770000	NA	3,492.190000	3,522.710000	3,560.590000
Czech Koruna	31.724800	32.214200	31.847600	31.903300	32.671700	31.851900	31.590000	31.175200	31.519600	32.440400
Danish Krone	8.537300	8.603560	8.604150	8.589070	8.667240	8.573170	8.519190	8.493580	8.552710	8.676260
Hungarian Forint	319.453000	328.128000	326.542000	324.076000	334.424000	331.055000	322.527000	325.458000	331.266000	342.695000
Icelandic Krona	191.943000	192.318000	192.261000	191.187000	187.454000	183.405000	180.050000	177.539000	171.283000	169.885000
Indian Rupee	73.345500	73.137900	73.230600	73.215600	73.187200	NA	73.565100	73.854200	73.581400	73.134200
Indonesian Rupiah	16,860.800000	16,765.500000	16,749.700000	16,775.400000	16,817.200000	NA	16,979.400000	17,154.000000	17,048.600000	16,940.800000
Iranian Rial	15,019.600000	14,860.500000	14,801.200000	14,741.900000	14,658.300000	14,642.500000	14,577.500000	14,613.600000	14,550.700000	NA
Israeli New Sheqel	5.799990	5.804470	5.818790	5.903050	5.912720	5.969040	5.993620	6.082730	6.044490	6.064650
Kazakhstani Tenge	183.228000	181.076000	180.841000	181.520000	180.506000	181.686000	183.197000	183.917000	183.141000	181.358000
Korean Won	2,072.290000	2,030.220000	2,050.820000	2,056.710000	2,041.030000	NA	NA	2,102.120000	2,081.190000	2,041.700000
Kuwaiti Dinar	0.429185	0.428989	0.428844	0.429971	0.427533	0.431505	0.433257	0.434630	0.435169	0.431464
Libyan Dinar	1.932370	1.932370	1.932370	1.932370	1.932370	1.932370	1.932370	1.932370	1.932370	1.932370
Malaysian Ringgit	5.392170	5.382710	5.382740	5.404000	5.391970	NA	NA	5.454790	5.417030	5.383610
Mauritian Rupee	49.028300	48.618500	48.735600	48.955500	48.852000	NA	49.500800	49.710900	49.376600	49.081900
Mexican Peso	21.112100	20.808600	20.744500	20.847700	20.971200	20.819500	21.335300	NA	21.363400	21.349000
Nepalese Rupee	118.039000	116.224000	117.032000	117.911000	NA	117.887000	NA	119.236000	NA	NA
New Zealand Dollar	2.741720	2.782180	2.863170	2.806850	2.830220	2.821780	2.857020	2.850300	2.865060	2.907660
Norwegian Krone	10.449800	10.612700	10.457300	10.406600	10.458500	10.229400	10.170800	10.128400	10.099600	10.346000
Rial Omani	0.580754	0.574026	0.573233	0.575341	0.572079	0.574495	0.579032	0.581068	0.578570	0.573644
Pakistani Rupee	120.074000	119.224000	119.976000	119.543000	118.189000	118.133000	118.889000	119.314000	118.827000	117.829000
Nuevo Sol	NA	NA	NA	NA	NA	NA	NA	NA	NA	NA
Philippine Peso	NA	NA	NA	NA	NA	NA	NA	NA	NA	NA
Polish Zloty	4.904770	4.983500	4.989600	4.941490	5.115220	5.066750	4.901670	NA	5.063880	5.156230
Qatar Riyal	5.497920	5.434220	5.426700	5.446650	5.415770	5.438630	5.481610	5.500880	5.477230	5.430590
Russian Ruble	49.705500	49.886500	48.666100	49.078300	48.939200	49.159600	49.692700	50.196300	52.191000	52.836000
Saudi Arabian Riyal	5.664050	5.598450	5.590710	5.611260	5.579420	5.602990	5.647260	5.667100	5.642740	5.594720
Singapore Dollar	2.245380	2.242070	2.242990	2.238070	2.238620	NA	NA	2.268660	2.263110	2.250120
South African Rand	15.157000	15.235200	15.184400	15.060600	15.414100	15.120600	15.194900	14.976300	14.896800	15.217600
Sri Lanka Rupee	172.031000	169.984000	169.725000	170.354000	169.413000	170.107000	171.492000	172.056000	171.374000	169.855000
Swedish Krona	12.170200	12.559200	12.575400	12.198900	12.468200	12.251900	11.881800	12.033200	12.177000	12.286000
Swiss Franc	1.692720	1.704310	1.704200	1.731110	1.736020	1.733190	1.715560	1.724920	1.727430	1.733320
Thai Baht	52.636600	52.113200	52.141200	52.292500	51.942400	52.160200	52.555500	52.763200	52.509100	52.106900
Trinidad And Tobago Dollar	9.475890	9.340910	9.358830	9.380510	9.319580	9.371980	9.390290	9.450810	9.392050	9.298260
Tunisian Dinar	NA	NA	NA	NA	NA	NA	NA	NA	NA	NA
U.A.E. Dirham	5.546990	5.482760	5.475160	5.495290	5.464120	5.487210	5.530550	5.550010	5.526110	5.479090
Peso Uruguayo	NA	NA	NA	NA	NA	NA	NA	NA	NA	NA
Bolivar Fuerte	3.239230	3.201710	3.197290	3.209040	3.190840	3.204320	3.229630	3.240990	3.227050	3.199580

Notes:


The value of the U.S. dollar in terms of the SDR is the reciprocal of the sum of the dollar values, based on market exchange rates, of specified quantities of the SDR basket currencies. See SDR Valuation.

These rates are the official rates used by the Fund to conduct operations with member countries. The rates are derived from the currency's representative exchange rate, as reported by the central bank, normally against the U.S. dollar at spot market rates and rounded to six significant digits. See Representative Exchange Rates for Selected Currencies.

The value in terms of each national currency of the SDR (shown above) is the reciprocal of the value in terms of the SDR of each national currency, rounded to six significant digits.

Exchange rates are published daily except on IMF holidays or whenever the IMF is closed for business.
