Currency units per SDR for June 2010
Currency	June 01, 2010	June 02, 2010	June 03, 2010	June 04, 2010	June 07, 2010	June 08, 2010	June 09, 2010	June 10, 2010	June 11, 2010	June 14, 2010	June 15, 2010
Chinese Yuan	9.989110	10.009100	10.004900	9.981730	9.929700	9.916700	9.935020	9.964820	9.984420	NA	NA
Euro	1.203610	1.199760	1.194380	1.212160	1.215990	1.216100	1.211490	1.211620	1.205820	1.197710	1.198290
Japanese Yen	133.132000	134.054000	135.098000	135.588000	132.696000	133.318000	133.132000	133.097000	133.888000	134.795000	134.475000
U.K. Pound Sterling	1.008680	0.999430	0.998552	0.997377	1.002690	1.006910	1.003930	0.998762	0.998841	0.996046	0.996453
U.S. Dollar	1.462990	1.465870	1.465270	1.461860	1.454200	1.452270	1.455000	1.459390	1.462300	1.467080	1.468870
Algerian Dinar	110.529000	NA	NA	NA	110.952000	110.239000	110.161000	110.386000	110.988000	111.206000	111.135000
Australian Dollar	1.744770	1.764190	1.724050	1.732060	1.782990	1.771490	1.768560	1.740480	1.730740	NA	1.715160
Bahrain Dinar	0.550082	0.551165	0.550943	0.549659	0.546780	0.546051	0.547079	0.548730	0.549825	0.551621	0.552294
Botswana Pula	10.405300	10.418400	10.333400	10.449300	10.424400	10.418000	10.392800	10.409400	10.422600	10.346100	10.410100
Brazilian Real	2.656640	2.674770	2.689360	2.683100	2.674710	2.704990	2.713570	2.687470	2.658020	2.657900	2.647190
Brunei Dollar	2.052420	2.071560	2.054750	2.051430	2.064390	2.054230	2.060710	2.061830	2.053940	2.051710	2.053920
Canadian Dollar	1.533060	1.525090	1.526230	1.537290	1.532730	1.527490	1.512470	1.508570	1.510990	1.504190	1.511170
Chilean Peso	776.289000	781.451000	783.509000	782.460000	786.695000	791.947000	797.569000	791.647000	786.436000	788.656000	785.861000
Colombian Peso	2,884.350000	2,889.880000	2,876.850000	2,867.390000	NA	2,854.910000	2,852.520000	2,836.200000	2,820.520000	2,824.640000	2,828.090000
Czech Koruna	30.845500	30.946000	30.770700	31.564500	31.476200	31.517100	31.371200	31.463100	30.989000	30.754300	30.763900
Danish Krone	8.954070	8.926580	8.887780	9.018190	9.044130	9.045600	9.011930	9.013230	8.970140	8.907970	8.912500
Hungarian Forint	333.400000	331.521000	326.492000	336.768000	349.838000	347.426000	344.528000	341.731000	336.958000	336.225000	337.178000
Icelandic Krona	189.998000	187.719000	187.628000	188.375000	189.773000	190.392000	190.488000	190.013000	189.470000	188.226000	188.220000
Indian Rupee	68.306900	69.174500	68.164500	68.224900	68.754500	68.184000	68.355500	68.562200	68.465000	68.321900	68.640300
Indonesian Rupiah	13,474.100000	13,537.300000	13,465.900000	13,455.000000	13,516.800000	13,455.200000	13,441.300000	13,499.400000	13,453.100000	13,473.600000	13,482.700000
Iranian Rial	15,215.000000	15,262.600000	15,235.900000	NA	15,279.300000	15,222.600000	15,270.200000	15,250.600000	NA	15,284.000000	15,292.400000
Israeli New Sheqel	5.674920	5.647990	5.633960	5.632530	5.635040	5.624610	5.651220	5.617190	5.626920	5.611580	5.609590
Kazakhstani Tenge	214.839000	NA	215.190000	214.382000	213.404000	213.556000	214.205000	214.866000	214.841000	215.704000	216.041000
Korean Won	1,757.920000	1,761.390000	1,754.660000	1,756.860000	1,797.250000	1,793.260000	1,794.740000	1,812.860000	1,844.690000	1,820.500000	1,799.360000
Kuwaiti Dinar	0.426094	0.427080	0.426687	0.425693	0.426372	0.425369	0.426168	0.426800	0.427648	0.428460	0.428469
Libyan Dinar	1.932400	1.932400	1.932400	1.932400	1.932400	1.932400	1.932400	1.932400	1.932400	1.932400	1.932400
Malaysian Ringgit	4.800050	4.852010	4.790720	4.780270	4.850480	4.822250	4.839310	4.838610	4.793400	4.789270	4.787780
Mauritian Rupee	49.000900	48.983800	48.686400	48.547500	48.107700	48.166100	48.440900	48.422600	48.382100	48.489800	48.310800
Mexican Peso	18.874300	18.854700	18.703300	18.800000	18.788600	18.776100	18.637500	18.598600	18.534300	18.481400	18.507900
Nepalese Rupee	108.817000	110.424000	110.335000	108.967000	108.993000	109.573000	109.576000	109.834000	109.906000	109.884000	109.284000
New Zealand Dollar	2.147660	2.166520	2.154490	2.137850	NA	2.205750	2.182060	2.170750	2.135990	2.120050	2.112870
Norwegian Krone	9.559040	9.504530	9.395050	9.516740	9.651300	9.706950	9.635580	9.529350	9.447600	9.363210	9.408400
Rial Omani	0.562518	0.563625	0.563396	0.562085	0.559140	0.558397	0.559447	0.561136	0.562253	0.564092	0.564780
Pakistani Rupee	124.874000	125.221000	124.980000	124.734000	124.188000	124.080000	124.151000	124.337000	124.808000	125.180000	125.402000
Nuevo Sol	NA	NA	4.169430	NA	NA	4.134610	4.138010	4.151960	4.158780	4.169430	4.170110
Philippine Peso	NA	NA	NA	NA	NA	NA	NA	NA	NA	NA	NA
Polish Zloty	4.967270	4.925450	NA	4.903380	5.077480	5.049820	5.021620	5.005860	4.936860	4.898580	4.905570
Qatar Riyal	5.325270	5.335750	5.333590	5.321160	5.293300	5.286250	5.296190	5.312200	5.322770	5.340170	5.346680
Russian Ruble	45.455200	45.720300	45.267900	45.417800	46.214400	45.920600	46.167400	46.079100	45.985000	NA	46.209900
Saudi Arabian Riyal	5.486190	5.497010	5.494780	5.481980	5.453250	5.446000	5.456220	5.472700	5.483630	5.501550	5.508250
Singapore Dollar	2.052420	2.071560	2.054750	2.051430	2.064390	2.054230	2.060710	2.061830	2.053940	2.051710	2.053920
South African Rand	11.301600	10.920700	11.150700	11.314800	11.277300	11.291400	11.232600	11.281100	11.281600	11.179100	11.280900
Sri Lanka Rupee	166.517000	166.713000	166.630000	166.117000	165.341000	165.156000	165.358000	165.787000	166.097000	166.579000	166.822000
Swedish Krona	11.561200	11.448400	11.355900	11.420800	11.728100	11.712500	11.690900	11.645900	11.533900	11.512900	11.622400
Swiss Franc	1.712570	1.695710	1.693560	1.681430	1.689350	1.683900	1.671060	1.670710	1.672580	1.668800	1.678030
Thai Baht	47.589400	47.719900	47.767800	47.617200	47.392500	47.435400	47.478000	47.599600	47.628600	47.615400	47.630800
Trinidad And Tobago Dollar	NA	9.304920	9.293510	NA	9.215150	9.207930	9.244880	9.230370	9.268960	9.310030	9.337850
Tunisian Dinar	NA	NA	NA	NA	NA	NA	NA	NA	NA	2.216160	NA
U.A.E. Dirham	5.372820	5.383410	5.381200	5.368700	5.340570	5.333450	5.343480	5.359600	5.370280	5.387840	5.394410
Peso Uruguayo	28.049800	28.209100	28.235800	NA	28.653600	NA	29.172600	29.275400	30.377800	30.154300	30.540700
Bolivar Fuerte	3.794250	3.801730	3.800190	3.791340	NA	3.766450	3.773530	3.784930	3.792480	3.804860	3.809510

Currency units per SDR for June 2010 Continued

Currency	June 16, 2010	June 17, 2010	June 18, 2010	June 21, 2010	June 22, 2010	June 23, 2010	June 24, 2010	June 25, 2010	June 28, 2010	June 29, 2010	June 30, 2010
Chinese Yuan	NA	10.069200	10.077100	10.075200	9.997100	10.038900	10.059300	10.018000	10.045000	10.016300	10.043000
Euro	1.197660	1.192880	1.192980	1.190930	1.199710	1.201290	1.204650	1.200170	1.199120	1.209330	1.205200
Japanese Yen	134.494000	134.646000	134.135000	133.918000	133.751000	133.406000	132.795000	132.322000	132.172000	130.948000	131.030000
U.K. Pound Sterling	0.992684	0.994105	0.995986	0.993522	0.998233	0.988201	0.985872	0.989991	0.983052	0.979902	0.984291
U.S. Dollar	1.470370	1.474760	1.475960	1.475680	1.470600	1.474100	1.477140	1.475490	1.479600	1.475140	1.478900
Algerian Dinar	NA	111.458000	111.472000	111.436000	111.073000	111.374000	111.504000	NA	111.680000	111.266000	111.460000
Australian Dollar	1.700830	1.713640	1.698260	1.671600	1.678960	1.694760	1.691830	1.710510	1.690970	1.706740	1.735180
Bahrain Dinar	0.552859	0.554511	0.554961	0.554856	0.552947	0.554262	0.555404	0.554782	0.556328	0.554653	0.556065
Botswana Pula	10.376600	10.341900	10.335800	10.276400	10.320000	10.330100	10.431800	10.420100	10.375900	10.403000	10.451600
Brazilian Real	2.641220	2.637610	2.628530	2.619780	2.596340	2.605030	2.644080	2.640980	2.629690	2.628400	2.672070
Brunei Dollar	2.049250	2.060390	2.049950	2.031570	2.029430	2.043840	2.048640	2.054170	2.047620	2.050890	2.072380
Canadian Dollar	1.505070	1.516650	1.511080	1.505050	1.500160	1.538080	1.540950	1.530080	1.529460	1.553170	1.568520
Chilean Peso	788.339000	782.240000	782.785000	786.157000	779.891000	785.472000	791.095000	796.292000	NA	793.430000	803.174000
Colombian Peso	NA	2,820.170000	2,808.420000	2,813.560000	2,778.720000	2,780.230000	2,800.280000	2,798.810000	2,811.770000	2,805.200000	2,834.240000
Czech Koruna	30.832100	30.667700	30.697000	30.682400	30.937100	30.898600	31.043600	30.958700	30.867300	31.144600	30.978500
Danish Krone	8.908370	8.873510	8.875480	8.860770	8.928170	8.942220	8.965800	8.933360	8.926580	9.007790	8.977220
Hungarian Forint	333.611000	335.125000	333.123000	331.084000	333.885000	336.051000	338.574000	343.435000	338.813000	346.584000	346.801000
Icelandic Krona	187.869000	NA	187.343000	186.984000	187.796000	188.302000	189.207000	188.995000	188.560000	189.836000	188.737000
Indian Rupee	68.151500	68.576300	68.100400	67.350000	67.706600	68.265400	68.302700	68.669100	68.298100	68.623300	68.916600
Indonesian Rupiah	13,468.500000	13,519.100000	13,482.800000	13,303.300000	13,283.900000	13,348.000000	13,357.800000	13,353.200000	13,375.500000	13,324.900000	13,432.800000
Iranian Rial	15,271.200000	15,361.100000	NA	15,292.500000	15,325.100000	15,399.900000	15,408.000000	NA	15,424.800000	15,424.100000	15,503.300000
Israeli New Sheqel	5.615330	5.630630	5.629300	5.628250	5.648570	5.690030	5.712100	5.701290	5.752680	5.735330	5.730720
Kazakhstani Tenge	216.555000	216.937000	217.039000	216.911000	216.105000	216.678000	217.317000	217.192000	217.945000	217.362000	218.078000
Korean Won	1,780.470000	1,785.930000	1,794.610000	1,729.500000	1,737.810000	1,750.490000	1,756.020000	1,793.310000	1,782.470000	1,770.760000	1,789.910000
Kuwaiti Dinar	0.428317	0.429893	0.430241	0.428982	0.428313	0.429332	0.429551	0.429072	0.429971	0.428897	0.430211
Libyan Dinar	1.932400	1.932400	1.932400	1.932400	1.932400	1.932400	1.932400	1.932400	1.932400	1.932400	1.932400
Malaysian Ringgit	4.788540	4.827630	4.807180	4.717030	4.704440	4.760610	4.752690	4.785010	4.775390	4.766920	4.817510
Mauritian Rupee	48.228600	48.228800	48.059100	47.868200	47.490400	47.479100	47.530300	47.264100	47.369300	47.051700	47.143600
Mexican Peso	18.508700	18.570900	18.508500	18.387600	18.418700	18.718700	18.780500	18.744900	18.726800	18.939900	18.995100
Nepalese Rupee	109.704000	109.442000	109.737000	108.979000	107.457000	108.641000	109.160000	109.570000	110.008000	108.939000	110.074000
New Zealand Dollar	2.108050	2.113450	2.097420	2.070840	2.074190	2.087670	2.070850	2.083730	2.078380	2.092400	2.134360
Norwegian Krone	9.435210	9.388610	9.378660	9.357780	9.517280	9.525080	9.610670	9.587540	9.517370	9.563890	9.608360
Rial Omani	0.565355	0.567045	0.567505	0.567402	0.565448	0.566791	0.567959	0.567324	0.568906	0.567192	0.568634
Pakistani Rupee	125.548000	125.862000	126.113000	126.089000	125.589000	125.844000	126.036000	125.901000	126.359000	125.912000	126.392000
Nuevo Sol	4.169950	4.180950	4.176950	4.170280	NA	4.168750	4.175870	4.169720	NA	NA	4.177880
Philippine Peso	NA	NA	NA	NA	NA	NA	NA	NA	NA	NA	NA
Polish Zloty	4.861610	4.880720	4.850580	4.790510	4.840040	4.872490	4.918140	4.963990	4.922620	5.038650	5.020260
Qatar Riyal	5.352140	5.368120	5.372470	5.371490	5.352980	5.365730	5.376780	5.370770	5.385730	5.369500	5.383170
Russian Ruble	45.811700	45.991000	45.583400	45.342800	45.435800	45.652100	45.813300	45.852400	45.842800	46.017600	46.223500
Saudi Arabian Riyal	5.513860	5.530360	5.534830	5.533820	5.514750	5.527890	5.539280	5.533090	5.548500	5.531770	5.545850
Singapore Dollar	2.049250	2.060390	2.049950	2.031570	2.029430	2.043840	2.048640	2.054170	2.047620	2.050890	2.072380
South African Rand	NA	11.163900	11.114000	11.001200	11.117700	11.122100	11.300100	11.272700	11.185700	11.247900	11.298800
Sri Lanka Rupee	166.959000	167.335000	NA	167.461000	166.858000	167.419000	167.881000	NA	168.101000	167.639000	167.884000
Swedish Krona	11.446800	11.565800	11.394400	11.270500	11.375100	11.431600	11.433000	NA	11.429900	11.495000	11.494700
Swiss Franc	1.665630	1.643030	1.639340	1.638450	1.633980	1.633600	1.631060	1.625250	1.610540	1.604950	1.598980
Thai Baht	47.673800	47.791100	47.859300	47.822400	47.503500	47.651700	47.816500	47.804300	47.974500	47.753200	47.938400
Trinidad And Tobago Dollar	9.341080	9.325660	9.360400	9.326790	9.326440	9.352870	9.398850	9.384210	9.355940	9.362860	NA
Tunisian Dinar	NA	NA	NA	NA	NA	NA	2.239040	2.234770	2.241000	2.232920	2.251620
U.A.E. Dirham	5.399920	5.416060	5.420440	5.419440	5.400790	5.413630	5.424790	5.418730	5.433810	5.417440	5.431240
Peso Uruguayo	30.999700	30.941900	30.764800	30.841800	30.773800	30.882400	31.019900	30.848000	31.036000	31.054600	31.232800
Bolivar Fuerte	3.813390	3.824790	3.827900	3.827180	3.814000	3.823080	3.830960	3.826680	3.837330	3.825770	3.835520

Notes:


The value of the U.S. dollar in terms of the SDR is the reciprocal of the sum of the dollar values, based on market exchange rates, of specified quantities of the SDR basket currencies. See SDR Valuation.

These rates are the official rates used by the Fund to conduct operations with member countries. The rates are derived from the currency's representative exchange rate, as reported by the central bank, normally against the U.S. dollar at spot market rates and rounded to six significant digits. See Representative Exchange Rates for Selected Currencies.

The value in terms of each national currency of the SDR (shown above) is the reciprocal of the value in terms of the SDR of each national currency, rounded to six significant digits.

Exchange rates are published daily except on IMF holidays or whenever the IMF is closed for business.
