Currency units per SDR for July 2010
Currency	July 01, 2010	July 02, 2010	July 06, 2010	July 07, 2010	July 08, 2010	July 09, 2010	July 12, 2010	July 13, 2010	July 14, 2010	July 15, 2010	July 16, 2010
Chinese Yuan	10.053000	10.104400	10.129700	10.139000	10.137200	10.136000	10.093000	10.114600	10.156600	10.194300	10.245200
Euro	1.201720	1.189110	1.187910	1.190290	1.181570	1.183850	1.185530	1.186880	1.180050	1.173130	1.163790
Japanese Yen	131.081000	131.274000	130.749000	130.886000	132.160000	132.473000	132.770000	132.351000	133.338000	132.732000	131.942000
U.K. Pound Sterling	0.989433	0.982289	0.983526	0.988592	0.988543	0.986505	0.993039	0.989511	0.981614	0.980392	0.984979
U.S. Dollar	1.481470	1.492090	1.494280	1.495840	1.495870	1.496030	1.490450	1.491780	1.499020	1.504900	1.512920
Algerian Dinar	111.385000	109.627000	110.098000	NA	NA	NA	NA	111.931000	112.304000	112.720000	113.005000
Australian Dollar	1.770830	1.766210	1.774890	1.763960	1.714460	1.705850	1.706890	1.710570	1.700530	1.709530	1.727670
Bahrain Dinar	0.557035	0.561026	0.561848	0.562436	0.562446	NA	0.560409	0.560912	0.563631	0.565841	0.568857
Botswana Pula	10.469800	10.552300	10.508300	10.534100	10.438700	10.469100	10.466700	10.410200	10.460700	10.472500	10.535700
Brazilian Real	2.667690	2.685460	2.651890	2.641210	2.649330	2.639590	2.617830	2.630910	2.625830	2.655990	2.675150
Brunei Dollar	2.075990	2.075950	2.080930	2.079670	2.069530	2.063320	2.058020	2.062990	2.063400	2.069230	2.081480
Canadian Dollar	NA	1.588930	1.568690	1.574670	1.562580	NA	1.546940	1.534150	1.544890	1.565550	1.594160
Chilean Peso	810.649000	813.650000	803.174000	801.590000	802.968000	802.336000	802.324000	804.104000	802.575000	805.088000	804.130000
Colombian Peso	2,834.280000	2,830.990000	2,815.680000	2,815.880000	2,844.210000	NA	2,798.560000	2,800.380000	2,804.950000	2,819.980000	2,832.130000
Czech Koruna	30.953900	30.614700	NA	30.409000	30.064000	30.019300	30.014700	30.075900	30.043300	29.876700	29.595800
Danish Krone	8.951190	8.858570	8.854020	8.871540	8.807860	8.825970	8.838370	8.848850	8.791600	8.740110	8.671600
Hungarian Forint	344.784000	339.779000	338.424000	339.481000	333.638000	330.727000	332.430000	331.623000	326.696000	328.008000	328.455000
Icelandic Krona	188.399000	187.019000	186.904000	187.369000	186.370000	186.330000	186.679000	186.548000	185.938000	185.449000	184.834000
Indian Rupee	NA	69.651000	69.932000	70.424000	70.081500	69.939400	69.649000	70.009400	69.899300	70.338800	70.804500
Indonesian Rupiah	13,472.500000	13,500.500000	13,580.000000	13,573.300000	13,567.500000	13,560.000000	13,488.600000	13,509.600000	13,563.100000	13,614.800000	13,688.900000
Iranian Rial	15,536.200000	NA	15,528.500000	15,519.300000	15,506.200000	NA	15,497.700000	15,519.000000	15,555.300000	15,607.300000	NA
Israeli New Sheqel	5.752580	5.804230	5.809770	5.824790	5.783020	5.783660	5.762090	5.758280	5.784690	5.807400	5.836860
Kazakhstani Tenge	218.592000	220.054000	220.167000	220.397000	220.267000	220.649000	219.872000	220.187000	221.405000	222.319000	223.262000
Korean Won	1,822.360000	1,837.060000	1,828.400000	1,837.790000	1,827.650000	1,811.990000	1,786.750000	1,786.410000	1,805.720000	1,804.670000	1,822.620000
Kuwaiti Dinar	0.431109	NA	0.432893	0.433047	0.432754	NA	0.431785	0.432543	0.433366	0.434690	0.437008
Libyan Dinar	1.932400	1.932400	1.932400	1.932400	1.932400	NA	1.932400	1.932400	1.932400	1.932400	1.932400
Malaysian Ringgit	4.822950	4.809010	4.810070	4.805380	4.792000	4.783540	4.769450	4.780430	4.790860	4.820950	4.851190
Mauritian Rupee	47.131600	47.504600	47.144900	47.028900	46.761700	46.547800	46.274000	46.393400	46.607000	46.804600	46.767200
Mexican Peso	19.307300	19.485200	19.322200	19.292600	19.181800	NA	19.112500	18.966600	19.063900	19.231800	19.518600
Nepalese Rupee	110.444000	111.295000	111.712000	111.964000	112.789000	112.202000	NA	111.585000	112.411000	112.265000	113.076000
New Zealand Dollar	2.164000	2.156830	2.174130	2.162250	2.125420	2.111540	2.101000	2.096680	2.087480	2.086660	2.089090
Norwegian Krone	9.667810	9.587730	9.584700	9.642460	9.530440	9.520550	9.503260	9.444030	9.353140	9.298950	9.371980
Rial Omani	0.569629	0.573710	NA	0.575152	0.575162	NA	0.573079	0.573592	0.576372	0.578633	0.581717
Pakistani Rupee	NA	127.487000	127.811000	128.040000	128.086000	128.121000	127.796000	127.922000	128.515000	128.770000	129.489000
Nuevo Sol	NA	NA	NA	4.222760	4.222830	NA	4.207550	4.206820	4.218230	4.242300	4.269470
Philippine Peso	NA	NA	NA	NA	NA	NA	NA	NA	NA	NA	NA
Polish Zloty	5.003380	4.946580	4.876720	4.913980	4.825530	4.805840	4.845620	4.848160	4.785600	4.778060	4.782030
Qatar Riyal	5.392580	5.431210	5.439160	5.444870	5.444960	NA	5.425260	5.430090	5.456430	5.477830	5.507030
Russian Ruble	46.474200	46.544500	46.490400	46.509000	46.293900	46.070600	46.028600	46.028000	45.778500	45.992400	46.085900
Saudi Arabian Riyal	5.555520	5.595340	5.603530	5.609410	5.609500	NA	5.589180	5.594190	5.621330	5.643370	5.673470
Singapore Dollar	2.075990	2.075950	2.080930	2.079670	2.069530	2.063320	2.058020	2.062990	2.063400	2.069230	2.081480
South African Rand	11.503700	11.511500	11.408800	11.465600	11.308800	11.324900	11.334900	11.277900	11.310100	11.354400	11.437700
Sri Lanka Rupee	168.280000	169.358000	169.468000	169.692000	169.655000	169.713000	169.048000	169.040000	169.583000	170.061000	170.738000
Swedish Krona	11.588800	11.448100	11.438700	11.450700	11.308800	11.231400	11.219400	11.207000	11.096500	11.136200	11.059500
Swiss Franc	1.584140	1.588180	1.587220	1.582750	1.576200	1.577710	1.586440	1.582630	1.584010	1.575180	1.578880
Thai Baht	48.056100	NA	48.443000	48.526500	48.566300	48.525100	48.254900	48.269800	48.523200	48.647400	48.847700
Trinidad And Tobago Dollar	9.426310	9.499290	9.475980	9.547360	9.543900	9.509680	9.426050	9.466740	9.509500	9.569380	9.620470
Tunisian Dinar	NA	2.262460	2.225720	2.222820	2.227650	2.224000	2.227780	2.234840	2.222590	2.222280	NA
U.A.E. Dirham	5.440730	5.479720	5.487720	5.493480	5.493570	NA	5.473690	5.478580	5.505150	5.526720	5.556200
Peso Uruguayo	NA	NA	31.805700	NA	NA	NA	31.385900	31.212600	31.320500	31.580300	31.910500
Bolivar Fuerte	3.842210	3.869740	3.875410	3.879470	3.879530	3.879950	3.865500	3.868950	3.887690	3.902960	3.923750

Currency units per SDR for July 2010 Continued

Currency	July 19, 2010	July 20, 2010	July 21, 2010	July 22, 2010	July 23, 2010	July 26, 2010	July 27, 2010	July 28, 2010	July 29, 2010	July 30, 2010
Chinese Yuan	10.254200	10.237300	10.212200	10.242700	10.256300	10.250000	10.266200	10.268300	10.314800	10.287900
Euro	1.167260	1.175390	1.175140	1.174640	1.173100	1.169500	1.162800	1.165980	1.164320	1.165580
Japanese Yen	NA	131.341000	131.414000	130.564000	131.475000	132.522000	131.756000	132.851000	132.688000	131.352000
U.K. Pound Sterling	0.989678	0.995094	0.986174	0.987635	0.979950	0.976610	0.976410	0.971987	0.972611	0.974906
U.S. Dollar	1.512420	1.509660	1.506180	1.509410	1.512950	1.512290	1.515480	1.514840	1.521650	1.518520
Algerian Dinar	112.947000	113.131000	NA	113.189000	113.390000	113.335000	113.457000	113.484000	NA	113.715000
Australian Dollar	1.741020	1.719440	1.707290	1.719930	1.696320	1.688950	1.680320	1.692550	1.695810	1.689870
Bahrain Dinar	0.568673	0.567634	0.566322	0.567537	0.568867	0.568618	0.569820	0.569580	0.572141	0.570962
Botswana Pula	10.532200	NA	10.466800	10.489300	10.441300	10.365200	10.337500	10.375600	10.358400	10.372400
Brazilian Real	2.689700	2.694150	2.679790	2.680410	2.665960	2.662980	2.676490	2.673690	2.684500	2.677900
Brunei Dollar	2.088210	2.073370	2.067080	2.077550	2.077270	2.063820	2.063020	2.066240	2.077970	2.068670
Canadian Dollar	1.596970	1.589070	1.570490	1.566160	1.569380	1.559470	1.569580	1.568920	1.577950	1.562550
Chilean Peso	803.871000	803.490000	798.677000	791.866000	784.252000	786.522000	787.668000	786.491000	795.399000	793.210000
Colombian Peso	2,841.500000	2,827.480000	2,820.950000	2,818.170000	2,820.190000	2,824.150000	2,818.040000	2,806.730000	2,809.320000	2,796.120000
Czech Koruna	29.687400	29.797700	29.784600	29.558800	29.528100	29.380700	29.163900	29.134900	28.814000	28.895800
Danish Krone	8.699430	8.758950	8.757030	8.753190	8.741950	8.715890	8.666410	8.688780	8.674310	8.684700
Hungarian Forint	337.437000	337.123000	336.238000	334.318000	333.846000	336.575000	332.269000	328.810000	330.183000	330.960000
Icelandic Krona	185.317000	185.719000	185.742000	185.431000	184.867000	185.043000	183.403000	183.250000	183.100000	182.981000
Indian Rupee	71.204800	71.105000	71.166800	71.440300	71.108600	70.865700	70.863700	70.545700	70.954700	70.550200
Indonesian Rupiah	13,726.800000	13,674.500000	13,633.900000	13,688.800000	13,699.700000	13,671.100000	13,660.500000	13,668.400000	13,697.900000	13,593.800000
Iranian Rial	15,667.200000	15,622.000000	15,674.800000	15,780.900000	NA	15,759.500000	NA	15,740.700000	15,802.300000	NA
Israeli New Sheqel	5.836450	NA	5.816860	5.832370	5.823330	5.835910	5.761860	5.763950	5.765550	5.738450
Kazakhstani Tenge	223.158000	222.630000	222.221000	NA	223.386000	223.002000	223.230000	223.257000	224.535000	224.103000
Korean Won	1,816.570000	1,835.600000	1,825.180000	1,816.730000	1,825.970000	1,810.510000	1,810.090000	1,792.960000	1,805.440000	1,802.780000
Kuwaiti Dinar	0.435426	0.434631	0.434005	0.435464	0.436485	0.435386	0.435775	0.435743	0.437399	0.436496
Libyan Dinar	1.932400	1.932400	1.932400	1.932400	1.932400	1.932400	1.932400	1.932400	1.932400	1.932400
Malaysian Ringgit	4.879830	4.858850	4.842360	4.863320	4.845220	4.828730	4.831360	4.839150	4.865470	4.840270
Mauritian Rupee	46.706500	46.473600	46.243400	46.367800	46.429100	46.298200	46.326500	46.040100	46.109100	45.831400
Mexican Peso	19.534800	19.406600	19.248600	19.254000	19.327700	19.202200	19.166100	19.207800	19.330700	19.202400
Nepalese Rupee	113.205000	113.632000	113.837000	114.036000	114.152000	113.573000	113.888000	113.234000	113.667000	113.205000
New Zealand Dollar	2.134990	2.141970	2.101250	2.121440	2.085960	2.081600	2.067220	2.069450	2.106380	2.096240
Norwegian Krone	9.503900	9.554660	9.416910	9.367680	9.344830	9.358300	9.301890	9.305620	9.280230	9.255230
Rial Omani	0.581527	0.580467	0.579126	0.580366	0.581727	0.581473	0.582703	0.582455	0.585076	0.583870
Pakistani Rupee	129.483000	129.165000	128.832000	129.098000	129.399000	129.457000	129.674000	129.629000	130.263000	130.081000
Nuevo Sol	4.268070	4.261780	4.256460	4.259560	NA	4.267670	4.276680	NA	NA	NA
Philippine Peso	NA	NA	NA	NA	NA	NA	NA	NA	NA	NA
Polish Zloty	4.813290	4.793790	4.822320	4.821810	4.748090	4.744490	4.676920	4.659030	4.658990	4.666550
Qatar Riyal	5.505210	5.495170	5.482490	5.494230	5.507120	5.504730	5.516360	5.514020	5.538820	5.527400
Russian Ruble	46.240600	45.902500	45.796600	46.067900	45.969200	45.823200	45.826800	45.758000	45.980200	45.839200
Saudi Arabian Riyal	5.671600	5.661230	5.648150	5.660270	5.673530	5.671060	5.683050	5.680620	5.706200	5.694440
Singapore Dollar	2.088210	2.073370	2.067080	2.077550	2.077270	2.063820	2.063020	2.066240	2.077970	2.068670
South African Rand	11.539800	11.518700	11.334000	11.350800	11.218500	11.130400	11.063000	11.118900	11.138500	11.138300
Sri Lanka Rupee	170.488000	170.237000	169.915000	170.219000	170.638000	170.515000	170.826000	170.935000	171.420000	170.927000
Swedish Krona	11.139000	11.062100	11.062900	11.150800	11.067200	11.073700	11.036500	11.058300	11.085200	10.982700
Swiss Franc	1.578060	1.589220	1.584200	1.572050	1.576790	1.590770	1.604440	1.604670	1.587990	1.578350
Thai Baht	48.759100	48.745500	48.628400	48.729900	48.895500	NA	48.886400	48.786900	49.059500	48.987200
Trinidad And Tobago Dollar	9.573230	9.610210	9.561330	9.553650	9.612980	9.577260	9.586170	9.612520	9.652420	9.662120
Tunisian Dinar	2.213280	2.215130	NA	NA	NA	2.218370	2.223060	2.214540	2.223890	2.216580
U.A.E. Dirham	5.554380	5.544250	5.531430	5.543300	5.556300	5.553860	5.565600	5.563250	5.588280	5.576750
Peso Uruguayo	32.122400	32.080400	31.813500	31.662900	NA	31.835100	31.950800	31.776700	31.808500	NA
Bolivar Fuerte	3.922480	3.915320	3.905520	3.914650	3.923830	3.922110	3.930400	3.928730	3.946410	3.938260

Notes:


The value of the U.S. dollar in terms of the SDR is the reciprocal of the sum of the dollar values, based on market exchange rates, of specified quantities of the SDR basket currencies. See SDR Valuation.

These rates are the official rates used by the Fund to conduct operations with member countries. The rates are derived from the currency's representative exchange rate, as reported by the central bank, normally against the U.S. dollar at spot market rates and rounded to six significant digits. See Representative Exchange Rates for Selected Currencies.

The value in terms of each national currency of the SDR (shown above) is the reciprocal of the value in terms of the SDR of each national currency, rounded to six significant digits.

Exchange rates are published daily except on IMF holidays or whenever the IMF is closed for business.
