Currency units per SDR for October 2010
Currency	October 01, 2010	October 04, 2010	October 05, 2010	October 06, 2010	October 07, 2010	October 08, 2010	October 12, 2010	October 13, 2010	October 14, 2010	October 15, 2010	October 18, 2010
Chinese Yuan	NA	NA	NA	NA	NA	10.477300	10.454800	10.491200	10.518000	10.510800	10.462000
Euro	1.135610	1.136110	1.132500	1.128810	1.125210	1.129990	1.131840	1.126990	1.120270	1.121900	1.131450
Japanese Yen	130.154000	129.749000	130.777000	130.100000	130.390000	129.136000	128.291000	128.676000	128.272000	128.948000	127.825000
U.K. Pound Sterling	0.985105	0.983855	0.983362	0.984446	0.986514	0.987625	0.987996	0.992526	0.986699	0.985066	0.989159
U.S. Dollar	1.558730	1.557050	1.560590	1.564080	1.571910	1.567750	1.565670	1.573060	1.579700	1.580640	1.572260
Algerian Dinar	116.131000	116.084000	116.101000	NA	116.640000	116.455000	116.730000	116.967000	117.112000	116.861000	116.323000
Australian Dollar	1.614100	NA	1.627990	1.610630	1.598770	1.594050	1.599910	1.594260	1.587640	1.594350	1.595560
Bahrain Dinar	0.586084	0.585449	0.586782	0.588097	0.591041	0.589473	0.588692	0.591471	0.593965	0.594318	0.591170
Botswana Pula	NA	10.270700	10.240100	10.209400	10.207200	10.253400	10.233100	10.214700	10.185000	10.237300	10.242800
Brazilian Real	2.639560	2.616460	2.633340	2.627660	2.632960	2.628960	2.605270	2.617570	2.613770	2.621960	2.609320
Brunei Dollar	2.050820	2.044870	2.056080	2.049890	2.057160	2.049050	2.048370	2.053780	2.046180	2.051980	2.051490
Canadian Dollar	1.592250	1.593480	1.586810	1.575500	1.598010	1.589070	1.582890	1.577770	1.585390	1.597710	1.595690
Chilean Peso	753.881000	748.609000	757.650000	756.659000	757.409000	756.081000	756.533000	753.636000	751.829000	755.481000	751.761000
Colombian Peso	2,807.290000	2,796.340000	2,812.320000	2,819.150000	2,823.610000	2,800.320000	2,796.870000	2,810.690000	2,830.130000	2,847.050000	2,842.460000
Czech Koruna	27.745400	27.796400	27.744200	27.667100	27.569800	27.670800	27.754600	27.571000	27.373000	27.441500	27.736300
Danish Krone	8.462810	8.468760	8.442670	8.414960	8.389610	8.425380	8.440030	8.403430	8.353940	8.365400	8.437890
Hungarian Forint	313.336000	311.939000	309.715000	305.262000	306.524000	310.368000	311.772000	307.517000	305.246000	307.877000	313.855000
Icelandic Krona	175.591000	175.604000	175.051000	174.255000	173.870000	174.789000	175.402000	174.751000	174.383000	174.818000	175.590000
Indian Rupee	69.644200	69.086100	69.789500	69.289000	69.604400	69.576800	70.048100	70.001100	69.791000	69.595700	69.588500
Indonesian Rupiah	13,905.500000	13,892.000000	13,962.600000	13,954.700000	14,032.500000	13,987.500000	13,979.900000	14,042.700000	14,092.500000	14,104.000000	14,038.700000
Iranian Rial	NA	NA	16,589.100000	16,577.700000	16,563.300000	NA	NA	16,353.500000	16,422.500000	NA	16,354.700000
Israeli New Sheqel	5.681590	5.648950	NA	5.632280	5.644740	5.645480	5.667710	5.651980	5.655310	5.641300	5.630280
Kazakhstani Tenge	230.022000	229.867000	230.187000	230.765000	231.763000	231.165000	231.093000	232.388000	233.464000	233.318000	231.846000
Korean Won	1,778.980000	1,766.310000	1,754.260000	1,768.510000	1,760.700000	1,751.810000	1,746.350000	1,772.840000	1,768.470000	1,758.930000	1,759.830000
Kuwaiti Dinar	NA	0.441501	0.442740	0.442480	0.444223	0.443046	0.442067	0.443760	0.444686	NA	0.443064
Libyan Dinar	1.932400	1.932400	1.932400	1.932400	1.932400	1.932400	1.932400	1.932400	1.932400	1.932400	1.932400
Malaysian Ringgit	4.810240	4.804270	4.851100	4.832230	4.868220	4.858470	4.868450	4.872530	4.870680	4.871540	4.864570
Mauritian Rupee	46.794100	46.593100	46.703000	46.680300	46.819800	46.527000	46.502800	NA	46.856200	46.655900	46.387800
Mexican Peso	19.563800	19.599300	19.522800	19.516500	19.692500	19.580400	19.464400	19.456000	19.604200	19.643500	19.517300
Nepalese Rupee	112.073000	110.784000	111.270000	111.754000	111.606000	111.013000	111.163000	112.458000	112.396000	112.399000	111.678000
New Zealand Dollar	2.124480	2.092520	2.112910	2.089900	2.091980	2.088390	2.084500	2.081860	2.086240	2.084180	2.084400
Norwegian Krone	9.130250	9.123010	9.106560	9.068900	9.095130	9.152980	9.195060	9.168090	9.039960	9.078860	9.221350
Rial Omani	0.599334	0.598684	0.600046	0.601392	0.604401	0.602802	0.602000	0.604840	0.607393	0.607755	0.604536
Pakistani Rupee	134.446000	134.304000	134.548000	134.606000	135.113000	134.499000	135.007000	135.327000	135.791000	135.968000	135.348000
Nuevo Sol	4.345750	4.342600	4.349360	4.362220	4.382510	NA	4.361960	4.382540	4.404200	4.413140	4.388180
Philippine Peso	68.461300	68.334000	68.237000	68.478600	68.444400	68.086000	NA	68.643600	NA	NA	67.927900
Polish Zloty	4.484790	4.503290	4.500430	4.445430	4.464390	4.493170	4.509440	4.455990	4.375300	4.381050	4.449030
Qatar Riyal	5.673790	5.667650	5.680560	5.693270	5.721770	5.706620	5.699040	5.725930	5.750100	5.753510	5.723050
Russian Ruble	47.556100	47.483600	47.498000	46.755000	46.581200	46.889400	47.089600	47.391300	47.282700	47.615600	47.991300
Saudi Arabian Riyal	5.845250	5.838900	5.852230	5.865310	5.894660	5.879070	5.871270	5.898970	5.923850	5.927400	5.895980
Singapore Dollar	2.050820	2.044870	2.056080	2.049890	2.057160	2.049050	2.048370	2.053780	2.046180	2.051980	2.051490
South African Rand	10.794200	10.829200	10.846100	10.768700	10.806900	10.817500	10.803100	10.759700	10.702500	10.708800	10.809300
Sri Lanka Rupee	174.510000	174.274000	174.478000	174.778000	175.584000	175.146000	175.001000	176.078000	176.691000	176.714000	175.839000
Swedish Krona	10.435700	10.490600	10.553500	10.409000	10.504300	10.464700	10.486100	10.429400	10.331200	10.365000	10.514500
Swiss Franc	1.525220	1.515000	1.511430	1.509970	1.507780	1.517900	1.508210	1.505410	1.503560	1.507140	1.506700
Thai Baht	47.145300	46.965100	47.137600	46.907000	46.959400	47.062400	47.067200	46.946400	47.122500	47.150500	47.023200
Trinidad And Tobago Dollar	9.849310	9.862030	9.896480	9.940060	9.972080	9.945000	9.926150	9.979440	10.030000	10.036900	9.967410
Tunisian Dinar	2.202800	2.200420	2.209950	2.206610	2.205400	NA	2.179730	2.198820	2.199730	NA	2.173340
U.A.E. Dirham	5.724460	5.718240	5.731280	5.744090	5.772840	5.757580	5.749940	5.777040	5.801440	5.804910	5.774140
Peso Uruguayo	31.634500	31.608100	31.680000	31.672700	NA	NA	31.548200	31.475200	31.965200	32.275000	31.995600
Bolivar Fuerte	4.042580	4.038200	4.047390	4.056450	4.076760	4.065970	4.060570	4.079720	4.096950	4.099390	4.077670

Currency units per SDR for October 2010 Continued

Currency	October 19, 2010	October 20, 2010	October 21, 2010	October 22, 2010	October 25, 2010	October 26, 2010	October 27, 2010	October 28, 2010	October 29, 2010
Chinese Yuan	10.459700	10.465700	10.514900	10.485300	10.528900	10.509300	10.488800	10.513800	10.516500
Euro	1.134020	1.131090	1.124830	1.127180	1.124550	1.131500	1.135660	1.132680	1.134290
Japanese Yen	127.774000	127.588000	127.859000	127.518000	127.412000	127.190000	127.991000	128.139000	126.654000
U.K. Pound Sterling	0.995084	0.997586	0.999340	1.000460	1.002260	0.991395	0.989061	0.988445	0.987177
U.S. Dollar	1.571630	1.567800	1.576560	1.570620	1.577860	1.574140	1.567560	1.569560	1.571790
Algerian Dinar	116.735000	NA	116.419000	116.309000	116.544000	116.638000	116.584000	116.398000	NA
Australian Dollar	1.592660	1.606850	1.605130	1.596960	1.588350	1.588600	1.609560	1.608980	1.610270
Bahrain Dinar	0.590933	0.589494	0.592786	0.590552	0.593275	0.591877	0.589400	0.590155	0.590992
Botswana Pula	10.332900	10.300900	10.284100	10.319400	10.299400	10.308700	10.367400	10.360100	10.306800
Brazilian Real	2.621170	2.643310	2.637110	2.652610	2.680630	2.678870	NA	NA	NA
Brunei Dollar	2.050040	2.052880	2.052050	2.045100	2.043330	2.036780	2.040650	2.039170	2.041280
Canadian Dollar	1.618470	1.606210	1.613290	1.611920	1.609100	1.609240	1.617720	1.601260	1.601330
Chilean Peso	756.630000	761.499000	766.002000	763.306000	768.386000	764.257000	769.687000	776.054000	772.941000
Colombian Peso	2,841.320000	NA	2,857.670000	NA	2,876.520000	2,882.180000	2,881.870000	2,898.050000	2,891.930000
Czech Koruna	27.813200	27.709400	27.602300	27.757500	27.562100	27.859100	27.999700	NA	27.905500
Danish Krone	8.456800	8.435690	8.389330	8.406260	8.386800	8.438320	8.470270	8.448020	8.457450
Hungarian Forint	311.231000	314.047000	309.305000	311.752000	307.904000	309.539000	312.649000	312.326000	311.135000
Icelandic Krona	175.567000	176.409000	175.755000	176.396000	175.837000	175.926000	176.444000	175.916000	176.213000
Indian Rupee	69.874900	69.437700	69.935900	69.829500	69.994200	69.938900	69.787600	69.829500	70.007400
Indonesian Rupiah	14,033.100000	14,016.100000	14,081.800000	14,035.000000	14,085.600000	14,030.300000	13,995.100000	14,028.700000	14,032.900000
Iranian Rial	16,343.400000	16,309.800000	16,396.200000	NA	16,395.600000	16,374.200000	16,305.700000	16,334.400000	NA
Israeli New Sheqel	5.640600	5.673890	5.691390	5.713890	5.678720	5.717260	5.709030	5.721050	5.715000
Kazakhstani Tenge	231.910000	231.376000	232.621000	231.964000	232.766000	232.311000	231.434000	231.573000	231.949000
Korean Won	1,776.730000	1,766.760000	1,783.560000	1,763.800000	1,782.190000	1,758.630000	1,752.060000	1,767.320000	1,770.770000
Kuwaiti Dinar	0.442729	0.442120	0.443644	0.441971	0.443538	0.442648	0.441267	0.441673	0.442300
Libyan Dinar	1.932400	1.932400	1.932400	1.932400	1.932400	1.932400	1.932400	1.932400	1.932400
Malaysian Ringgit	4.883840	4.900160	4.910990	4.885080	4.885840	4.874320	4.873530	4.877410	4.887470
Mauritian Rupee	46.414100	46.481100	46.849400	46.775100	46.905000	46.813200	46.602200	46.752100	46.878600
Mexican Peso	19.616800	19.459100	19.488300	19.456300	19.440000	19.497100	19.559300	19.466100	19.393800
Nepalese Rupee	111.586000	111.314000	111.731000	111.372000	112.580000	111.685000	111.453000	NA	111.911000
New Zealand Dollar	2.076960	2.103870	2.092040	2.103410	NA	2.093550	2.094260	2.102550	2.087360
Norwegian Krone	9.263810	9.227900	9.154410	9.178690	9.101580	9.187800	9.250010	9.231390	9.292130
Rial Omani	0.604292	0.602820	0.606186	0.603901	0.606689	0.605257	0.602726	0.603497	0.604350
Pakistani Rupee	135.112000	134.758000	135.568000	134.980000	135.577000	135.219000	134.685000	134.839000	134.971000
Nuevo Sol	4.389570	4.377310	4.401760	4.389870	4.405380	4.396570	4.384450	4.391630	NA
Philippine Peso	67.974500	67.990700	68.605500	67.987400	NA	68.177500	67.657200	67.839400	67.873000
Polish Zloty	4.442690	4.501790	4.444800	4.494480	4.436790	4.440180	4.478040	4.509030	4.538210
Qatar Riyal	5.720760	5.706790	5.738680	5.717030	5.743430	5.729870	5.705910	5.713180	5.721310
Russian Ruble	47.801400	48.283300	48.455200	47.900100	47.692200	47.853800	47.917300	48.151900	48.382800
Saudi Arabian Riyal	5.893620	5.879240	5.912090	5.889800	5.916980	5.903010	5.878340	5.885850	5.894210
Singapore Dollar	2.050040	2.052880	2.052050	2.045100	2.043330	2.036780	2.040650	2.039170	2.041280
South African Rand	10.922800	10.896200	10.854600	10.907900	10.895100	NA	10.996400	10.994800	10.947500
Sri Lanka Rupee	175.781000	175.357000	176.338000	NA	176.389000	175.828000	175.095000	175.319000	175.569000
Swedish Krona	10.510300	10.602300	10.484100	10.476000	10.335000	10.405100	10.624100	10.574900	10.648800
Swiss Franc	1.510500	1.511360	1.517440	1.528370	1.530370	1.530220	1.546240	1.546330	1.554810
Thai Baht	46.974600	46.988500	47.063500	46.951900	NA	47.040000	46.957600	47.038000	47.114300
Trinidad And Tobago Dollar	10.000800	9.960750	10.032000	9.962140	10.016300	10.001600	9.961150	9.973570	9.972080
Tunisian Dinar	2.192740	2.190220	NA	2.180330	2.200960	2.188680	NA	2.203500	NA
U.A.E. Dirham	5.771810	5.757750	5.789920	5.768080	5.794680	5.781020	5.756850	5.764190	5.772370
Peso Uruguayo	31.833400	31.708800	31.846500	31.770400	31.872800	31.718900	31.507900	31.469600	NA
Bolivar Fuerte	4.076030	4.066100	4.088810	4.073390	4.092190	4.082530	4.065450	4.070650	4.076420

Notes:


The value of the U.S. dollar in terms of the SDR is the reciprocal of the sum of the dollar values, based on market exchange rates, of specified quantities of the SDR basket currencies. See SDR Valuation.

These rates are the official rates used by the Fund to conduct operations with member countries. The rates are derived from the currency's representative exchange rate, as reported by the central bank, normally against the U.S. dollar at spot market rates and rounded to six significant digits. See Representative Exchange Rates for Selected Currencies.

The value in terms of each national currency of the SDR (shown above) is the reciprocal of the value in terms of the SDR of each national currency, rounded to six significant digits.

Exchange rates are published daily except on IMF holidays or whenever the IMF is closed for business.
