Currency units per SDR for December 2010
Currency	December 01, 2010	December 02, 2010	December 03, 2010	December 06, 2010	December 07, 2010	December 08, 2010	December 09, 2010	December 10, 2010	December 13, 2010	December 14, 2010	December 15, 2010
Chinese Yuan	10.217900	10.210900	10.234700	10.238000	10.286200	10.233800	10.228800	10.246000	10.247300	10.305000	10.245300
Euro	1.166570	1.163870	1.160060	1.159040	1.156400	1.163820	1.161360	1.161540	1.159220	1.152890	1.152030
Japanese Yen	127.965000	128.763000	128.615000	127.569000	127.641000	128.891000	128.677000	128.790000	129.372000	129.272000	129.055000
U.K. Pound Sterling	0.980613	0.982270	0.983313	0.982511	0.978838	0.973473	0.975106	0.970996	0.975914	0.976915	0.982328
U.S. Dollar	1.529950	1.531070	1.536620	1.539200	1.545290	1.536240	1.534620	1.538340	1.537940	1.548910	1.539120
Algerian Dinar	114.153000	114.269000	114.451000	114.655000	114.997000	114.490000	114.302000	114.596000	114.555000	115.255000	114.504000
Australian Dollar	1.598530	1.588410	1.574730	1.558370	1.560270	1.568240	1.554990	1.561290	1.562470	1.556690	1.545610
Bahrain Dinar	0.575261	0.575682	0.577768	0.578741	0.581031	0.577627	0.577014	0.578416	0.578265	0.582387	0.578707
Botswana Pula	10.240600	10.207100	10.169600	10.169800	10.179800	10.200800	10.169800	10.120700	10.124700	10.136800	10.072700
Brazilian Real	2.624330	2.609560	2.615480	2.602630	2.600420	2.570290	2.591040	2.617640	2.631270	2.636080	2.607410
Brunei Dollar	2.016940	2.011370	2.012200	2.006960	2.015840	2.020010	2.011420	2.015390	2.011630	2.019000	2.014550
Canadian Dollar	1.554430	1.538110	1.545840	1.548130	1.559670	NA	1.549650	1.552650	1.545020	1.555260	1.544500
Chilean Peso	746.419000	743.091000	744.862000	741.647000	740.598000	NA	730.337000	731.037000	730.076000	733.746000	729.203000
Colombian Peso	2,956.830000	2,960.450000	2,950.310000	2,919.440000	2,920.220000	NA	2,886.340000	2,927.040000	2,940.350000	2,933.820000	2,924.150000
Czech Koruna	29.124200	29.104100	29.017600	29.024700	28.988200	29.200900	29.122400	29.228500	29.170200	29.003200	28.980000
Danish Krone	8.694290	8.673180	8.645810	8.637670	8.618240	8.675660	8.658460	8.659060	8.641400	8.593210	8.584430
Hungarian Forint	328.512000	323.209000	323.013000	323.894000	321.004000	322.612000	322.561000	321.960000	323.399000	318.734000	319.059000
Icelandic Krona	178.331000	177.221000	176.819000	176.377000	175.808000	176.130000	176.496000	176.494000	177.525000	176.777000	178.799000
Indian Rupee	69.918800	69.464700	69.286100	69.033100	69.290900	69.315400	69.318800	69.563800	NA	69.716000	69.752500
Indonesian Rupiah	13,818.500000	13,805.700000	13,851.100000	13,865.100000	NA	13,856.900000	13,828.400000	13,868.200000	13,870.700000	13,957.200000	13,879.700000
Iranian Rial	15,896.200000	15,894.000000	NA	15,940.000000	16,003.100000	15,940.100000	15,915.500000	NA	15,940.800000	16,035.800000	NA
Israeli New Sheqel	5.607270	5.591470	5.585620	5.588840	5.598600	5.595000	5.567590	5.562660	5.553520	5.563680	5.516180
Kazakhstani Tenge	225.790000	226.032000	NA	227.186000	228.024000	226.596000	226.264000	226.721000	226.678000	228.154000	226.727000
Korean Won	1,766.330000	1,767.160000	1,766.040000	1,760.080000	1,751.750000	1,742.410000	1,750.530000	1,751.250000	1,755.720000	1,771.170000	1,756.750000
Kuwaiti Dinar	0.431906	0.432221	0.433789	0.432208	NA	0.431839	0.430767	0.431812	0.432393	0.434081	0.431645
Libyan Dinar	1.932400	1.932400	1.932400	1.932400	1.932400	1.932400	1.932400	1.932400	1.932400	1.932400	1.932400
Malaysian Ringgit	4.833110	4.824390	4.838050	4.840790	NA	4.836880	4.814080	4.825020	4.819300	4.847310	4.825140
Mauritian Rupee	NA	46.979200	NA	47.141100	47.180000	46.895500	46.815600	NA	46.923700	47.305500	NA
Mexican Peso	18.966400	18.915700	18.992200	19.068200	19.180600	NA	19.119200	19.170400	19.050300	19.160400	19.079300
Nepalese Rupee	112.757000	111.630000	111.405000	111.007000	111.107000	NA	110.769000	111.145000	110.855000	111.831000	110.739000
New Zealand Dollar	2.061930	2.043880	2.034450	2.015450	2.029540	2.028040	NA	2.054140	2.060210	2.062460	2.047510
Norwegian Krone	9.402470	9.380690	9.286260	9.247360	9.211840	9.266900	9.238560	9.219730	9.188560	9.103240	9.061830
Rial Omani	0.588266	0.588696	0.590831	0.591821	0.594166	0.590685	0.590061	0.591492	0.591338	0.595554	0.591790
Pakistani Rupee	131.154000	131.171000	131.850000	132.197000	132.489000	131.668000	131.607000	131.921000	131.961000	132.892000	132.064000
Nuevo Sol	4.325180	4.328330	NA	4.343610	4.353090	NA	4.332210	4.347350	4.344690	4.367920	4.335690
Philippine Peso	67.541100	NA	67.353200	67.586300	67.753400	67.147900	66.978300	67.194800	67.240500	67.721300	67.470000
Polish Zloty	4.705060	4.636390	4.636280	4.626370	4.628920	4.694460	4.681800	4.685490	4.682260	4.601490	4.613950
Qatar Riyal	5.569010	5.573080	5.593310	5.602680	5.624870	5.591930	5.586000	5.599570	5.598100	5.638030	5.602370
Russian Ruble	48.125500	48.001700	48.041100	48.156600	48.250000	47.996900	47.547000	47.473900	47.523300	47.620600	47.281500
Saudi Arabian Riyal	5.737330	5.741520	5.762330	5.772010	5.794850	5.760930	5.754800	5.768780	5.767280	5.808380	5.771670
Singapore Dollar	2.016940	2.011370	2.012200	2.006960	2.015840	2.020010	2.011420	2.015390	2.011630	2.019000	2.014550
South African Rand	10.756500	10.722800	10.625100	10.628300	10.646300	10.662900	10.615200	10.564800	10.514200	10.561800	10.492300
Sri Lanka Rupee	170.420000	170.348000	170.949000	171.289000	171.868000	170.765000	170.531000	170.820000	170.574000	171.785000	170.701000
Swedish Krona	10.690500	10.686900	10.618000	10.558900	10.546600	10.634700	10.523600	10.599200	10.631000	10.532600	10.504500
Swiss Franc	1.538830	1.532910	1.526940	1.517190	1.511140	1.517500	1.516660	1.510810	1.503650	1.489740	1.479550
Thai Baht	46.092900	45.946000	46.172300	NA	46.366500	46.280900	46.155100	NA	46.246000	46.506000	46.268900
Trinidad And Tobago Dollar	9.702610	9.763340	9.770010	9.808440	9.847270	9.798060	9.790580	9.814120	9.791440	9.832940	9.807860
Tunisian Dinar	2.238780	2.231380	2.229940	NA	NA	NA	2.221820	2.227670	2.224480	2.241420	2.202930
U.A.E. Dirham	5.618770	5.622840	5.643250	5.652720	5.675080	5.641840	5.635870	5.649560	5.648090	5.688350	5.652400
Peso Uruguayo	30.482800	30.543300	NA	30.707100	30.828600	NA	30.538800	30.708400	30.682000	30.900600	NA
Bolivar Fuerte	3.967940	3.970820	3.985220	3.991920	4.007730	3.984250	3.980020	3.989690	3.988660	4.017080	3.991700

Currency units per SDR for December 2010 Continued

Currency	December 16, 2010	December 17, 2010	December 20, 2010	December 21, 2010	December 22, 2010	December 23, 2010	December 27, 2010	December 28, 2010	December 29, 2010	December 30, 2010
Chinese Yuan	10.225600	10.226800	10.205400	10.195800	10.186300	10.165400	10.156500	10.152800	10.156900	10.199500
Euro	1.159220	1.158160	1.165150	1.163790	1.167380	1.170710	1.166100	1.161390	1.167160	1.159660
Japanese Yen	129.303000	128.832000	128.489000	128.111000	128.224000	NA	127.062000	126.443000	126.181000	125.436000
U.K. Pound Sterling	0.982820	0.986329	0.984523	0.989511	0.990403	0.994224	NA	NA	0.995837	0.997755
U.S. Dollar	1.534580	1.535720	1.531820	1.530970	1.530670	1.529420	1.531790	1.532450	1.533190	1.540030
Algerian Dinar	114.216000	114.141000	113.845000	113.705000	113.776000	113.802000	113.890000	113.625000	113.729000	113.937000
Australian Dollar	1.555730	1.549830	1.550420	1.536500	1.534810	1.527430	NA	NA	1.517100	1.514290
Bahrain Dinar	0.577001	0.577431	0.575964	0.575642	0.575530	0.575063	0.575951	0.576203	0.576479	0.579052
Botswana Pula	10.102500	10.103400	10.091000	10.065500	10.056900	10.043500	NA	9.950940	9.962240	9.948570
Brazilian Real	2.605710	2.613800	2.617880	2.613980	2.596930	2.590530	2.587950	2.591990	2.584640	NA
Brunei Dollar	2.019500	2.014250	2.025370	2.014750	NA	NA	NA	1.987900	1.989920	1.989730
Canadian Dollar	1.543170	1.554760	1.559080	1.557760	1.553320	1.543950	NA	NA	1.533650	1.541420
Chilean Peso	727.574000	727.807000	723.537000	721.116000	717.406000	718.551000	719.202000	722.105000	720.046000	721.308000
Colombian Peso	2,924.650000	2,942.580000	2,945.880000	2,952.790000	2,961.780000	NA	2,970.960000	3,010.610000	3,108.270000	3,064.490000
Czech Koruna	29.161600	29.212500	29.440000	29.391500	29.499000	29.623300	29.546600	29.438400	29.480100	29.251400
Danish Krone	8.636620	8.628130	8.680180	8.671070	8.699360	8.725320	8.691190	8.657410	8.698680	8.644690
Hungarian Forint	318.777000	314.823000	318.250000	321.319000	321.211000	321.927000	324.172000	323.026000	325.924000	325.518000
Icelandic Krona	178.594000	177.837000	179.115000	178.771000	178.859000	179.125000	178.223000	177.534000	178.969000	178.244000
Indian Rupee	69.654400	NA	69.514000	69.291400	69.078900	68.854400	69.160100	69.220900	69.177300	69.147700
Indonesian Rupiah	13,866.400000	13,873.700000	13,855.300000	13,841.500000	13,852.500000	13,838.200000	13,848.900000	13,841.100000	13,820.100000	13,826.400000
Iranian Rial	NA	NA	15,880.400000	15,854.700000	NA	NA	15,872.400000	15,868.500000	15,889.900000	15,944.000000
Israeli New Sheqel	5.521410	5.510160	5.523730	5.508430	5.504270	5.498250	5.488380	5.470850	5.484200	5.482520
Kazakhstani Tenge	226.227000	226.396000	225.821000	225.573000	225.314000	NA	225.387000	225.884000	226.022000	227.078000
Korean Won	1,766.600000	1,776.060000	1,762.820000	1,783.420000	1,765.320000	1,767.240000	1,764.620000	1,763.240000	1,759.330000	1,765.040000
Kuwaiti Dinar	0.431522	0.431844	0.431053	0.430507	0.430654	0.430302	0.430968	0.430389	0.431131	0.432133
Libyan Dinar	1.932400	1.932400	1.932400	1.932400	1.932400	1.932400	1.932400	1.932400	1.932400	1.932400
Malaysian Ringgit	4.818560	4.814470	4.817560	4.800350	4.793290	4.762610	4.739040	4.739110	4.742910	4.748700
Mauritian Rupee	NA	46.797600	NA	NA	NA	NA	NA	NA	NA	NA
Mexican Peso	19.106200	19.095900	19.020600	18.941100	18.885200	18.862600	18.941000	18.936100	18.945700	19.068200
Nepalese Rupee	111.180000	111.263000	111.133000	111.087000	111.065000	110.424000	110.595000	110.796000	110.849000	111.113000
New Zealand Dollar	2.074310	2.074460	2.081270	2.063570	2.055410	2.066780	NA	NA	NA	NA
Norwegian Krone	9.152060	9.140770	9.158600	9.149630	9.189070	9.174820	9.136340	9.088510	9.114360	9.067420
Rial Omani	0.590044	0.590486	0.588984	0.588658	0.588540	0.588062	0.588970	0.589227	0.589508	0.592143
Pakistani Rupee	NA	NA	131.396000	131.258000	131.174000	131.148000	131.460000	131.584000	131.609000	132.167000
Nuevo Sol	4.325970	4.326120	4.304410	4.294370	4.291990	NA	4.287470	4.293930	4.305190	NA
Philippine Peso	67.426300	67.723600	NA	NA	NA	NA	NA	67.637900	67.317400	67.584500
Polish Zloty	4.622910	4.582590	NA	4.649540	4.641300	4.637660	4.628280	4.614530	4.658270	4.616870
Qatar Riyal	5.585840	5.590030	5.575810	5.572710	5.571620	5.567090	5.575690	5.578120	5.580790	5.605730
Russian Ruble	47.192500	47.097800	NA	47.029400	47.020100	46.788200	46.642000	46.390400	46.546300	46.935600
Saudi Arabian Riyal	5.754670	5.758940	5.744320	5.741120	5.740000	5.735330	5.744190	5.746700	5.749440	5.775140
Singapore Dollar	2.019500	2.014250	2.025370	2.014750	2.007770	1.997420	NA	1.987900	1.989920	1.989730
South African Rand	NA	10.509900	10.485300	10.435100	10.391500	10.324600	NA	10.205500	10.234600	10.215100
Sri Lanka Rupee	170.245000	170.414000	NA	170.144000	170.193000	170.203000	170.246000	170.378000	170.111000	170.837000
Swedish Krona	10.511800	10.404500	10.493000	10.468000	10.439100	10.488000	10.462100	10.397700	10.498500	10.476100
Swiss Franc	1.489150	1.477980	1.479740	1.470190	1.458570	1.463040	1.472660	1.448630	1.457600	1.447020
Thai Baht	46.209200	46.257500	46.257700	46.192400	46.180200	46.134800	46.243000	46.264800	46.248500	46.432200
Trinidad And Tobago Dollar	9.773260	9.782730	9.750960	9.750870	9.764390	9.765530	9.762960	NA	9.802580	9.866510
Tunisian Dinar	2.209480	2.223570	2.211790	2.227710	2.225740	NA	NA	NA	2.221280	2.240130
U.A.E. Dirham	5.635740	5.639940	5.625590	5.622460	5.621390	5.616780	5.625470	5.627940	5.630630	5.655790
Peso Uruguayo	30.614700	30.709800	30.578100	30.558100	30.591900	NA	30.655700	30.780800	30.740400	NA
Bolivar Fuerte	3.979930	3.982890	3.972760	3.970570	3.969780	3.966550	3.972680	3.974420	3.976320	3.994070

Notes:


The value of the U.S. dollar in terms of the SDR is the reciprocal of the sum of the dollar values, based on market exchange rates, of specified quantities of the SDR basket currencies. See SDR Valuation.

These rates are the official rates used by the Fund to conduct operations with member countries. The rates are derived from the currency's representative exchange rate, as reported by the central bank, normally against the U.S. dollar at spot market rates and rounded to six significant digits. See Representative Exchange Rates for Selected Currencies.

The value in terms of each national currency of the SDR (shown above) is the reciprocal of the value in terms of the SDR of each national currency, rounded to six significant digits.

Exchange rates are published daily except on IMF holidays or whenever the IMF is closed for business.
