Currency units per SDR for February 2010
Currency	February 01, 2010	February 02, 2010	February 03, 2010	February 04, 2010	February 05, 2010	February 08, 2010	February 09, 2010	February 10, 2010	February 11, 2010	February 12, 2010	February 15, 2010
Chinese Yuan	10.576200	10.588100	10.607500	10.547400	10.523800	10.505600	10.514600	10.539300	10.525800	10.463900	NA
Euro	1.113450	1.112790	1.111120	1.115730	1.125880	1.125240	1.119280	1.123570	1.123910	1.129350	1.129610
Japanese Yen	139.733000	140.852000	140.462000	140.436000	138.222000	137.565000	137.657000	138.632000	NA	137.457000	138.596000
U.K. Pound Sterling	0.975591	0.972952	0.972328	0.976706	0.980498	0.988289	0.988592	0.985940	0.986242	0.981585	0.978703
U.S. Dollar	1.549150	1.550890	1.553780	1.544960	1.541450	1.538760	1.540130	1.543790	1.541780	1.532750	1.537060
Algerian Dinar	NA	NA	NA	NA	NA	NA	NA	NA	NA	NA	NA
Australian Dollar	1.754210	1.761980	1.755890	1.754640	1.776880	1.776450	1.774760	1.764130	1.735070	1.724130	1.732090
Bahrain Dinar	0.582479	0.583135	0.584221	0.580902	0.579582	0.578573	0.579089	0.580464	0.579710	0.576312	NA
Botswana Pula	10.552800	10.471900	10.484400	10.538600	NA	NA	NA	10.624800	10.618300	10.592600	NA
Brazilian Real	2.903100	2.910250	2.851970	2.831750	2.883580	2.884410	2.883430	2.862490	2.848450	2.836810	2.868450
Brunei Dollar	2.186000	2.189400	NA	2.181790	2.189320	2.187500	2.189610	2.190170	2.177610	2.164850	NA
Canadian Dollar	1.650300	1.645030	1.648410	1.658360	1.653200	1.645250	1.646400	1.647370	1.622420	1.614140	1.610840
Chilean Peso	810.360000	819.618000	821.301000	827.342000	841.907000	836.085000	833.813000	835.541000	825.825000	817.795000	814.027000
Colombian Peso	3,070.860000	3,059.290000	3,045.310000	3,037.410000	3,058.480000	3,073.110000	3,086.060000	3,058.860000	3,029.650000	2,979.050000	2,977.130000
Czech Koruna	29.021700	28.930300	28.920600	29.140900	29.474000	29.436500	29.207100	29.313400	29.230700	29.378200	29.367000
Danish Krone	8.290090	8.285210	8.272190	8.306130	8.382090	8.376540	8.332920	8.364840	8.367710	8.407460	8.408450
Hungarian Forint	301.448000	299.648000	298.948000	304.371000	308.983000	306.813000	305.146000	NA	NA	306.611000	307.166000
Icelandic Krona	198.027000	197.584000	196.181000	197.059000	198.508000	198.070000	197.830000	197.358000	197.564000	198.368000	198.019000
Indian Rupee	71.787500	71.728800	71.536400	71.206800	71.770000	72.029500	71.893300	71.878800	71.631200	NA	71.288500
Indonesian Rupiah	14,554.200000	14,531.900000	14,520.100000	14,406.700000	14,478.800000	14,484.400000	14,458.800000	14,434.400000	14,431.100000	14,363.400000	14,356.100000
Iranian Rial	15,483.700000	15,516.700000	15,539.400000	15,466.500000	NA	15,433.800000	15,449.100000	15,471.800000	NA	NA	NA
Israeli New Sheqel	5.786070	5.749170	5.755230	5.750330	5.775810	5.742670	5.741620	5.787640	5.764720	5.730950	5.767050
Kazakhstani Tenge	229.599000	229.455000	229.975000	228.499000	227.918000	227.398000	227.878000	NA	NA	226.862000	227.300000
Korean Won	1,793.760000	1,811.130000	1,802.550000	1,780.100000	1,777.750000	1,801.890000	1,805.960000	1,800.980000	1,785.230000	1,773.540000	NA
Kuwaiti Dinar	0.445534	0.446036	0.446403	0.444330	0.443319	0.443624	0.443790	0.444456	0.443727	0.441125	0.443288
Libyan Dinar	1.932370	1.932370	1.932370	1.932370	1.932370	1.932370	1.932370	1.932370	1.932370	1.932370	NA
Malaysian Ringgit	NA	5.307940	5.297620	5.279890	5.304900	5.295660	5.298830	5.298270	5.273680	5.243540	NA
Mauritian Rupee	NA	46.485500	46.667700	46.447500	46.343900	46.526800	46.875300	47.041100	46.916400	NA	46.665700
Mexican Peso	NA	19.959800	20.105200	20.190600	20.309000	20.256300	20.150500	20.162000	20.137100	19.889500	19.892600
Nepalese Rupee	114.404000	114.844000	114.996000	113.631000	113.836000	115.023000	115.110000	115.244000	114.847000	113.868000	114.188000
New Zealand Dollar	2.211170	2.188980	2.178920	2.200480	2.244060	2.235600	2.257270	2.217770	2.225760	2.194970	2.209370
Norwegian Krone	9.126500	9.061990	9.073340	9.114440	9.254200	9.193800	9.124340	9.113280	9.100840	9.105890	9.096780
Rial Omani	0.595646	0.596317	0.597429	0.594036	0.592687	0.591653	0.592182	0.593585	0.592817	0.589341	0.590999
Pakistani Rupee	131.758000	131.759000	131.985000	131.251000	NA	130.777000	130.821000	131.152000	130.952000	130.064000	130.582000
Nuevo Sol	NA	NA	NA	NA	NA	NA	NA	NA	NA	NA	NA
Philippine Peso	NA	NA	NA	NA	NA	NA	NA	NA	NA	NA	NA
Polish Zloty	4.459530	4.436030	4.400480	4.491330	4.611250	4.600280	4.570030	4.548450	4.548720	4.510580	4.541700
Qatar Riyal	5.638890	5.645250	5.655790	5.623630	5.610850	5.601080	5.606070	5.619400	5.612080	5.579210	5.594880
Russian Ruble	47.093400	46.810600	46.423700	46.357000	46.962700	46.956500	46.779200	46.693600	46.445500	46.227000	46.450900
Saudi Arabian Riyal	5.809290	5.815850	5.826690	5.793570	5.780410	5.770370	5.775510	5.789210	5.781680	5.747820	5.763950
Singapore Dollar	2.186000	2.189400	2.190370	2.181790	2.189320	2.187500	2.189610	2.190170	2.177610	2.164850	NA
South African Rand	11.758000	11.577400	11.583500	11.695300	11.869100	11.956200	11.843600	11.856300	11.840900	11.786800	11.835300
Sri Lanka Rupee	177.573000	177.881000	178.182000	NA	176.708000	176.496000	176.711000	177.135000	176.841000	175.802000	176.193000
Swedish Krona	11.370700	11.290500	11.202800	11.282000	11.530000	11.390700	11.377700	11.323700	11.204900	11.108600	11.155200
Swiss Franc	1.641320	1.637740	1.635050	1.639970	1.652590	1.652020	NA	1.642280	1.646320	1.657360	NA
Thai Baht	51.355800	51.502100	51.507900	51.073000	51.029500	51.076200	51.114000	51.233700	51.124000	50.825900	51.001200
Trinidad And Tobago Dollar	9.816630	9.848340	9.878300	9.797970	9.768110	9.741270	9.756290	9.780050	9.777850	9.730840	9.736530
Tunisian Dinar	NA	NA	NA	NA	NA	NA	NA	NA	NA	NA	NA
U.A.E. Dirham	5.689250	5.695670	5.706260	5.673860	5.660980	5.651090	5.656140	5.669540	5.662190	5.629010	5.644840
Peso Uruguayo	NA	NA	NA	NA	NA	NA	NA	NA	NA	NA	NA
Bolivar Fuerte	4.017710	4.022230	NA	4.006840	3.997750	3.990770	3.994330	4.003810	3.306510	3.287130	3.986350

Currency units per SDR for February 2010 Continued

Currency	February 16, 2010	February 17, 2010	February 18, 2010	February 19, 2010	February 22, 2010	February 23, 2010	February 24, 2010	February 25, 2010	February 26, 2010
Chinese Yuan	NA	NA	NA	NA	10.451500	10.441400	10.455500	10.441000	10.462800
Euro	1.126760	1.122240	1.128710	1.127780	1.123510	1.126490	1.130490	1.133790	1.129390
Japanese Yen	138.105000	139.128000	139.472000	140.115000	140.291000	139.331000	138.185000	137.108000	136.783000
U.K. Pound Sterling	0.979691	0.976973	0.981990	0.991061	0.989462	0.992684	0.991316	0.999191	1.006760
U.S. Dollar	1.537910	1.540390	1.531320	1.524640	1.530890	1.529430	1.531480	1.529370	1.532580
Algerian Dinar	NA	NA	NA	NA	NA	NA	NA	NA	NA
Australian Dollar	1.720840	1.708500	1.710200	1.711350	1.698720	1.697290	1.714980	1.721680	1.722200
Bahrain Dinar	NA	0.579186	0.575775	0.573266	0.575616	0.575066	0.575835	0.575040	0.576253
Botswana Pula	10.650400	10.543400	10.546300	10.573100	10.594400	10.577000	10.664900	10.702300	10.642900
Brazilian Real	2.870060	2.874670	2.803080	2.783690	2.772130	2.758790	2.783920	2.782680	2.813210
Brunei Dollar	NA	2.161930	2.158240	2.155080	2.154730	NA	2.158770	2.159010	2.158950
Canadian Dollar	1.603430	1.610470	1.600530	1.588680	1.596410	1.608500	1.615710	1.632600	1.613200
Chilean Peso	808.146000	812.678000	808.244000	811.701000	816.287000	809.363000	809.415000	811.589000	811.794000
Colombian Peso	2,978.790000	2,966.460000	2,953.590000	2,943.990000	2,952.880000	2,928.660000	2,947.710000	2,954.960000	2,976.240000
Czech Koruna	29.320400	29.097900	29.023000	29.046000	28.932300	29.059200	29.249700	29.412700	29.319800
Danish Krone	8.386380	8.353380	8.401240	8.393910	8.362950	8.384970	8.413970	8.438390	8.405760
Hungarian Forint	306.168000	304.057000	306.172000	306.743000	303.988000	302.308000	306.173000	306.286000	304.586000
Icelandic Krona	196.530000	195.891000	196.483000	196.953000	196.260000	196.150000	196.780000	197.456000	196.661000
Indian Rupee	71.020700	70.888800	70.777400	70.850100	70.665900	70.552700	70.831100	70.901400	70.851100
Indonesian Rupiah	14,359.500000	14,294.800000	14,279.500000	14,267.600000	14,225.000000	14,251.200000	14,274.900000	14,276.600000	14,306.700000
Iranian Rial	15,442.200000	15,451.600000	15,369.800000	NA	15,360.900000	14,124.300000	NA	15,351.800000	NA
Israeli New Sheqel	5.757950	5.757950	5.740890	5.732660	5.765320	5.761360	5.776740	5.788640	5.817670
Kazakhstani Tenge	227.734000	228.223000	226.374000	225.281000	226.066000	225.851000	225.924000	225.337000	NA
Korean Won	1,776.140000	1,775.910000	1,749.840000	1,749.530000	NA	1,757.780000	1,758.900000	1,768.100000	1,775.340000
Kuwaiti Dinar	0.443380	0.443323	0.441478	NA	0.441355	0.440935	0.441755	NA	0.442073
Libyan Dinar	1.932370	1.932370	1.932370	1.932370	1.932370	1.932370	1.932370	1.932370	1.932370
Malaysian Ringgit	NA	5.218830	5.204190	5.201320	5.199670	5.198530	5.210100	5.213600	NA
Mauritian Rupee	46.888900	46.990300	46.804200	46.812300	47.136000	47.069900	47.079200	47.076800	47.019000
Mexican Peso	19.790300	19.837300	19.668500	19.566800	19.598000	19.666000	19.685500	19.652800	19.581700
Nepalese Rupee	114.052000	113.912000	112.766000	112.839000	113.393000	112.948000	113.023000	113.173000	113.641000
New Zealand Dollar	2.207740	2.178760	2.178880	2.184300	2.184180	2.180540	2.211840	2.206240	2.216320
Norwegian Krone	9.072600	8.984650	NA	9.141100	9.027390	9.035550	9.076800	9.116270	9.084220
Rial Omani	0.591328	0.592277	0.588789	0.586225	0.588627	0.588066	0.588852	0.588042	0.589279
Pakistani Rupee	130.699000	130.909000	130.082000	129.507000	130.140000	130.070000	130.258000	130.104000	130.316000
Nuevo Sol	NA	NA	NA	NA	NA	NA	NA	NA	NA
Philippine Peso	NA	NA	NA	NA	NA	NA	NA	NA	NA
Polish Zloty	4.525770	4.468200	4.494420	4.521780	4.464980	4.441460	4.528580	4.527080	4.482960
Qatar Riyal	5.598010	5.607020	5.573980	5.549700	5.572430	5.567120	5.574570	5.566870	5.578610
Russian Ruble	46.318400	46.174700	46.113800	45.969400	46.157800	NA	45.991600	45.960700	46.036900
Saudi Arabian Riyal	NA	5.776440	5.742440	5.717390	5.740820	5.735360	5.743030	5.735130	5.747190
Singapore Dollar	NA	2.161930	2.158240	2.155080	2.154730	NA	2.158770	2.159010	2.158950
South African Rand	11.857300	11.699200	11.683900	11.747400	11.795500	11.761300	11.891900	11.929000	11.823900
Sri Lanka Rupee	176.036000	176.279000	175.080000	174.363000	175.139000	174.905000	175.004000	174.763000	175.390000
Swedish Krona	11.096100	11.021500	11.090600	11.133700	11.041500	10.912500	11.076400	11.057300	11.000100
Swiss Franc	1.652490	1.646520	1.654590	1.655300	1.649070	1.653770	1.654460	1.658290	1.651050
Thai Baht	51.049600	51.117700	50.746200	50.599900	50.851500	50.686800	50.702700	50.585300	50.662700
Trinidad And Tobago Dollar	NA	NA	9.685700	9.669870	9.697250	9.674740	9.715250	9.710250	9.720720
Tunisian Dinar	NA	NA	NA	NA	NA	NA	NA	NA	NA
U.A.E. Dirham	5.647990	5.657070	5.623760	5.599230	5.622180	5.616840	5.624360	5.616590	5.628410
Peso Uruguayo	NA	NA	NA	NA	NA	NA	NA	NA	NA
Bolivar Fuerte	3.988580	3.995000	3.971470	3.954160	3.970370	3.966590	3.971890	3.966410	3.974750

Notes:


The value of the U.S. dollar in terms of the SDR is the reciprocal of the sum of the dollar values, based on market exchange rates, of specified quantities of the SDR basket currencies. See SDR Valuation.

These rates are the official rates used by the Fund to conduct operations with member countries. The rates are derived from the currency's representative exchange rate, as reported by the central bank, normally against the U.S. dollar at spot market rates and rounded to six significant digits. See Representative Exchange Rates for Selected Currencies.

The value in terms of each national currency of the SDR (shown above) is the reciprocal of the value in terms of the SDR of each national currency, rounded to six significant digits.

Exchange rates are published daily except on IMF holidays or whenever the IMF is closed for business.
