Currency units per SDR for September 2010
Currency	September 01, 2010	September 02, 2010	September 03, 2010	September 07, 2010	September 08, 2010	September 09, 2010	September 10, 2010	September 13, 2010	September 14, 2010	September 15, 2010	September 16, 2010
Chinese Yuan	10.319200	10.304300	10.299700	NA	10.268100	10.259700	10.228500	10.229300	10.230600	10.219000	10.243700
Euro	1.183380	1.182140	1.180670	1.187180	1.190900	1.189820	1.188630	1.183700	1.181620	1.169880	1.165920
Japanese Yen	127.843000	127.510000	127.813000	127.405000	126.425000	127.050000	127.204000	127.509000	126.633000	129.162000	130.217000
U.K. Pound Sterling	0.983971	0.984000	0.983942	0.984543	0.978761	0.981547	0.978608	0.984126	0.985707	0.979720	0.976553
U.S. Dollar	1.514720	1.515270	1.515270	1.512950	1.512080	1.512860	1.512530	1.515250	1.518380	1.519550	1.524790
Algerian Dinar	114.268000	114.401000	114.293000	NA	NA	114.327000	114.443000	114.297000	114.922000	114.782000	115.068000
Australian Dollar	1.683030	1.670820	1.668610	1.656030	1.654720	1.642620	1.637820	1.629660	1.627250	1.620340	1.632540
Bahrain Dinar	0.569538	0.569739	0.569742	0.568867	0.568544	0.568835	0.568712	0.569736	0.570913	0.571350	0.573322
Botswana Pula	10.374800	10.329000	10.245200	NA	10.321400	10.277600	10.261400	10.224400	10.231700	10.198300	10.267900
Brazilian Real	2.658650	2.641560	2.630350	2.609980	2.608490	2.605590	2.606090	2.602910	2.606460	2.593570	2.616690
Brunei Dollar	2.050630	2.044850	2.042130	2.036880	2.036630	2.032070	NA	2.029680	2.030840	2.034220	2.040780
Canadian Dollar	1.590010	1.594060	1.577550	1.577550	1.566370	1.562480	1.566680	1.557530	1.552090	1.562400	1.566570
Chilean Peso	762.056000	754.831000	752.604000	751.738000	752.853000	752.706000	749.125000	751.490000	751.343000	750.143000	754.023000
Colombian Peso	2,766.360000	2,750.340000	2,743.620000	2,735.000000	2,734.830000	NA	2,726.400000	2,729.030000	2,722.890000	2,717.040000	2,754.960000
Czech Koruna	29.264500	29.206700	29.153800	29.351200	29.425200	29.363100	29.332600	29.186900	29.010200	28.797000	28.693500
Danish Krone	8.809800	8.800650	8.789900	8.838450	8.866980	8.859590	8.849560	8.814530	8.798400	8.712170	8.681840
Hungarian Forint	339.752000	336.207000	335.875000	NA	344.452000	340.832000	336.296000	335.705000	335.275000	330.077000	329.507000
Icelandic Krona	181.676000	181.408000	179.332000	178.891000	179.122000	179.152000	179.039000	178.603000	178.714000	177.772000	177.226000
Indian Rupee	70.995000	70.884300	70.717400	70.669900	70.614500	70.438400	NA	70.171500	70.407700	70.461700	70.597500
Indonesian Rupiah	13,684.000000	13,649.500000	13,655.600000	13,633.200000	13,632.900000	NA	NA	NA	13,595.600000	13,634.900000	13,692.600000
Iranian Rial	NA	15,810.300000	NA	15,787.600000	15,825.500000	15,838.100000	NA	15,838.900000	15,847.400000	15,827.600000	15,876.100000
Israeli New Sheqel	5.752910	5.739840	5.726200	5.721970	NA	NA	NA	5.712520	5.727340	5.704410	5.692040
Kazakhstani Tenge	223.164000	223.108000	223.169000	NA	NA	223.131000	223.053000	223.318000	223.567000	223.678000	224.388000
Korean Won	1,812.820000	1,804.080000	1,789.530000	NA	1,778.820000	1,779.420000	1,768.300000	1,758.910000	1,763.910000	1,764.050000	1,775.620000
Kuwaiti Dinar	0.436165	0.435943	0.435943	0.435123	0.435102	NA	NA	NA	0.436003	0.436188	0.437539
Libyan Dinar	1.932400	1.932400	1.932400	1.932400	1.932400	1.932400	1.932400	1.932400	1.932400	1.932400	1.932400
Malaysian Ringgit	4.749420	4.748090	4.732180	4.721150	4.710890	4.706500	NA	4.698810	4.713820	4.739470	NA
Mauritian Rupee	46.768100	46.792400	NA	46.297600	46.466900	46.643500	NA	46.930100	47.149100	46.989200	46.934900
Mexican Peso	19.772900	19.781800	19.626700	19.753900	19.662200	19.644900	19.604800	19.505700	19.489200	19.418800	NA
Nepalese Rupee	114.059000	114.100000	113.418000	112.563000	113.180000	113.010000	112.759000	112.659000	112.649000	112.675000	113.139000
New Zealand Dollar	2.164510	2.129080	2.121630	2.092890	2.105380	2.095950	2.085960	2.078250	2.080550	2.075320	2.095360
Norwegian Krone	9.399030	9.340120	9.314370	9.368030	9.385530	9.366890	9.361630	9.294460	9.308730	9.238560	9.275490
Rial Omani	0.582411	0.582622	0.582622	0.581727	0.581395	0.581693	0.581568	0.582615	0.583819	0.584269	0.586283
Pakistani Rupee	129.698000	129.766000	129.764000	129.972000	129.801000	129.586000	NA	NA	130.261000	130.282000	130.733000
Nuevo Sol	4.232140	4.236680	NA	4.227170	4.224760	NA	4.218450	4.223010	4.233250	4.236520	4.251120
Philippine Peso	NA	NA	NA	NA	NA	NA	NA	NA	NA	NA	NA
Polish Zloty	4.738820	4.690060	4.681430	4.681520	4.713160	4.688500	4.668730	4.658660	4.651880	4.611380	4.594340
Qatar Riyal	5.513590	5.515570	5.515570	5.507120	5.503970	5.506790	5.505610	5.515540	5.526910	5.531160	5.550220
Russian Ruble	46.653800	46.497100	46.506900	46.495600	46.704100	46.717200	46.727700	46.492800	46.621800	46.712200	47.302600
Saudi Arabian Riyal	5.680200	5.682240	5.682270	5.673530	5.670320	5.673210	5.671990	5.682210	5.693950	5.698330	5.717980
Singapore Dollar	2.050630	2.044850	2.042130	2.036880	2.036630	2.032070	NA	2.029680	2.030840	2.034220	2.040780
South African Rand	11.125600	11.008400	10.856900	10.991600	10.977700	10.907700	10.852400	10.811300	10.826100	10.766000	10.856500
Sri Lanka Rupee	170.841000	170.859000	170.598000	170.295000	170.201000	170.546000	NA	170.695000	170.990000	171.015000	171.567000
Swedish Krona	11.155900	11.088000	11.000800	11.010500	11.045800	11.040100	10.977200	10.849200	10.852600	10.758400	10.791700
Swiss Franc	1.535930	1.533150	1.538300	1.532770	1.525090	1.530860	1.550040	1.535410	NA	1.525320	1.528450
Thai Baht	47.262300	47.248900	47.199200	47.219000	46.983400	46.723100	46.640500	46.591200	46.714600	46.829600	47.122000
Trinidad And Tobago Dollar	9.596840	9.624360	9.628810	9.614740	9.564530	9.603750	9.570660	NA	9.607990	9.656420	9.669030
Tunisian Dinar	2.257240	2.250020	2.247150	NA	2.247110	2.252490	NA	NA	2.249640	2.235570	2.229850
U.A.E. Dirham	5.562820	5.564830	5.564830	5.556300	5.553120	5.555960	5.554780	5.564770	5.576250	5.580540	5.599790
Peso Uruguayo	31.427500	31.476600	NA	31.445100	31.415000	NA	31.309400	31.290000	31.278700	31.302700	31.271900
Bolivar Fuerte	3.928440	3.929840	3.929840	3.923830	3.921580	3.923600	3.922750	3.929810	3.937920	3.940950	3.954540

Currency units per SDR for September 2010 Continued

Currency	September 17, 2010	September 20, 2010	September 21, 2010	September 22, 2010	September 23, 2010	September 24, 2010	September 27, 2010	September 28, 2010	September 29, 2010	September 30, 2010
Chinese Yuan	10.240700	10.232600	10.222300	NA	NA	NA	10.370600	10.362500	10.390300	10.428200
Euro	1.167340	1.166240	1.162940	1.151950	1.154530	1.149590	1.146840	1.148190	1.140450	1.140230
Japanese Yen	130.806000	NA	130.530000	130.623000	NA	130.362000	130.247000	130.128000	130.313000	129.786000
U.K. Pound Sterling	0.973530	0.976839	0.983236	0.983120	0.980546	0.981682	0.975448	0.974564	0.982695	0.977871
U.S. Dollar	1.524540	1.524750	1.525780	1.539460	1.538180	1.541830	1.545600	1.545460	1.552270	1.556190
Algerian Dinar	115.150000	115.182000	115.172000	115.504000	115.605000	115.720000	112.316000	112.216000	116.847000	NA
Australian Dollar	1.613620	1.614510	1.613560	1.610480	1.607630	1.622300	1.613190	1.611700	1.604420	1.609790
Bahrain Dinar	0.573227	0.573306	0.573694	0.578838	0.578356	0.579727	0.581145	0.581095	0.583655	0.585127
Botswana Pula	10.252500	10.267600	10.233300	10.215400	10.275100	10.231100	10.208700	10.241600	10.232500	NA
Brazilian Real	2.618560	2.616160	2.625560	2.655110	2.641980	2.649790	2.644820	2.641510	2.653300	2.652520
Brunei Dollar	2.037550	2.035690	2.035390	2.045170	2.040090	2.047240	2.044820	2.043720	2.046200	2.050280
Canadian Dollar	1.575010	1.567590	1.573840	1.589800	1.585860	1.582380	1.585780	1.592750	1.598840	1.602560
Chilean Peso	NA	NA	757.352000	766.008000	759.659000	755.298000	751.095000	749.918000	752.632000	755.110000
Colombian Peso	NA	2,754.850000	2,744.460000	2,779.210000	2,774.430000	2,791.820000	2,796.690000	2,785.150000	2,800.390000	2,800.960000
Czech Koruna	28.807800	28.767400	28.677000	28.307600	28.424000	28.318800	28.183900	NA	28.020100	28.050300
Danish Krone	8.692930	8.685380	8.662580	8.581850	8.600740	8.565020	8.544380	8.555640	8.498340	8.496970
Hungarian Forint	327.685000	327.577000	325.891000	323.026000	323.463000	322.458000	318.949000	320.544000	315.313000	316.575000
Icelandic Krona	178.158000	178.212000	178.226000	177.100000	177.614000	177.280000	176.801000	176.893000	176.261000	176.409000
Indian Rupee	70.083500	69.543400	69.773900	70.091800	70.125700	70.214900	69.613600	69.746700	69.728200	NA
Indonesian Rupiah	13,698.000000	13,690.700000	13,683.200000	13,779.700000	13,771.300000	13,811.700000	13,834.600000	13,835.000000	13,882.000000	13,887.400000
Iranian Rial	NA	15,860.400000	15,855.900000	15,854.900000	15,794.000000	NA	15,854.700000	15,854.900000	15,837.800000	15,870.000000
Israeli New Sheqel	NA	NA	5.669800	5.686760	NA	5.693980	5.689350	5.682660	5.689090	NA
Kazakhstani Tenge	224.535000	224.732000	224.930000	227.039000	226.589000	227.405000	228.037000	228.017000	228.836000	229.491000
Korean Won	1,769.230000	1,773.430000	NA	NA	NA	1,791.760000	1,787.330000	1,775.430000	1,782.790000	1,777.160000
Kuwaiti Dinar	0.437468	0.437222	0.437516	0.439978	0.438997	0.440038	0.440418	0.440379	0.441466	0.442580
Libyan Dinar	1.932400	1.932400	1.932400	1.932400	1.932400	1.932400	1.932400	1.932400	1.932400	1.932400
Malaysian Ringgit	4.737520	4.733570	4.731600	4.760020	4.755290	4.776600	4.775890	4.776260	4.786890	4.804740
Mauritian Rupee	46.986500	46.832500	46.922800	47.183600	47.033800	46.935600	NA	46.903900	46.866900	46.860400
Mexican Peso	NA	19.459300	19.468000	19.533600	19.446000	19.348600	19.345900	19.320000	19.372500	19.607700
Nepalese Rupee	112.740000	111.825000	111.458000	112.473000	112.333000	112.631000	111.901000	111.644000	112.152000	112.108000
New Zealand Dollar	2.103980	2.099330	2.092690	2.098500	2.102490	2.116160	2.098850	2.105250	2.099650	2.115530
Norwegian Krone	9.297910	9.276270	9.221520	9.096370	9.143280	9.136430	9.076630	9.147620	9.086040	9.085380
Rial Omani	0.586187	0.586266	0.586662	0.591923	0.591429	0.592835	0.594283	0.594230	0.596847	0.598355
Pakistani Rupee	130.744000	130.794000	130.959000	132.311000	132.143000	132.506000	132.979000	133.048000	133.797000	134.276000
Nuevo Sol	4.251950	4.255570	4.259980	4.295090	4.289990	4.297080	4.309120	4.308750	4.326180	4.337100
Philippine Peso	NA	67.475900	67.367700	67.774600	67.524700	67.815900	68.120400	67.873500	68.315300	68.310200
Polish Zloty	4.585680	4.598020	4.585430	4.562360	4.591940	4.579850	4.547910	4.581520	4.536830	4.551850
Qatar Riyal	5.549330	5.550070	5.553830	5.603650	5.598980	5.612270	5.625970	5.625470	5.650260	5.664530
Russian Ruble	47.386900	47.238000	47.423300	47.696500	47.688300	47.716500	47.313500	47.293200	47.193600	47.483400
Saudi Arabian Riyal	5.717030	5.717780	5.721670	5.772970	5.768180	5.781850	5.795990	5.795490	5.821030	5.835700
Singapore Dollar	2.037550	2.035690	2.035390	2.045170	2.040090	2.047240	2.044820	2.043720	2.046200	2.050280
South African Rand	10.862400	10.863800	10.825400	10.791600	10.890300	NA	10.780500	10.849100	10.803800	10.862200
Sri Lanka Rupee	171.470000	171.436000	171.717000	NA	173.123000	173.382000	173.580000	173.045000	173.703000	174.181000
Swedish Krona	10.698500	10.730400	10.657600	10.556900	10.594200	10.646300	10.513900	10.686900	10.415700	10.484800
Swiss Franc	1.548480	1.531910	1.529140	1.522830	1.517110	1.509760	1.521640	1.523210	NA	1.514170
Thai Baht	46.946800	46.855500	46.945300	47.207700	47.180500	47.423700	47.312200	47.261700	47.319400	47.309700
Trinidad And Tobago Dollar	9.685700	9.681850	9.692650	9.779570	9.748870	9.784930	NA	9.790770	9.867480	9.890510
Tunisian Dinar	2.227210	2.224450	2.225960	2.243920	2.217750	2.225480	2.220710	2.215730	2.223630	2.215230
U.A.E. Dirham	5.598880	5.599640	5.603430	5.653680	5.648950	5.662390	5.676210	5.675690	5.700730	5.715100
Peso Uruguayo	31.297300	31.348700	31.301400	31.437300	31.285000	31.214300	31.374000	31.371300	31.511100	31.584400
Bolivar Fuerte	3.953900	3.954430	3.957100	3.992590	3.989280	3.998740	4.008500	4.008160	4.025810	4.035970

Notes:


The value of the U.S. dollar in terms of the SDR is the reciprocal of the sum of the dollar values, based on market exchange rates, of specified quantities of the SDR basket currencies. See SDR Valuation.

These rates are the official rates used by the Fund to conduct operations with member countries. The rates are derived from the currency's representative exchange rate, as reported by the central bank, normally against the U.S. dollar at spot market rates and rounded to six significant digits. See Representative Exchange Rates for Selected Currencies.

The value in terms of each national currency of the SDR (shown above) is the reciprocal of the value in terms of the SDR of each national currency, rounded to six significant digits.

Exchange rates are published daily except on IMF holidays or whenever the IMF is closed for business.
