Currency units per SDR for November 2010
Currency	November 01, 2010	November 02, 2010	November 03, 2010	November 04, 2010	November 05, 2010	November 08, 2010	November 09, 2010	November 10, 2010	November 11, 2010	November 12, 2010	November 15, 2010
Chinese Yuan	10.550700	10.555100	10.566900	10.597800	10.557300	10.501100	10.507500	10.403300	10.355800	10.349500	10.323900
Euro	1.132710	1.125090	1.128470	1.115340	1.125350	1.131400	1.131720	1.136960	1.141110	1.139560	1.142730
Japanese Yen	127.219000	127.055000	NA	128.397000	128.063000	127.886000	127.754000	127.987000	128.537000	128.746000	128.801000
U.K. Pound Sterling	0.981836	0.986894	0.979403	0.982067	0.975705	0.976410	0.975695	0.973625	0.969265	0.973189	0.969782
U.S. Dollar	1.577420	1.577150	1.581440	1.588680	1.584940	1.574570	1.578180	1.565590	1.563330	1.562450	1.557080
Algerian Dinar	116.742000	116.529000	116.829000	116.722000	116.921000	116.588000	116.746000	116.255000	116.266000	116.184000	116.003000
Australian Dollar	1.596420	1.581260	1.585720	1.579360	1.561050	1.554050	1.560240	1.559660	1.556330	1.572680	1.579990
Bahrain Dinar	0.593109	0.593007	0.594622	0.597347	0.595937	0.592035	0.593398	0.588661	0.587810	0.587482	0.585460
Botswana Pula	10.384600	10.348800	10.316000	10.223200	10.251900	10.251100	10.218100	10.246000	10.264800	10.272500	10.311800
Brazilian Real	NA	NA	NA	2.689480	2.664440	2.644170	2.676920	2.655560	2.667350	2.682730	2.676620
Brunei Dollar	2.036610	2.033580	2.036900	2.040980	NA	2.026150	2.029540	2.017730	NA	2.025570	NA
Canadian Dollar	1.598870	1.592770	1.595990	1.592500	1.587310	1.578030	1.580240	1.568250	NA	1.574950	1.567200
Chilean Peso	NA	770.784000	770.036000	775.344000	762.416000	NA	757.874000	746.865000	750.661000	750.024000	748.391000
Colombian Peso	NA	NA	2,918.570000	2,923.990000	2,886.250000	2,862.090000	2,885.360000	2,874.840000	NA	2,903.050000	NA
Czech Koruna	27.783100	27.563900	27.648300	27.201400	27.676100	27.806800	27.824900	27.978700	28.107100	28.069500	28.137900
Danish Krone	8.446590	8.389190	8.413120	8.314560	8.387780	8.432910	8.436330	8.474220	8.505570	8.494590	8.517960
Hungarian Forint	NA	305.683000	306.198000	303.089000	307.414000	310.693000	311.912000	310.347000	314.604000	316.335000	315.759000
Icelandic Krona	175.330000	174.606000	174.148000	172.817000	173.630000	174.336000	174.516000	174.344000	174.546000	174.870000	175.311000
Indian Rupee	70.068700	70.072700	70.152800	70.410600	NA	69.690300	70.071200	69.496600	69.177300	69.748100	70.286400
Indonesian Rupiah	14,072.200000	14,079.200000	14,109.600000	14,153.600000	14,102.800000	14,034.100000	14,053.700000	13,940.000000	13,894.900000	13,934.000000	13,914.000000
Iranian Rial	16,372.000000	16,377.100000	16,426.400000	16,492.100000	NA	16,312.500000	16,353.100000	16,205.400000	16,178.900000	NA	16,122.000000
Israeli New Sheqel	5.721310	5.712430	5.713730	5.687470	5.677240	5.688900	5.716180	5.698750	5.718660	5.749840	5.717590
Kazakhstani Tenge	232.685000	232.645000	233.389000	234.569000	233.921000	NA	233.066000	231.175000	230.528000	230.477000	229.716000
Korean Won	1,773.340000	1,762.310000	1,763.150000	1,763.910000	1,754.520000	1,741.630000	1,756.680000	1,746.880000	1,742.020000	1,730.420000	1,743.150000
Kuwaiti Dinar	0.442466	0.442548	0.443357	0.444593	NA	0.441114	0.442286	0.439226	0.438279	NA	NA
Libyan Dinar	1.932400	1.932400	1.932400	1.932400	1.932400	1.932400	1.932400	1.932400	1.932400	1.932400	1.932400
Malaysian Ringgit	4.879740	4.881290	4.880330	4.898380	NA	4.866200	4.886850	4.836100	4.833810	4.868600	4.886890
Mauritian Rupee	46.976800	NA	47.094700	47.154700	NA	NA	NA	NA	NA	NA	NA
Mexican Peso	19.473600	NA	19.458200	19.442500	NA	19.285700	19.264600	19.212000	19.165800	19.159700	NA
Nepalese Rupee	112.076000	112.056000	112.361000	112.638000	112.356000	111.574000	111.814000	111.157000	110.824000	110.700000	111.580000
New Zealand Dollar	2.061180	2.056800	2.052220	2.018400	1.993130	1.984330	2.003020	2.013360	2.000420	2.001610	2.005770
Norwegian Krone	NA	9.229180	9.262520	9.087770	9.136680	9.147290	9.140850	9.182060	9.232670	9.268010	9.296700
Rial Omani	0.606516	0.606413	0.608065	0.610847	0.609407	0.605418	0.606811	0.601971	0.601099	0.600763	0.598695
Pakistani Rupee	135.519000	135.432000	135.570000	136.164000	135.481000	134.378000	NA	133.759000	133.555000	133.585000	133.400000
Nuevo Sol	NA	4.406550	4.416960	4.435610	NA	4.400900	4.414170	4.383660	NA	4.376430	4.367590
Philippine Peso	NA	67.916800	67.748800	67.649400	67.385000	67.150600	NA	NA	NA	NA	NA
Polish Zloty	NA	4.462870	4.429620	4.360780	4.382020	4.436810	4.462790	4.418090	NA	4.510030	4.502290
Qatar Riyal	5.741810	5.740820	5.756460	5.782820	5.769180	5.731410	5.744580	5.698750	5.690520	5.687340	5.667750
Russian Ruble	48.543200	48.567000	48.662300	48.885200	48.770000	48.501100	48.704700	48.052000	47.698300	48.080200	48.056400
Saudi Arabian Riyal	5.915300	5.914330	5.930390	5.957560	5.943500	5.904620	5.918180	5.870960	5.862490	5.859190	5.839040
Singapore Dollar	2.036610	2.033580	2.036900	2.040980	NA	2.026150	2.029540	2.017730	2.011380	2.025570	2.028710
South African Rand	11.034000	10.929700	10.896100	NA	10.856300	10.802100	10.744900	10.771300	10.795300	10.853100	10.904400
Sri Lanka Rupee	176.199000	176.148000	176.647000	177.456000	NA	175.835000	175.992000	174.695000	174.600000	174.370000	173.902000
Swedish Krona	10.513500	10.484100	10.520500	10.394000	10.353600	10.470900	10.664600	10.556000	NA	10.757500	10.747700
Swiss Franc	NA	1.551600	1.548550	1.536730	1.518370	1.523080	1.517580	NA	1.517370	1.523550	1.532320
Thai Baht	47.122200	47.079400	47.049500	47.196500	46.994900	46.687500	46.685800	46.289900	46.224400	46.589200	46.651600
Trinidad And Tobago Dollar	9.975760	9.992010	10.046400	10.098900	10.044100	NA	10.001000	9.898250	9.911000	9.894720	9.882300
Tunisian Dinar	2.205070	2.199020	NA	2.203190	2.178810	NA	2.202830	2.187130	2.196790	2.200090	2.197030
U.A.E. Dirham	5.793070	5.792100	5.807840	5.834440	5.820690	5.782590	5.795890	5.749640	5.741320	5.738120	5.718370
Peso Uruguayo	NA	31.517800	31.628800	NA	31.540300	31.376400	31.314300	31.113000	NA	30.936600	30.906500
Bolivar Fuerte	4.091030	4.090330	4.101470	4.120250	4.110540	4.083630	NA	4.060350	4.054490	4.052230	4.038280

Currency units per SDR for November 2010 Continued

Currency	November 16, 2010	November 17, 2010	November 18, 2010	November 19, 2010	November 22, 2010	November 23, 2010	November 24, 2010	November 29, 2010	November 30, 2010
Chinese Yuan	10.331000	10.296200	10.345700	10.361200	10.347100	10.316200	10.263000	10.214200	10.186400
Euro	1.142310	1.148680	1.140760	1.141020	1.142050	1.150000	1.155440	1.164890	1.173850
Japanese Yen	129.151000	129.148000	129.588000	130.358000	130.062000	NA	128.262000	128.787000	128.394000
U.K. Pound Sterling	0.972611	0.975087	0.973482	0.971619	0.973795	0.974099	0.977508	0.982270	0.982598
U.S. Dollar	1.554910	1.548540	1.556800	1.560230	1.558560	1.552040	1.541240	1.531360	1.525780
Algerian Dinar	116.004000	115.601000	116.055000	116.086000	116.124000	115.958000	115.084000	114.435000	113.990000
Australian Dollar	1.576350	1.586130	1.581470	1.582870	1.569540	1.575030	1.574460	1.589540	1.586370
Bahrain Dinar	0.584648	0.582252	0.585357	0.586648	0.586019	0.583567	0.579509	0.575791	0.573691
Botswana Pula	10.304300	10.337400	10.282700	10.325800	10.335300	10.367700	10.337000	10.333100	10.323300
Brazilian Real	2.672900	2.676960	2.691700	2.673460	2.677760	2.673700	2.670670	2.647720	2.633950
Brunei Dollar	NA	NA	NA	NA	2.016300	2.021840	2.022880	2.017110	2.012650
Canadian Dollar	1.590830	1.580590	1.583890	1.592690	1.587700	1.590060	1.557890	1.566120	1.566060
Chilean Peso	751.224000	749.367000	755.687000	750.458000	748.935000	743.721000	741.922000	739.311000	742.121000
Colombian Peso	2,894.850000	2,912.770000	2,920.210000	2,911.110000	2,922.900000	2,920.940000	2,917.320000	2,919.830000	2,924.850000
Czech Koruna	28.111300	NA	28.120500	28.191900	28.203700	28.393000	28.528400	28.843200	29.241500
Danish Krone	NA	8.563400	8.504340	8.506730	8.515200	8.573610	8.613560	8.683420	8.748680
Hungarian Forint	316.084000	317.637000	313.882000	312.483000	309.529000	313.372000	318.852000	324.542000	333.778000
Icelandic Krona	175.425000	175.542000	175.373000	174.808000	174.605000	175.551000	176.965000	177.913000	179.050000
Indian Rupee	70.313100	NA	70.756400	70.616000	70.587100	70.788400	70.373000	70.151800	70.246900
Indonesian Rupiah	13,928.900000	NA	13,947.400000	13,943.800000	13,907.000000	13,883.000000	13,829.600000	13,832.800000	13,751.800000
Iranian Rial	16,091.800000	NA	16,128.400000	NA	16,126.400000	16,080.700000	15,984.200000	15,887.900000	15,866.500000
Israeli New Sheqel	5.717420	5.704830	5.686990	5.683920	5.641970	5.654060	5.631710	5.630820	5.619430
Kazakhstani Tenge	229.645000	228.704000	229.659000	230.009000	229.731000	228.739000	227.117000	225.722000	225.037000
Korean Won	1,755.810000	1,748.610000	1,772.410000	1,776.950000	1,754.470000	1,748.370000	1,748.080000	1,757.390000	1,765.780000
Kuwaiti Dinar	NA	NA	NA	NA	0.437019	0.435658	0.433167	0.431460	0.430726
Libyan Dinar	1.932400	1.932400	1.932400	1.932400	1.932400	1.932400	1.932400	1.932400	1.932400
Malaysian Ringgit	4.868430	NA	4.861090	4.865590	4.840880	4.835380	4.829490	4.826860	4.817630
Mauritian Rupee	NA	NA	NA	NA	NA	46.693800	NA	NA	NA
Mexican Peso	19.335900	19.168300	19.136800	19.190200	19.184300	19.334800	19.097900	19.224400	19.021000
Nepalese Rupee	112.420000	112.114000	112.712000	113.117000	112.933000	112.445000	112.357000	112.325000	111.611000
New Zealand Dollar	2.013360	2.015800	2.021550	2.004150	1.998920	2.008330	2.031430	2.036110	2.045830
Norwegian Krone	9.329320	9.401940	9.310900	9.356370	9.372860	9.438060	9.410520	9.468710	9.497670
Rial Omani	0.597864	0.595412	0.598587	0.599909	0.599265	0.596758	0.592607	0.588807	0.586662
Pakistani Rupee	132.888000	NA	NA	NA	133.391000	132.697000	131.774000	131.551000	130.861000
Nuevo Sol	4.366200	4.351400	4.366810	4.376440	4.378000	4.364330	NA	4.326100	4.319470
Philippine Peso	NA	NA	NA	NA	68.106000	68.062900	67.927400	NA	67.523300
Polish Zloty	NA	4.524380	4.494620	4.485510	4.456070	4.504020	4.594130	4.661610	4.776900
Qatar Riyal	5.659890	5.636690	5.666750	5.679240	5.673150	5.649430	5.610130	5.574170	5.553830
Russian Ruble	48.289300	48.544600	48.572000	48.287700	48.307500	48.523200	48.230000	47.940900	47.808000
Saudi Arabian Riyal	5.830940	5.807030	5.837980	5.850860	5.844600	5.820150	5.779650	5.742600	5.721670
Singapore Dollar	2.019520	NA	2.022590	2.026430	2.016300	2.021840	2.022880	2.017110	2.012650
South African Rand	10.895200	10.946200	10.847700	10.859200	10.895100	10.966700	10.934700	10.938600	10.879500
Sri Lanka Rupee	173.678000	NA	173.893000	174.274000	174.061000	173.009000	171.638000	170.662000	170.128000
Swedish Krona	10.682300	10.801100	10.741900	10.707100	10.637200	10.740100	10.765600	10.643000	10.691900
Swiss Franc	1.530810	1.543430	1.535470	1.544010	1.541570	1.534660	1.536310	1.534270	1.522420
Thai Baht	46.431300	46.462400	46.691400	46.676000	46.638300	46.659000	46.342000	46.360500	46.098200
Trinidad And Tobago Dollar	9.863000	9.828880	9.889530	9.911690	9.912870	9.875180	9.808630	9.734730	9.705720
Tunisian Dinar	NA	NA	NA	2.209290	NA	2.189460	NA	2.213580	2.210550
U.A.E. Dirham	5.710440	5.687020	5.717360	5.729970	5.723800	5.699860	5.660210	5.623920	5.603400
Peso Uruguayo	30.910200	30.964500	31.260600	31.438700	31.370700	31.118300	NA	30.627200	30.439300
Bolivar Fuerte	4.032660	4.016130	4.037550	4.046470	4.042120	4.025210	3.997220	3.971580	3.957100

Notes:


The value of the U.S. dollar in terms of the SDR is the reciprocal of the sum of the dollar values, based on market exchange rates, of specified quantities of the SDR basket currencies. See SDR Valuation.

These rates are the official rates used by the Fund to conduct operations with member countries. The rates are derived from the currency's representative exchange rate, as reported by the central bank, normally against the U.S. dollar at spot market rates and rounded to six significant digits. See Representative Exchange Rates for Selected Currencies.

The value in terms of each national currency of the SDR (shown above) is the reciprocal of the value in terms of the SDR of each national currency, rounded to six significant digits.

Exchange rates are published daily except on IMF holidays or whenever the IMF is closed for business.
