Currency units per SDR for July 2011
Currency	July 01, 2011	July 05, 2011	July 06, 2011	July 07, 2011	July 08, 2011	July 11, 2011	July 12, 2011	July 13, 2011	July 14, 2011	July 15, 2011	July 18, 2011
Chinese Yuan	10.352300	10.346900	10.311900	10.300900	10.285700	10.248600	10.207100	10.257600	10.291900	10.283800	10.251000
Euro	1.104650	1.106740	1.112890	1.116950	1.116150	1.126770	1.128040	1.126080	1.121100	1.124220	1.128430
Japanese Yen	129.378000	129.396000	128.829000	128.785000	129.205000	127.907000	126.367000	125.875000	125.782000	125.842000	NA
U.K. Pound Sterling	0.999081	0.993394	0.995144	0.995510	0.995699	0.992911	0.997427	0.993868	0.987645	0.987099	0.985989
U.S. Dollar	1.600420	1.600450	1.593430	1.591320	1.589630	1.583790	1.576440	1.584730	1.592180	1.590320	1.584880
Algerian Dinar	114.737000	114.756000	114.710000	114.429000	114.583000	114.735000	114.606000	114.742000	115.236000	NA	115.029000
Australian Dollar	1.493630	1.499250	1.485020	1.482920	1.475570	1.477560	1.486360	1.488980	1.484000	1.485860	1.494750
Bahrain Dinar	0.601757	0.601768	0.599129	0.598337	0.597700	0.595507	0.592740	0.595855	0.598659	0.597961	0.595916
Botswana Pula	10.460300	10.426400	10.414600	10.326500	10.342400	10.419700	10.467700	10.515800	10.495600	10.538900	10.502900
Brazilian Real	2.497130	2.492220	2.490370	2.491050	2.475530	2.474840	2.488880	2.498320	2.508320	2.500140	2.493820
Brunei Dollar	1.965640	NA	NA	1.951440	1.943160	1.934450	1.936180	1.940500	1.938960	1.935100	1.932920
Canadian Dollar	NA	1.537710	1.538780	1.525440	1.530330	1.530900	1.524100	1.518490	1.526110	1.516530	1.523870
Chilean Peso	749.238000	744.751000	741.631000	740.538000	734.425000	733.122000	735.029000	740.702000	738.214000	734.759000	732.488000
Colombian Peso	2,836.450000	2,820.940000	2,814.900000	2,812.610000	2,796.760000	2,786.550000	NA	2,797.550000	2,799.450000	2,780.530000	2,774.970000
Czech Koruna	26.853400	NA	NA	27.105000	27.030000	27.246000	27.344900	27.472800	27.399900	27.528400	27.519900
Danish Krone	8.239470	8.255250	8.300960	8.331390	8.325010	8.403930	8.412830	8.397290	8.360090	8.383070	8.414320
Hungarian Forint	291.485000	292.547000	294.147000	294.044000	291.983000	297.515000	305.324000	303.221000	300.859000	304.625000	307.135000
Icelandic Krona	182.768000	183.187000	183.690000	184.625000	184.890000	185.177000	186.225000	185.524000	186.381000	186.608000	187.270000
Indian Rupee	71.355700	71.220000	70.716400	70.686400	70.468200	70.273100	70.450800	70.662900	70.899900	70.817000	70.638400
Indonesian Rupiah	13,704.400000	13,667.800000	13,595.100000	13,581.900000	13,550.000000	13,497.100000	13,477.000000	13,568.400000	13,594.000000	13,576.600000	13,558.700000
Iranian Rial	NA	16,979.200000	16,893.500000	16,856.900000	NA	16,737.600000	16,659.800000	16,737.900000	16,810.300000	NA	16,726.900000
Israeli New Sheqel	5.439840	5.459140	5.449530	5.420020	5.401550	5.438740	5.462360	5.446710	5.462780	5.469110	5.471030
Kazakhstani Tenge	233.389000	233.410000	232.179000	231.871000	231.275000	230.331000	229.561000	231.592000	232.665000	232.473000	231.441000
Korean Won	1,712.610000	1,702.560000	1,697.960000	1,694.600000	1,691.840000	1,676.290000	1,670.550000	1,689.630000	1,692.810000	1,680.490000	1,675.700000
Kuwaiti Dinar	NA	NA	0.436281	0.436498	NA	0.434989	0.433836	0.435561	0.435939	0.435428	0.434813
Libyan Dinar	1.932400	1.932400	1.932400	1.932400	1.932400	1.932400	1.932400	1.932400	1.932400	1.932400	1.932400
Malaysian Ringgit	4.825580	4.814960	4.788260	4.790670	4.764110	4.758510	4.775820	4.789820	4.788010	4.776530	4.777630
Mauritian Rupee	45.289200	44.942000	44.823400	44.889100	44.778400	44.762400	44.675800	45.136500	45.352500	45.166500	45.008100
Mexican Peso	18.623800	18.596300	18.570500	18.417600	18.493200	18.573800	18.581000	18.568200	18.630100	NA	18.682100
Nepalese Rupee	114.430000	113.712000	113.213000	113.063000	112.943000	112.291000	112.085000	113.308000	113.523000	113.310000	112.844000
New Zealand Dollar	1.933340	NA	1.927930	1.923980	1.911070	1.897210	1.908060	1.935660	1.876460	1.888740	1.868970
Norwegian Krone	8.605330	NA	8.643270	8.647380	8.644540	8.725780	8.767160	8.823400	8.787110	8.843610	8.877450
Rial Omani	0.615362	0.615373	0.612674	0.611864	0.611213	0.608969	0.606141	0.609329	0.612194	0.611479	0.609388
Pakistani Rupee	NA	137.580000	136.794000	136.610000	136.452000	136.101000	135.394000	136.017000	136.701000	136.657000	136.564000
Nuevo Sol	NA	NA	4.380340	4.364980	NA	4.345940	4.322590	4.345310	4.364160	NA	4.337830
Philippine Peso	69.400600	NA	68.665800	NA	68.087000	67.723100	67.604100	68.346200	68.578600	68.231000	68.010600
Polish Zloty	4.364830	4.363780	4.386870	4.391570	4.372270	4.454100	4.577810	4.541510	4.507310	4.539550	4.557010
Qatar Riyal	5.825540	5.825640	5.800090	5.792400	5.786230	5.765020	5.738220	5.768410	5.795560	5.788750	5.768980
Russian Ruble	44.577400	44.592100	44.441900	44.533500	44.331500	44.479000	44.745900	44.777600	44.678200	44.731900	44.658000
Saudi Arabian Riyal	6.001570	6.001680	5.975360	5.967440	5.961110	5.939230	5.911630	5.942720	5.970680	5.963700	5.943320
Singapore Dollar	1.965640	NA	1.954500	1.951440	1.943160	1.934450	1.936180	1.940500	1.938960	1.935100	1.932920
South African Rand	10.814000	10.771000	10.798000	10.691200	10.639900	10.795900	10.878000	10.931400	10.935100	10.977200	11.065300
Sri Lanka Rupee	175.252000	175.246000	174.479000	174.249000	174.064000	173.425000	172.620000	173.646000	NA	174.299000	173.540000
Swedish Krona	10.088300	10.037100	10.034500	10.120200	10.067700	10.202500	10.507300	10.366200	10.311600	10.388600	10.446000
Swiss Franc	1.353950	1.351900	1.342150	1.342120	1.348960	1.325950	1.315060	1.315640	1.298420	1.298340	1.295640
Thai Baht	NA	48.783300	48.561400	48.287000	48.073500	47.981000	47.960000	47.963200	47.959800	NA	47.706500
Trinidad And Tobago Dollar	10.281100	10.281000	10.201000	10.176200	10.167600	10.144700	10.107200	10.140500	10.215400	10.214300	10.157000
Tunisian Dinar	2.187930	2.185100	2.183000	2.192680	2.196070	2.190070	2.195030	2.228120	2.220780	2.202270	2.171760
U.A.E. Dirham	5.877550	5.877650	5.851850	5.844130	5.837920	5.816490	5.789450	5.819910	5.847300	5.840440	5.820480
Peso Uruguayo	NA	NA	29.421100	29.359900	NA	29.431700	29.242900	29.355500	29.391700	NA	NA
Bolivar Fuerte	6.864690	6.864830	6.834710	6.825660	6.818400	6.793390	6.761830	6.797360	6.829340	6.821330	6.798050

Currency units per SDR for July 2011 Continued

Currency	July 19, 2011	July 20, 2011	July 21, 2011	July 22, 2011	July 25, 2011	July 26, 2011	July 27, 2011	July 28, 2011	July 29, 2011
Chinese Yuan	10.296400	10.297700	10.276900	10.348500	10.341400	10.376400	10.367900	10.319600	10.304300
Euro	1.124150	1.122170	1.119700	1.114970	1.114910	1.112220	1.113990	1.123060	1.121320
Japanese Yen	125.816000	126.186000	125.500000	126.117000	125.662000	125.540000	125.265000	124.835000	124.002000
U.K. Pound Sterling	0.987654	0.987840	0.984746	0.983903	0.984911	0.981277	0.982039	0.981181	0.982608
U.S. Dollar	1.591800	1.594270	1.592430	1.604550	1.603240	1.609490	1.609270	1.601480	1.599000
Algerian Dinar	115.090000	115.286000	114.621000	115.431000	115.513000	NA	115.725000	115.460000	115.338000
Australian Dollar	1.499580	1.488030	1.483130	1.478980	1.481330	1.473350	1.456090	1.448650	1.459740
Bahrain Dinar	0.598516	0.599445	NA	0.603311	0.602820	0.605169	0.605085	0.602156	0.601225
Botswana Pula	10.548700	10.551100	10.442200	10.494100	10.478700	10.417400	10.382400	10.412800	10.396600
Brazilian Real	2.518230	2.500290	2.491040	2.496510	2.491280	2.485210	2.468130	2.503270	2.502600
Brunei Dollar	1.937060	1.936880	1.932420	1.942300	1.938160	1.939110	1.932570	1.927540	1.925350
Canadian Dollar	1.513170	NA	1.505010	1.524640	1.514910	1.520810	1.524620	1.518850	1.525120
Chilean Peso	738.498000	735.754000	736.214000	740.741000	739.672000	744.374000	738.220000	NA	729.001000
Colombian Peso	2,799.960000	2,801.910000	2,814.130000	2,834.240000	2,817.460000	2,845.610000	2,832.120000	2,826.440000	2,832.070000
Czech Koruna	27.527100	27.485200	27.302300	27.219600	27.191100	27.089300	27.056600	27.193100	27.123900
Danish Krone	8.382090	8.366100	8.346410	8.310410	8.309930	8.289540	8.302060	8.366450	8.353170
Hungarian Forint	304.066000	303.884000	300.269000	296.793000	300.560000	297.820000	297.200000	297.795000	302.642000
Icelandic Krona	186.639000	185.972000	185.996000	184.812000	184.998000	184.576000	184.503000	185.387000	185.500000
Indian Rupee	70.978400	70.881300	70.751900	71.209900	71.215900	71.284500	70.727400	70.673400	70.612000
Indonesian Rupiah	13,622.600000	13,615.100000	13,597.800000	13,682.000000	13,672.500000	13,714.500000	13,661.100000	13,627.000000	13,604.300000
Iranian Rial	16,782.400000	16,805.200000	16,789.000000	NA	16,895.000000	16,962.400000	16,963.300000	16,641.000000	NA
Israeli New Sheqel	5.474200	5.450810	5.458870	5.441020	5.463850	5.469050	5.471510	5.493090	5.484560
Kazakhstani Tenge	232.196000	NA	233.244000	234.601000	234.154000	234.824000	233.988000	233.048000	233.646000
Korean Won	1,689.220000	1,689.450000	1,680.490000	1,693.280000	1,685.330000	1,697.210000	1,694.400000	1,681.880000	1,683.110000
Kuwaiti Dinar	0.436552	0.437069	0.435849	0.439165	0.437926	0.438666	0.438283	0.436964	0.436287
Libyan Dinar	1.932400	1.932400	1.932400	1.932400	1.932400	1.932400	1.932400	1.932400	1.932400
Malaysian Ringgit	4.794350	4.785190	4.766940	4.787160	4.772060	4.766170	4.728830	4.730770	4.725850
Mauritian Rupee	45.211200	45.248300	45.110100	45.222500	45.076700	NA	44.761600	44.453300	44.421700
Mexican Peso	18.618300	NA	18.499900	NA	18.700400	18.697800	18.752300	18.708700	18.776200
Nepalese Rupee	113.495000	113.528000	113.302000	114.163000	113.750000	114.354000	113.920000	112.744000	112.730000
New Zealand Dollar	1.884460	1.862030	1.855330	1.860990	1.854320	1.865420	1.845070	1.836350	1.837510
Norwegian Krone	8.838140	8.757490	8.705640	8.660560	8.664610	8.627980	8.646260	8.675060	8.675660
Rial Omani	0.612048	0.612997	0.612291	0.616949	0.616447	0.618850	0.618762	0.615771	0.614817
Pakistani Rupee	137.141000	137.522000	137.144000	138.230000	138.242000	138.915000	139.184000	138.431000	138.375000
Nuevo Sol	NA	4.363520	4.355310	4.390050	4.386480	4.403560	4.404570	NA	NA
Philippine Peso	68.552300	68.418200	68.082800	68.368100	68.022600	68.274800	68.102700	67.451400	67.521000
Polish Zloty	4.516260	4.498710	4.468990	4.428720	4.469530	4.450870	4.448660	4.464920	4.494620
Qatar Riyal	5.794150	5.803160	5.796460	5.840540	5.835800	5.858540	5.857720	5.829370	5.820350
Russian Ruble	44.810100	44.713900	44.441700	44.473100	44.476100	44.335100	44.164500	44.186000	44.259700
Saudi Arabian Riyal	5.969260	5.978500	5.971610	6.017060	6.012180	6.035590	6.034750	6.005540	5.996250
Singapore Dollar	1.937060	1.936880	1.932420	1.942300	1.938160	1.939110	1.932570	1.927540	1.925350
South African Rand	11.071500	10.987800	10.832800	10.856500	10.859800	10.738800	10.706300	10.701900	10.765400
Sri Lanka Rupee	174.299000	174.568000	174.365000	175.674000	175.498000	176.226000	176.196000	175.308000	175.072000
Swedish Krona	10.364500	10.349800	10.200600	10.069300	10.191300	NA	10.073400	10.142800	10.185900
Swiss Franc	1.304000	1.307940	1.309140	1.316530	1.289970	1.291290	1.288700	1.282470	1.280960
Thai Baht	47.660100	47.633600	47.577100	47.874800	47.768700	47.793800	47.798400	47.599300	47.554300
Trinidad And Tobago Dollar	10.175300	10.195800	10.202400	10.259500	10.276200	10.301400	10.300400	10.246000	10.243800
Tunisian Dinar	NA	2.207590	2.202810	2.219890	2.200770	NA	2.200510	2.186660	2.197670
U.A.E. Dirham	5.845900	5.854970	5.848190	5.892680	5.887930	5.910860	5.910030	5.881450	5.872340
Peso Uruguayo	NA	29.494000	29.385100	29.605500	29.499700	29.535700	29.662000	29.484900	29.469600
Bolivar Fuerte	6.827710	6.838310	6.830410	6.882360	6.876780	6.903600	6.902650	6.869220	6.858570

Notes:


The value of the U.S. dollar in terms of the SDR is the reciprocal of the sum of the dollar values, based on market exchange rates, of specified quantities of the SDR basket currencies. See SDR Valuation.

These rates are the official rates used by the Fund to conduct operations with member countries. The rates are derived from the currency's representative exchange rate, as reported by the central bank, normally against the U.S. dollar at spot market rates and rounded to six significant digits. See Representative Exchange Rates for Selected Currencies.

The value in terms of each national currency of the SDR (shown above) is the reciprocal of the value in terms of the SDR of each national currency, rounded to six significant digits.

Exchange rates are published daily except on IMF holidays or whenever the IMF is closed for business.
