Currency units per SDR for October 2011
Currency	October 03, 2011	October 04, 2011	October 05, 2011	October 06, 2011	October 07, 2011	October 11, 2011	October 12, 2011	October 13, 2011	October 14, 2011	October 17, 2011	October 18, 2011
Chinese Yuan	NA	NA	NA	NA	NA	9.946290	10.018400	10.024700	10.046000	10.034400	10.021400
Euro	1.166780	1.172980	1.165490	1.171440	1.160120	1.151430	1.144310	1.145790	1.141120	1.143300	1.149470
Japanese Yen	119.733000	118.571000	119.223000	119.284000	119.538000	120.155000	120.838000	121.234000	121.254000	121.701000	120.778000
U.K. Pound Sterling	1.001850	1.005470	1.004790	1.004520	1.004130	1.001310	0.999211	1.000780	0.999211	1.000130	0.998672
U.S. Dollar	1.554970	1.546100	1.554410	1.554390	1.558510	1.566760	1.575260	1.572830	1.575550	1.575010	1.572010
Algerian Dinar	115.657000	115.169000	115.572000	115.332000	115.365000	115.528000	115.650000	115.819000	115.665000	115.755000	115.775000
Australian Dollar	NA	1.627480	1.628680	1.612270	1.593240	1.571160	1.588770	1.542140	1.545870	1.528840	1.540890
Bahrain Dinar	0.584669	NA	0.584457	0.584450	0.585998	0.589102	0.592298	0.591384	0.592407	0.592203	0.591076
Botswana Pula	11.535400	11.659900	11.471700	11.463100	NA	11.461300	11.341000	11.413900	11.400500	11.421400	11.550400
Brazilian Real	2.883530	2.908380	2.931000	2.868780	2.823390	2.738380	2.781590	2.777300	2.762880	2.736730	2.749130
Brunei Dollar	2.043230	2.035600	2.032860	2.027390	2.017180	2.004200	2.028620	2.007400	NA	1.993330	1.992060
Canadian Dollar	1.623390	1.639490	NA	1.621230	1.609630	1.611720	1.601100	1.610260	1.598710	1.598950	1.597640
Chilean Peso	811.320000	813.173000	829.648000	825.457000	815.581000	804.939000	807.494000	NA	NA	786.825000	789.054000
Colombian Peso	2,999.550000	3,005.310000	3,066.480000	3,058.360000	3,042.350000	3,026.360000	3,042.780000	2,983.210000	3,007.920000	2,985.160000	2,979.480000
Czech Koruna	29.023400	29.204300	28.907300	29.110600	28.738900	28.535300	28.368900	28.355000	28.229100	28.312300	28.632600
Danish Krone	8.683570	8.730040	8.675130	8.718850	8.635880	8.570600	8.518690	8.530390	8.496320	8.512160	8.558490
Hungarian Forint	343.866000	349.234000	348.607000	343.349000	345.552000	340.801000	335.752000	333.943000	332.583000	330.500000	342.840000
Icelandic Krona	184.233000	184.744000	184.306000	184.693000	183.842000	182.950000	181.911000	182.134000	182.260000	182.008000	182.306000
Indian Rupee	76.846200	76.114500	76.461400	NA	76.584900	76.817900	77.565700	77.099800	77.312000	77.002400	77.248700
Indonesian Rupiah	13,878.100000	13,853.100000	13,896.400000	13,872.900000	13,976.700000	14,006.800000	14,090.700000	14,013.900000	14,011.400000	13,931.000000	13,928.000000
Iranian Rial	16,669.300000	16,558.800000	16,571.600000	16,555.800000	NA	16,577.900000	16,667.900000	16,594.900000	NA	16,616.300000	16,757.700000
Israeli New Sheqel	5.838900	5.817980	5.804170	5.790120	NA	5.778210	5.765450	NA	5.766510	NA	5.739410
Kazakhstani Tenge	230.120000	229.117000	230.317000	230.361000	NA	232.256000	233.265000	232.606000	232.740000	232.660000	232.454000
Korean Won	NA	1,821.460000	1,864.510000	1,853.450000	1,849.330000	1,837.810000	1,833.920000	1,843.980000	1,824.490000	1,827.480000	1,801.060000
Kuwaiti Dinar	0.430182	0.428425	0.430261	0.430100	0.431239	0.431719	0.434222	0.432449	NA	0.432891	0.432225
Libyan Dinar	1.932400	1.932400	1.932400	1.932400	1.932400	1.932400	1.932400	1.932400	1.932400	1.932400	1.932400
Malaysian Ringgit	4.990670	4.965320	4.957780	4.950740	4.922540	4.889070	4.971690	4.922180	4.946430	4.914970	4.899170
Mauritian Rupee	45.188800	45.374300	45.739400	45.662500	45.637900	45.657900	45.847400	45.638800	45.724500	45.666700	45.593600
Mexican Peso	21.608900	21.601300	21.244900	21.037300	20.750500	20.879500	20.827000	21.020400	20.909300	20.940000	21.134900
Nepalese Rupee	121.832000	121.137000	121.835000	121.818000	122.140000	122.818000	123.438000	123.231000	123.917000	123.481000	122.601000
New Zealand Dollar	2.038770	2.052170	2.045550	2.026580	2.026670	1.998670	2.018530	1.979400	1.983070	1.957260	1.983360
Norwegian Krone	9.131250	9.191430	9.103070	9.165900	9.049040	8.959370	8.906230	8.887860	8.838530	8.840090	8.920370
Rial Omani	0.597886	0.594477	0.597671	0.597664	0.599247	0.602417	0.605690	0.604752	0.605800	0.605591	0.604438
Pakistani Rupee	136.072000	135.113000	135.621000	135.497000	135.977000	137.084000	137.518000	136.905000	136.404000	136.376000	136.029000
Nuevo Sol	4.311920	4.290450	4.305720	4.279230	NA	4.277250	4.292580	4.289100	4.285500	NA	4.279030
Philippine Peso	68.106000	67.968500	68.554200	68.323300	68.142600	68.030000	NA	68.473000	68.217900	68.412100	67.901600
Polish Zloty	5.172610	5.154240	5.124260	5.087690	5.079650	5.003600	4.938760	4.940100	4.901070	4.844560	4.997130
Qatar Riyal	5.660080	5.627810	5.658060	5.658000	5.672990	5.703010	5.733940	5.725080	5.735000	5.733020	5.722130
Russian Ruble	50.674700	50.526500	50.731800	50.530800	50.184700	49.238500	49.487100	49.074500	48.827200	48.411100	48.684300
Saudi Arabian Riyal	5.831140	5.797870	5.829030	5.828970	5.844400	5.875340	5.907230	5.898100	5.908310	5.906290	5.895040
Singapore Dollar	2.043230	2.035600	2.032860	2.027390	2.017180	2.004200	2.028620	2.007400	2.004410	1.993330	1.992060
South African Rand	12.657400	12.861000	12.554700	12.509900	12.375900	12.483300	12.288900	12.390000	12.342700	12.425200	12.665400
Sri Lanka Rupee	171.346000	170.379000	171.295000	171.277000	171.732000	NA	173.579000	173.323000	173.610000	173.566000	173.229000
Swedish Krona	10.733000	10.711100	10.665700	10.669500	10.592100	10.431000	10.530500	10.364500	10.495800	10.356000	10.525900
Swiss Franc	1.413000	1.424890	1.425240	1.438120	1.434300	1.428100	1.413640	1.412710	1.414690	1.412150	1.417170
Thai Baht	48.650200	48.206000	48.413700	48.372700	NA	48.401800	48.798600	48.474500	48.591600	48.319700	48.267200
Trinidad And Tobago Dollar	9.976850	NA	9.911100	9.933350	9.984220	9.979640	10.093800	10.089500	10.110900	10.091900	10.036400
Tunisian Dinar	2.230450	2.232730	2.258560	2.247800	2.252510	2.234980	2.249630	2.231220	2.242480	2.237930	2.238230
U.A.E. Dirham	5.710630	5.678080	5.708580	5.708510	NA	5.753910	5.785160	5.776210	5.786200	5.784230	5.773210
Peso Uruguayo	31.626500	31.580700	31.509500	31.205900	NA	31.457300	31.532000	31.447100	31.353500	NA	31.566100
Bolivar Fuerte	6.669730	6.631700	6.667330	6.667240	6.684890	6.720290	6.756760	6.746320	6.757990	6.755710	6.742820

Currency units per SDR for October 2011 Continued

Currency	October 19, 2011	October 20, 2011	October 21, 2011	October 24, 2011	October 25, 2011	October 26, 2011	October 27, 2011	October 28, 2011	October 31, 2011
Chinese Yuan	10.060000	10.037100	10.021500	10.045500	10.061100	10.061400	10.098700	10.107200	10.028100
Euro	1.141600	1.142080	1.141480	1.140840	1.139740	1.138490	1.133300	1.127810	1.132710
Japanese Yen	121.158000	121.167000	120.899000	120.532000	120.749000	120.551000	121.324000	121.146000	125.603000
U.K. Pound Sterling	0.999061	0.998712	0.995520	0.992556	0.990442	0.991601	0.993206	0.991414	0.989707
U.S. Dollar	1.578610	1.576870	1.575020	1.580750	1.586290	1.585580	1.590920	1.596970	1.585900
Algerian Dinar	115.929000	NA	115.688000	115.815000	116.114000	116.147000	115.812000	116.207000	115.831000
Australian Dollar	1.530100	1.549440	1.541720	1.520240	1.515080	1.528120	1.516750	1.497540	1.509090
Bahrain Dinar	0.593556	0.592902	0.592207	0.594361	0.596445	0.596178	0.598186	0.600464	0.596299
Botswana Pula	11.505900	NA	11.615200	11.538300	11.503200	11.531500	11.412600	11.382600	11.401200
Brazilian Real	2.797930	2.775920	2.807630	2.812310	2.756030	2.785700	2.758180	2.707990	2.664000
Brunei Dollar	1.995680	2.002780	2.017280	2.009130	2.001900	NA	2.011080	1.987270	1.982700
Canadian Dollar	1.600080	1.611250	NA	1.586910	1.609140	1.601590	1.581690	1.590110	1.575590
Chilean Peso	806.888000	NA	812.031000	810.478000	804.441000	798.862000	797.245000	785.774000	780.329000
Colombian Peso	3,003.260000	2,996.210000	3,001.900000	2,999.380000	2,980.300000	2,973.830000	2,987.910000	2,974.910000	2,954.630000
Czech Koruna	28.391300	28.438800	28.528300	28.502500	28.386800	28.385000	28.143400	NA	28.094200
Danish Krone	8.499860	8.502820	8.498990	8.493800	8.485580	8.475580	8.436330	8.393840	8.429570
Hungarian Forint	337.696000	341.282000	343.433000	339.481000	338.373000	340.138000	343.034000	338.926000	NA
Icelandic Krona	181.777000	182.050000	182.434000	181.802000	181.218000	180.994000	180.458000	180.314000	180.444000
Indian Rupee	77.636100	NA	78.861200	78.832000	78.775500	NA	NA	77.964200	77.503200
Indonesian Rupiah	13,978.600000	13,939.500000	13,967.300000	14,041.800000	14,062.500000	14,064.100000	14,143.300000	14,098.100000	14,011.500000
Iranian Rial	16,835.900000	16,872.500000	NA	16,939.300000	16,997.100000	16,989.500000	NA	NA	17,080.200000
Israeli New Sheqel	5.736680	NA	NA	5.760240	5.778880	5.787370	5.759140	5.752320	5.715590
Kazakhstani Tenge	233.460000	NA	232.977000	233.950000	234.724000	234.602000	235.393000	236.112000	233.984000
Korean Won	1,810.820000	NA	1,794.730000	1,817.070000	1,804.730000	1,788.370000	1,798.380000	1,795.800000	1,751.630000
Kuwaiti Dinar	0.434039	0.433954	0.433445	0.433678	0.435042	0.434686	0.435912	0.437572	0.435250
Libyan Dinar	1.932400	1.932400	1.932400	1.932400	1.932400	1.932400	1.932400	1.932400	1.932400
Malaysian Ringgit	4.906310	4.932450	4.973910	4.945840	4.959870	NA	4.981970	4.908310	4.874270
Mauritian Rupee	45.720800	45.690100	45.681900	45.751900	45.814400	NA	45.886500	46.019100	45.623800
Mexican Peso	21.111200	21.544400	21.419600	21.322500	21.329100	21.391700	20.995800	20.941400	20.902500
Nepalese Rupee	124.410000	123.958000	124.899000	126.475000	126.555000	125.942000	126.303000	126.784000	123.700000
New Zealand Dollar	1.984420	1.988740	1.984650	NA	1.970550	1.990930	1.988150	1.942080	1.932380
Norwegian Krone	8.830260	8.803670	8.796310	8.774700	8.759480	8.743700	8.676560	8.653060	8.723570
Rial Omani	0.606977	0.606307	0.605594	0.607796	0.609931	0.609656	0.611711	0.614036	0.609778
Pakistani Rupee	136.869000	136.674000	136.605000	NA	137.674000	137.649000	138.114000	138.494000	137.276000
Nuevo Sol	NA	4.296970	NA	4.298040	4.308380	4.309600	4.311390	4.321410	NA
Philippine Peso	68.184900	68.101800	68.141700	68.653500	68.662900	68.444400	68.755000	68.714800	NA
Polish Zloty	4.948460	5.011120	5.035170	5.011750	4.988100	4.994260	4.945060	4.864550	4.920100
Qatar Riyal	5.746140	5.739800	5.733060	5.753910	5.774110	5.771510	5.790960	5.812970	5.772670
Russian Ruble	48.819500	49.480200	49.354900	48.727200	48.377400	48.476200	48.112800	47.745900	47.774400
Saudi Arabian Riyal	5.919790	5.913280	5.906330	5.927790	5.948590	5.945900	5.965950	5.988670	5.947140
Singapore Dollar	1.995680	2.002780	2.017280	2.009130	2.001900	NA	2.011080	1.987270	1.982700
South African Rand	12.597900	12.769300	12.809000	12.668700	12.534000	12.611400	12.394100	12.343100	12.417600
Sri Lanka Rupee	173.960000	173.768000	173.567000	174.198000	174.810000	NA	175.316000	175.984000	174.619000
Swedish Krona	10.428000	10.497400	10.438400	10.346900	10.390900	10.377000	10.289300	10.163800	10.216900
Swiss Franc	1.417120	1.412870	1.404290	1.401650	1.393080	1.385950	1.389510	1.379470	1.380530
Thai Baht	48.374800	48.801000	48.926300	49.104300	48.916500	48.881800	48.906500	48.755800	48.695200
Trinidad And Tobago Dollar	10.085300	10.088200	10.084500	10.066500	10.117100	10.137700	NA	10.218700	10.162000
Tunisian Dinar	2.252200	2.236480	2.239360	2.246240	2.243340	2.234240	2.243350	NA	2.216770
U.A.E. Dirham	5.797440	5.791060	5.784260	5.805280	5.825670	5.823030	5.842660	5.864900	5.824210
Peso Uruguayo	NA	31.605200	NA	31.256100	31.202400	31.240600	30.852700	30.741800	30.649200
Bolivar Fuerte	6.771120	6.763660	6.755710	6.780300	6.804110	6.801010	6.823940	6.849920	6.802400

Notes:


The value of the U.S. dollar in terms of the SDR is the reciprocal of the sum of the dollar values, based on market exchange rates, of specified quantities of the SDR basket currencies. See SDR Valuation.

These rates are the official rates used by the Fund to conduct operations with member countries. The rates are derived from the currency's representative exchange rate, as reported by the central bank, normally against the U.S. dollar at spot market rates and rounded to six significant digits. See Representative Exchange Rates for Selected Currencies.

The value in terms of each national currency of the SDR (shown above) is the reciprocal of the value in terms of the SDR of each national currency, rounded to six significant digits.

Exchange rates are published daily except on IMF holidays or whenever the IMF is closed for business.
