Currency units per SDR for April 2011
Currency	April 01, 2011	April 04, 2011	April 05, 2011	April 06, 2011	April 07, 2011	April 08, 2011	April 11, 2011	April 12, 2011	April 13, 2011	April 14, 2011	April 15, 2011
Chinese Yuan	10.360400	NA	NA	10.402400	10.390600	10.419700	10.438700	10.443300	10.447500	10.421800	NA
Euro	1.118090	1.112700	1.117400	1.110660	1.111410	1.105990	1.105790	1.102880	1.102770	1.107580	1.105870
Japanese Yen	131.958000	133.351000	133.455000	135.477000	135.407000	135.590000	135.190000	133.893000	134.172000	133.153000	133.671000
U.K. Pound Sterling	0.985348	0.981653	0.975182	0.973549	0.971496	0.974326	0.975848	0.981345	0.982260	0.978723	0.977479
U.S. Dollar	1.581090	1.584490	1.582910	1.588250	1.587420	1.592740	1.596100	1.595860	1.598240	1.595030	1.597980
Algerian Dinar	114.211000	114.216000	114.247000	114.205000	NA	114.297000	114.505000	114.278000	114.528000	114.428000	NA
Australian Dollar	1.528360	1.525750	1.532640	1.533650	1.516890	1.513720	1.510890	1.528900	1.525330	1.514170	1.518420
Bahrain Dinar	0.594491	0.595766	0.595174	0.597182	0.596872	0.598871	0.600136	0.600042	0.600940	0.599733	0.600839
Botswana Pula	10.273500	10.255600	10.278600	10.273300	10.261300	10.236100	10.270900	10.276000	10.371500	10.431800	NA
Brazilian Real	2.573860	2.564650	2.548800	2.553740	2.554000	2.535480	2.514500	2.520980	2.535130	2.529080	2.530240
Brunei Dollar	1.994710	1.997250	1.996520	2.002140	2.000940	2.002710	2.004710	2.011420	2.010750	1.992510	1.988680
Canadian Dollar	1.522430	1.533630	1.525290	1.522810	1.522810	NA	1.523800	1.536020	1.540700	1.535370	1.536460
Chilean Peso	758.070000	755.641000	751.168000	754.466000	750.677000	753.761000	750.469000	751.648000	757.197000	754.000000	755.139000
Colombian Peso	2,957.590000	2,945.490000	2,923.280000	2,919.660000	2,900.170000	2,906.890000	2,900.680000	2,897.740000	NA	2,901.220000	NA
Czech Koruna	27.413000	27.219900	27.305200	27.122500	27.156100	27.011300	27.020500	26.958900	26.904800	26.866600	26.772500
Danish Krone	8.336950	8.297030	8.332710	8.282050	8.287960	8.247690	8.246400	8.225710	8.224830	8.260980	8.247630
Hungarian Forint	297.182000	297.124000	296.367000	293.159000	293.578000	292.331000	292.278000	294.277000	294.460000	293.676000	295.435000
Icelandic Krona	181.098000	180.632000	181.069000	180.075000	180.252000	179.326000	179.338000	179.774000	180.058000	180.829000	180.731000
Indian Rupee	NA	NA	NA	70.200600	70.195600	NA	70.547700	NA	71.089900	NA	71.142000
Indonesian Rupiah	13,753.900000	13,747.000000	13,725.400000	13,739.900000	13,737.500000	13,786.700000	13,791.900000	13,829.700000	13,859.900000	13,814.500000	13,840.100000
Iranian Rial	NA	16,483.500000	16,476.500000	16,524.100000	16,515.500000	NA	16,460.600000	16,616.100000	16,624.900000	16,604.200000	NA
Israeli New Sheqel	5.491130	5.490250	5.489530	5.495320	5.478190	5.475820	5.492180	5.499340	5.461200	5.472560	5.458690
Kazakhstani Tenge	230.365000	230.829000	230.803000	231.281000	230.859000	231.648000	232.073000	232.038000	232.336000	231.885000	232.202000
Korean Won	1,739.360000	1,734.380000	1,720.460000	1,730.710000	1,723.150000	1,732.900000	1,732.410000	1,730.550000	1,744.800000	1,742.570000	1,740.840000
Kuwaiti Dinar	NA	0.439063	0.438941	0.440104	0.439557	NA	0.441003	0.441096	0.441355	0.440467	NA
Libyan Dinar	1.932400	1.932400	1.932400	1.932400	1.932400	1.932400	1.932400	1.932400	1.932400	1.932400	1.932400
Malaysian Ringgit	4.786590	4.794510	4.792090	4.805240	4.804970	4.814360	4.820230	4.836270	4.841860	4.820970	4.826700
Mauritian Rupee	44.865400	NA	44.830200	44.869800	44.734700	44.735100	NA	NA	NA	NA	NA
Mexican Peso	18.722000	18.781400	NA	18.715300	18.720600	NA	18.745800	18.873600	18.844400	NA	18.710800
Nepalese Rupee	112.716000	113.053000	112.877000	112.924000	112.231000	112.543000	112.525000	113.067000	113.283000	113.486000	113.696000
New Zealand Dollar	2.077930	2.061800	2.061610	2.069380	2.041700	2.048010	2.041050	2.040220	2.036490	2.025180	2.013080
Norwegian Krone	8.727300	8.701860	8.705640	8.646550	8.688470	8.628950	NA	NA	8.669940	8.703450	8.634680
Rial Omani	0.607929	0.609236	0.608628	NA	0.610363	0.612407	NA	0.613610	0.614522	0.613290	0.614424
Pakistani Rupee	134.895000	135.306000	135.059000	135.415000	134.984000	135.163000	135.539000	135.058000	135.117000	134.160000	134.738000
Nuevo Sol	4.434960	4.452420	4.444800	4.461380	4.451130	NA	NA	NA	4.497450	4.501180	NA
Philippine Peso	68.632300	68.838300	NA	68.899900	NA	68.666200	68.672400	68.719500	69.103200	69.020300	69.171600
Polish Zloty	4.498990	4.499150	4.493550	4.444860	4.423040	4.378280	4.389450	4.390370	4.382540	4.353940	4.361370
Qatar Riyal	5.755160	5.767540	5.761800	5.781220	5.778210	5.797570	5.809800	5.808920	5.817610	5.805920	5.816660
Russian Ruble	44.853100	44.726500	44.814100	44.814500	44.810700	44.789400	44.652200	44.916400	44.933700	44.961600	45.096800
Saudi Arabian Riyal	5.929090	5.941840	5.935920	5.955930	5.952840	5.972750	5.985370	5.984480	5.993410	5.981360	5.992440
Singapore Dollar	1.994710	1.997250	1.996520	2.002140	2.000940	2.002710	2.004710	2.011420	2.010750	1.992510	1.988680
South African Rand	NA	10.611300	10.641900	10.621600	10.624400	10.589900	10.627200	10.671000	10.732200	10.933500	11.000700
Sri Lanka Rupee	174.548000	174.740000	174.747000	175.278000	175.219000	175.793000	176.176000	176.041000	NA	NA	NA
Swedish Krona	9.996500	9.994200	10.039600	10.006000	10.072200	9.966510	9.907860	10.045900	9.989010	9.937000	9.891490
Swiss Franc	1.458870	1.463280	1.462610	1.455310	1.456780	1.454170	1.451180	1.439310	1.435220	1.427550	1.427480
Thai Baht	NA	47.918200	47.830600	NA	47.832200	47.857000	47.974100	48.158200	NA	NA	NA
Trinidad And Tobago Dollar	10.125900	10.169600	10.097100	10.175700	10.202800	10.214200	10.191000	10.162600	10.271300	10.227500	10.258700
Tunisian Dinar	2.190450	2.201960	2.191220	2.203690	2.190800	2.201320	NA	NA	2.186550	2.183910	2.191150
U.A.E. Dirham	5.806560	5.819030	5.813210	5.832840	5.829820	5.849320	5.861700	5.860810	5.869540	5.857750	5.868580
Peso Uruguayo	30.277900	30.263800	30.154400	30.238600	30.149900	NA	NA	NA	30.366600	30.185900	NA
Bolivar Fuerte	6.781780	6.796340	6.789560	6.812450	6.808930	6.831720	6.846170	6.845140	6.855330	6.841540	6.854200

Currency units per SDR for April 2011 Continued

Currency	April 18, 2011	April 19, 2011	April 20, 2011	April 21, 2011	April 22, 2011	April 25, 2011	April 26, 2011	April 27, 2011	April 28, 2011	April 29, 2011
Chinese Yuan	10.394000	10.399200	10.463000	10.497800	10.465400	10.473400	10.489900	10.492800	10.536100	10.534600
Euro	1.114880	1.112710	1.104000	1.103540	NA	NA	1.101150	1.098920	1.094810	1.090820
Japanese Yen	132.014000	131.211000	132.715000	131.971000	131.468000	132.104000	131.629000	131.369000	132.910000	NA
U.K. Pound Sterling	0.977995	0.976677	0.978598	0.972337	NA	NA	0.975895	0.972309	0.972479	NA
U.S. Dollar	1.591480	1.591400	1.602450	1.609410	1.606200	1.607310	1.609550	1.611890	1.619670	1.620960
Algerian Dinar	114.601000	114.426000	114.716000	115.038000	114.831000	114.899000	114.911000	NA	115.557000	115.580000
Australian Dollar	1.506660	1.520980	1.514170	1.494480	NA	NA	NA	1.487670	1.482530	1.487120
Bahrain Dinar	0.598397	0.598365	0.602522	0.605136	NA	0.604346	0.605191	0.606072	0.608995	0.609481
Botswana Pula	10.449700	10.428600	10.412300	10.403400	NA	NA	10.377500	10.332600	10.336100	10.318000
Brazilian Real	2.509450	2.530960	2.529300	2.529020	NA	NA	NA	NA	NA	2.568410
Brunei Dollar	1.980280	1.988770	1.988320	1.990680	NA	1.985830	1.991180	1.984080	1.985710	1.990050
Canadian Dollar	1.542310	1.523130	1.526170	1.531990	NA	1.533530	1.530200	1.539200	1.540460	1.537640
Chilean Peso	751.914000	755.532000	759.273000	756.327000	NA	751.851000	752.672000	749.996000	748.884000	745.707000
Colombian Peso	2,865.670000	2,864.180000	2,869.250000	2,868.910000	2,863.200000	2,865.170000	2,867.520000	2,881.870000	2,889.660000	2,865.110000
Czech Koruna	26.966100	26.845300	26.688800	NA	26.634100	NA	26.543200	26.526900	26.408600	26.408600
Danish Krone	8.315040	8.298200	8.233230	NA	NA	NA	8.210790	8.193230	8.164400	8.134910
Hungarian Forint	296.478000	298.547000	292.239000	290.498000	291.896000	NA	291.377000	290.173000	287.831000	288.190000
Icelandic Krona	181.191000	181.053000	180.772000	NA	NA	NA	181.091000	180.919000	179.799000	179.699000
Indian Rupee	70.455300	71.103500	71.116700	71.296700	NA	71.444900	71.770000	71.568100	71.799900	71.938300
Indonesian Rupiah	13,798.200000	13,822.900000	13,872.400000	13,887.600000	NA	13,867.800000	13,932.300000	13,902.600000	13,917.800000	13,898.100000
Iranian Rial	16,604.000000	16,630.100000	16,742.400000	16,807.000000	NA	16,802.800000	16,834.300000	16,845.900000	16,910.900000	NA
Israeli New Sheqel	NA	NA	5.486790	5.480020	NA	NA	5.493390	5.512680	5.524680	5.503150
Kazakhstani Tenge	NA	231.230000	233.140000	234.217000	233.397000	233.525000	233.996000	234.466000	235.483000	235.914000
Korean Won	1,731.380000	1,734.470000	1,751.160000	1,744.110000	1,734.860000	1,738.780000	1,740.730000	1,749.710000	1,749.080000	1,738.150000
Kuwaiti Dinar	0.439647	0.440340	0.442595	0.443312	NA	0.442733	0.443351	0.443109	0.444113	0.444466
Libyan Dinar	1.932400	1.932400	1.932400	1.932400	NA	1.932400	1.932400	1.932400	1.932400	1.932400
Malaysian Ringgit	4.811070	4.820350	4.833300	4.843510	4.828260	4.815490	4.820600	4.801510	4.796650	4.819930
Mauritian Rupee	NA	NA	NA	NA	NA	44.475500	44.616600	44.531300	44.546400	44.409900
Mexican Peso	18.745000	18.607400	18.628800	NA	NA	18.692000	18.642500	18.676700	18.695500	18.781700
Nepalese Rupee	NA	112.989000	114.014000	114.187000	NA	114.087000	114.520000	114.767000	115.093000	115.007000
New Zealand Dollar	2.000110	2.023140	2.028930	2.022120	NA	NA	2.012190	1.996650	2.017770	2.016120
Norwegian Krone	8.682670	8.638560	8.635430	NA	NA	NA	8.567000	8.559010	8.549420	8.488820
Rial Omani	0.611928	0.611894	0.616143	0.618816	NA	0.618009	0.618873	0.619771	0.622762	0.623259
Pakistani Rupee	134.149000	134.140000	135.291000	135.825000	NA	135.555000	136.045000	136.397000	136.747000	137.228000
Nuevo Sol	NA	4.490930	NA	NA	NA	4.534200	4.546980	4.564880	4.573940	4.572720
Philippine Peso	68.761600	68.898000	69.491700	NA	NA	69.480600	69.530900	69.775400	69.971200	69.539100
Polish Zloty	4.393770	4.443500	4.383980	4.374860	4.358440	NA	4.341770	4.325990	4.292770	4.295700
Qatar Riyal	5.793000	5.792700	5.832910	5.858230	NA	5.850590	5.858780	5.867270	5.895600	5.900300
Russian Ruble	44.821900	45.229600	45.102100	44.966500	44.876700	44.992400	44.900600	44.672600	44.537100	44.580000
Saudi Arabian Riyal	5.968080	5.967760	6.009180	6.035260	NA	6.027400	6.035800	6.044600	6.073750	6.078580
Singapore Dollar	1.980280	1.988770	1.988320	1.990680	NA	1.985830	1.991180	1.984080	1.985710	1.990050
South African Rand	10.935200	10.876900	10.866900	10.856400	NA	NA	10.856400	NA	10.731800	10.685900
Sri Lanka Rupee	175.657000	175.665000	176.887000	177.518000	NA	177.129000	177.365000	177.629000	178.419000	178.064000
Swedish Krona	9.926840	9.994000	9.919160	9.797290	NA	NA	9.830330	9.808340	9.786840	9.733880
Swiss Franc	1.428360	1.431300	1.429860	1.422230	NA	NA	1.411580	1.412820	1.414460	1.404400
Thai Baht	47.940200	47.931300	48.095900	48.142200	48.072100	48.111400	48.275400	48.243900	48.397300	48.525100
Trinidad And Tobago Dollar	10.146200	10.161600	10.282300	10.316300	NA	NA	NA	10.312200	10.358900	10.381300
Tunisian Dinar	2.180650	NA	2.209460	NA	2.185080	NA	NA	2.189760	2.196910	2.183270
U.A.E. Dirham	5.844740	5.844400	5.884980	5.910550	5.898800	5.902840	5.911070	5.919680	5.948240	5.952980
Peso Uruguayo	NA	30.212700	NA	NA	NA	30.378100	30.396400	30.495400	30.692600	30.717200
Bolivar Fuerte	6.826360	6.825990	6.873370	6.903220	NA	6.894220	6.903840	6.913910	6.947240	6.952800

Notes:


The value of the U.S. dollar in terms of the SDR is the reciprocal of the sum of the dollar values, based on market exchange rates, of specified quantities of the SDR basket currencies. See SDR Valuation.

These rates are the official rates used by the Fund to conduct operations with member countries. The rates are derived from the currency's representative exchange rate, as reported by the central bank, normally against the U.S. dollar at spot market rates and rounded to six significant digits. See Representative Exchange Rates for Selected Currencies.

The value in terms of each national currency of the SDR (shown above) is the reciprocal of the value in terms of the SDR of each national currency, rounded to six significant digits.

Exchange rates are published daily except on IMF holidays or whenever the IMF is closed for business.
