Currency units per SDR for December 2011
Currency	December 01, 2011	December 02, 2011	December 05, 2011	December 06, 2011	December 07, 2011	December 08, 2011	December 09, 2011	December 12, 2011	December 13, 2011	December 14, 2011	December 15, 2011
Chinese Yuan	9.885620	9.878490	9.863780	9.854350	9.846780	9.858820	9.865630	9.806710	9.805560	9.741270	9.745830
Euro	1.156530	1.154870	1.158350	1.161670	1.162100	1.161080	1.163530	1.169210	1.174130	1.182620	1.180340
Japanese Yen	121.212000	121.363000	121.450000	121.005000	120.819000	120.902000	121.000000	120.305000	120.622000	119.807000	119.969000
U.K. Pound Sterling	0.993246	0.994352	0.995818	0.995609	0.996304	0.991287	0.991070	0.992773	0.991179	0.991660	0.991414
U.S. Dollar	1.560400	1.560340	1.557050	1.555940	1.554540	1.557010	1.557280	1.549320	1.547620	1.536580	1.536690
Algerian Dinar	115.421000	115.592000	115.919000	115.964000	NA	115.860000	115.863000	115.559000	115.418000	114.702000	114.600000
Australian Dollar	1.521450	1.526300	1.524430	1.529030	1.514260	1.516220	1.537140	1.524020	1.533360	1.533980	1.552990
Bahrain Dinar	0.586710	0.586686	0.585453	0.585035	0.584508	0.585436	0.585535	0.582544	0.581906	0.577754	0.577794
Botswana Pula	11.567100	11.498400	11.482700	11.525500	11.549300	11.533400	11.673700	11.640300	11.645000	11.711800	11.721500
Brazilian Real	2.800590	2.796440	2.775760	2.782020	2.799880	2.796550	2.819910	2.815740	2.855210	2.876940	2.871450
Brunei Dollar	2.004020	2.005500	1.997850	1.999230	1.994170	2.003720	2.023680	2.005280	2.012530	2.006010	2.013670
Canadian Dollar	1.587550	1.586080	1.579010	1.574150	1.570860	1.587060	1.588580	1.591930	1.591580	1.598970	1.588470
Chilean Peso	807.304000	801.590000	798.594000	798.339000	796.984000	NA	792.142000	790.770000	795.646000	791.540000	796.756000
Colombian Peso	3,040.450000	3,041.970000	3,018.860000	3,012.760000	3,009.760000	3,005.920000	3,006.430000	2,985.690000	2,990.480000	2,964.080000	2,977.480000
Czech Koruna	29.235600	29.095600	29.118400	29.309300	29.463200	29.295200	29.645900	29.900300	30.061000	30.321400	30.148300
Danish Krone	8.596530	8.584350	8.612670	8.636700	8.639680	8.631930	8.650820	8.694290	8.731570	8.790050	8.772470
Hungarian Forint	350.855000	352.137000	348.624000	349.495000	347.704000	349.471000	357.800000	356.467000	358.291000	357.594000	359.953000
Icelandic Krona	184.720000	184.884000	184.666000	185.064000	184.913000	184.957000	185.160000	185.252000	186.148000	186.695000	188.229000
Indian Rupee	80.594500	80.123100	80.016600	NA	79.980800	80.621800	81.336500	81.215000	82.643300	82.330300	83.350000
Indonesian Rupiah	14,176.200000	14,203.800000	14,114.700000	14,132.600000	14,119.900000	14,145.500000	14,077.800000	14,075.600000	14,067.900000	13,967.500000	14,037.600000
Iranian Rial	16,961.500000	NA	NA	NA	16,921.200000	16,979.200000	NA	16,965.100000	16,969.700000	16,887.000000	16,911.200000
Israeli New Sheqel	5.837440	5.823200	5.803120	5.813010	5.813990	NA	5.872470	5.828520	5.840750	5.846690	5.839420
Kazakhstani Tenge	230.455000	230.431000	229.805000	229.703000	229.528000	229.940000	229.916000	228.989000	228.847000	227.245000	227.368000
Korean Won	1,779.790000	1,758.810000	1,755.890000	1,758.680000	1,758.500000	1,754.440000	1,761.120000	1,769.790000	1,772.030000	1,775.370000	1,780.250000
Kuwaiti Dinar	0.431293	0.431278	0.430836	0.430684	0.430063	0.430747	NA	0.428929	0.429387	0.427400	0.427736
Libyan Dinar	1.932400	1.932400	1.932400	1.932400	1.932400	1.932400	1.932400	1.932400	1.932400	1.932400	1.932400
Malaysian Ringgit	4.908220	4.884310	4.888370	4.881760	4.862610	4.878910	4.917870	4.882670	4.919900	4.897860	4.912030
Mauritian Rupee	45.492800	45.518500	45.384800	45.308900	45.278000	45.349200	45.375300	45.144300	45.215500	45.036500	45.186500
Mexican Peso	21.204900	21.140700	20.986900	21.000600	21.004700	21.264000	21.242200	NA	21.313000	21.421800	21.241600
Nepalese Rupee	130.465000	128.962000	127.523000	127.774000	127.861000	128.142000	128.974000	128.981000	130.000000	131.209000	131.863000
New Zealand Dollar	2.002050	2.004030	1.998010	1.995310	1.992230	1.996430	2.016410	1.999380	2.028340	2.030370	2.047550
Norwegian Krone	9.001310	8.968690	8.949510	8.963460	8.940630	8.921800	8.932560	9.004630	9.053790	9.184340	9.168340
Rial Omani	0.599974	0.599948	0.598688	0.598258	0.597721	0.598670	0.598774	0.595713	0.595061	0.590818	0.590856
Pakistani Rupee	138.194000	138.751000	138.459000	138.360000	138.891000	139.085000	138.496000	138.012000	137.950000	137.177000	137.897000
Nuevo Sol	4.211500	4.208220	4.199370	4.196370	4.191040	NA	4.196870	NA	4.172390	4.142620	4.141370
Philippine Peso	NA	67.590900	67.351900	67.373600	67.450000	67.449500	67.448600	67.376800	67.415900	67.403600	67.784700
Polish Zloty	5.211730	5.185780	5.181240	5.201340	5.178180	5.194020	5.275260	5.285800	5.352770	5.374490	5.388540
Qatar Riyal	5.679850	5.679620	5.667680	5.663640	5.658540	5.667520	5.668480	5.639520	5.633360	5.593150	5.593530
Russian Ruble	48.135900	48.073900	48.123400	48.393800	48.428000	48.626800	49.161800	48.669400	49.013800	48.810300	49.013600
Saudi Arabian Riyal	5.851480	5.851270	5.838940	5.834780	5.829510	5.838800	5.839790	5.809930	5.803590	5.762190	5.762560
Singapore Dollar	2.004020	2.005500	1.997850	1.999230	1.994170	2.003720	2.023680	2.005280	2.012530	2.006010	2.013670
South African Rand	12.628200	12.511900	12.453900	12.536600	12.553100	12.591900	12.777300	12.759600	12.753000	12.862300	12.894600
Sri Lanka Rupee	177.728000	177.722000	177.348000	177.222000	177.062000	177.343000	177.370000	176.467000	176.271000	175.018000	175.029000
Swedish Krona	10.604600	10.544100	10.491700	10.536400	10.441700	10.463700	10.588500	10.527600	10.615100	10.716700	10.719800
Swiss Franc	1.419960	1.428640	1.435290	1.437070	1.442770	1.438370	1.433320	1.441180	1.446720	1.455910	1.450630
Thai Baht	48.275600	48.134800	NA	48.041100	47.872100	47.895200	NA	NA	48.265800	48.016700	48.207400
Trinidad And Tobago Dollar	9.986820	10.014900	9.991410	9.965520	9.923390	9.931280	9.945500	9.921030	9.912870	9.853670	9.850470
Tunisian Dinar	2.296430	NA	2.279060	2.279760	2.284240	NA	2.287640	2.280750	2.281040	NA	NA
U.A.E. Dirham	5.730560	5.730330	5.718270	5.714190	5.709030	5.718110	5.719090	5.689870	5.683660	5.643090	5.643470
Peso Uruguayo	30.930200	30.738700	30.831200	NA	30.935300	30.986100	30.935300	30.947700	30.952500	30.943700	30.895100
Bolivar Fuerte	6.692990	6.692770	6.678690	6.673870	6.667910	6.678510	6.679630	6.645490	6.638210	6.590870	6.591310

Currency units per SDR for December 2011 Continued

Currency	December 16, 2011	December 19, 2011	December 20, 2011	December 21, 2011	December 22, 2011	December 23, 2011	December 27, 2011	December 28, 2011	December 29, 2011	December 30, 2011
Chinese Yuan	9.748870	9.736250	9.766860	9.760000	9.747540	9.745260	9.740700	9.740700	9.665570	9.673520
Euro	1.177920	1.179570	1.179210	1.182120	1.181140	1.180780	1.180210	1.179880	1.187370	1.186540
Japanese Yen	119.845000	119.798000	120.268000	120.164000	120.386000	NA	120.185000	120.028000	119.004000	119.321000
U.K. Pound Sterling	0.991012	0.992024	0.986057	0.984271	0.982424	0.983381	NA	0.984349	0.995639	0.992989
U.S. Dollar	1.538840	1.538040	1.541700	1.543140	1.541040	1.541750	1.542410	1.542570	1.530400	1.535270
Algerian Dinar	NA	114.723000	114.654000	115.598000	115.534000	115.703000	116.337000	116.805000	116.446000	116.711000
Australian Dollar	1.541150	1.552170	1.551320	1.522130	1.528500	1.515980	NA	1.518880	1.515090	1.511680
Bahrain Dinar	0.578603	0.578302	0.579680	0.580221	0.579428	0.579697	0.579949	0.580009	0.575430	0.577261
Botswana Pula	11.693300	11.740800	11.653100	11.593800	11.552000	11.566000	NA	11.537600	11.532800	11.491500
Brazilian Real	NA	2.856290	2.862170	2.857890	2.856780	2.863180	2.862570	2.867330	NA	NA
Brunei Dollar	2.005560	2.010070	2.014390	1.996510	1.996100	1.990550	1.997890	2.002720	1.990430	1.996920
Canadian Dollar	1.598540	1.594020	1.585640	1.587270	1.574010	1.573810	NA	1.578670	1.562540	NA
Chilean Peso	798.748000	795.615000	802.150000	800.365000	805.373000	802.034000	802.890000	804.887000	798.467000	800.583000
Colombian Peso	2,980.660000	2,977.090000	2,989.970000	2,981.470000	2,983.020000	2,972.040000	2,962.880000	2,961.990000	2,966.710000	2,982.560000
Czech Koruna	NA	29.836400	30.060200	30.291800	30.272100	30.483400	30.427200	30.478100	30.761000	30.613200
Danish Krone	8.756110	8.766390	8.766010	8.787730	8.780170	8.777780	8.772470	8.773390	8.827220	8.820990
Hungarian Forint	354.825000	358.455000	356.565000	353.472000	360.726000	361.817000	362.020000	362.088000	367.540000	369.508000
Icelandic Krona	187.984000	188.395000	188.597000	188.124000	188.947000	188.848000	188.699000	188.826000	188.836000	188.392000
Indian Rupee	81.265800	81.454500	NA	81.292200	81.335900	81.281000	81.578000	82.080200	81.662000	81.783500
Indonesian Rupiah	13,903.400000	13,977.700000	14,052.600000	14,050.300000	13,981.800000	13,898.800000	14,020.500000	14,137.700000	14,018.400000	13,921.800000
Iranian Rial	NA	16,929.200000	16,966.500000	17,020.800000	17,036.200000	NA	17,151.700000	17,199.700000	17,086.900000	NA
Israeli New Sheqel	5.835260	5.839930	5.832260	5.825330	5.831280	5.832430	5.822620	5.855620	5.841530	5.866240
Kazakhstani Tenge	227.871000	227.753000	228.295000	228.801000	227.811000	228.163000	228.401000	228.702000	226.927000	227.281000
Korean Won	1,787.200000	1,778.740000	1,803.020000	1,801.000000	1,773.580000	1,782.570000	1,773.780000	1,783.830000	1,771.280000	1,770.620000
Kuwaiti Dinar	0.428335	0.428036	0.428903	0.428530	0.428409	0.428605	0.428791	0.428682	0.426292	NA
Libyan Dinar	1.932400	1.932400	1.932400	1.932400	1.932400	1.932400	1.932400	1.932400	1.932400	1.932400
Malaysian Ringgit	4.888880	4.887130	4.917270	4.890980	4.895550	4.865750	4.873270	4.893040	4.862370	4.877550
Mauritian Rupee	45.318400	45.297000	45.329700	45.285300	45.182000	45.211400	45.251900	45.180200	44.836200	45.023500
Mexican Peso	21.305200	21.308300	21.232300	21.376500	21.292400	21.301300	21.541000	21.581200	21.393000	NA
Nepalese Rupee	132.448000	129.688000	130.582000	130.796000	129.755000	129.892000	130.334000	130.625000	130.619000	131.096000
New Zealand Dollar	2.041980	2.013930	2.039560	2.010080	2.000310	1.991150	NA	NA	NA	NA
Norwegian Krone	9.165900	9.138760	9.089420	9.163800	9.170360	9.188810	9.199120	9.201920	9.230630	9.200390
Rial Omani	0.591681	0.591377	0.592786	0.593338	0.592529	0.592800	0.593060	0.593120	0.588440	0.590308
Pakistani Rupee	137.663000	138.083000	138.471000	138.817000	138.490000	137.500000	138.104000	138.737000	137.668000	138.125000
Nuevo Sol	4.147160	NA	4.153360	4.157210	4.150010	NA	4.155260	4.157240	4.124430	NA
Philippine Peso	68.074900	67.496900	67.779600	67.813200	67.311100	67.349600	67.138400	67.450400	67.227300	NA
Polish Zloty	5.322210	5.301640	5.264600	5.214720	5.229200	5.238870	5.211510	5.184280	5.222640	5.246620
Qatar Riyal	5.601360	5.598480	5.611800	5.617030	5.609370	5.611960	5.614380	5.614980	5.570660	5.588370
Russian Ruble	48.889000	49.266900	49.414400	49.017000	48.640300	48.191100	47.945500	48.688800	49.002800	49.429600
Saudi Arabian Riyal	5.770640	5.767640	5.781380	5.786770	5.778880	5.781550	5.784060	5.784660	5.738980	5.757250
Singapore Dollar	2.005560	2.010070	2.014390	1.996510	1.996100	1.990550	1.997890	2.002720	1.990430	1.996920
South African Rand	NA	12.881200	12.777700	12.605600	12.550000	12.613800	NA	12.512100	12.506200	12.501500
Sri Lanka Rupee	175.273000	175.183000	175.600000	175.763000	175.522000	175.605000	175.681000	175.699000	174.312000	174.869000
Swedish Krona	10.712300	10.635400	10.654100	10.521100	10.562300	10.567400	10.558400	10.555400	10.599400	10.629300
Swiss Franc	1.446040	1.440370	1.435630	1.438670	1.442260	1.442920	1.440150	1.438760	1.447140	1.444530
Thai Baht	48.233200	48.117600	48.247600	48.184400	48.280700	48.238100	48.456400	48.634300	48.550300	48.672500
Trinidad And Tobago Dollar	9.877520	9.836230	9.897560	9.882110	9.878400	9.888460	NA	NA	9.827620	9.849690
Tunisian Dinar	2.298100	2.292140	2.296830	2.281530	2.281040	2.289650	2.293260	2.293650	2.285340	2.304280
U.A.E. Dirham	5.651380	5.648440	5.661910	5.667170	5.659470	5.662070	5.664500	5.665110	5.620380	5.638250
Peso Uruguayo	30.812100	NA	30.841800	30.862800	NA	NA	30.839100	30.942500	30.660000	NA
Bolivar Fuerte	6.600530	6.597130	6.612840	6.618970	6.609950	6.613010	6.615900	6.616560	6.564350	6.585230

Notes:


The value of the U.S. dollar in terms of the SDR is the reciprocal of the sum of the dollar values, based on market exchange rates, of specified quantities of the SDR basket currencies. See SDR Valuation.

These rates are the official rates used by the Fund to conduct operations with member countries. The rates are derived from the currency's representative exchange rate, as reported by the central bank, normally against the U.S. dollar at spot market rates and rounded to six significant digits. See Representative Exchange Rates for Selected Currencies.

The value in terms of each national currency of the SDR (shown above) is the reciprocal of the value in terms of the SDR of each national currency, rounded to six significant digits.

Exchange rates are published daily except on IMF holidays or whenever the IMF is closed for business.
