Currency units per SDR for November 2011
Currency	November 01, 2011	November 02, 2011	November 03, 2011	November 04, 2011	November 07, 2011	November 08, 2011	November 09, 2011	November 10, 2011	November 11, 2011	November 14, 2011	November 15, 2011
Chinese Yuan	9.937390	9.971580	9.965020	9.968800	9.954610	9.963930	9.922210	9.927230	9.939170	9.951540	9.933940
Euro	1.152170	1.140820	1.144840	1.145880	1.145970	1.142590	1.151460	1.151270	1.149990	1.150960	1.157240
Japanese Yen	122.622000	123.067000	NA	123.259000	123.054000	122.960000	121.769000	121.941000	121.734000	121.256000	120.736000
U.K. Pound Sterling	0.987274	0.985154	0.984446	0.984911	0.980931	0.981191	0.983091	0.985212	0.985892	0.986077	0.987001
U.S. Dollar	1.570070	1.575360	1.576790	1.578220	1.574790	1.575400	1.569790	1.567570	1.569740	1.572090	1.565970
Algerian Dinar	NA	115.702000	115.823000	115.771000	NA	NA	115.702000	115.600000	115.715000	115.866000	115.699000
Australian Dollar	1.501740	1.521350	1.538480	1.520000	1.518750	1.525810	1.515980	1.545010	1.545020	1.526750	1.539950
Bahrain Dinar	0.590343	0.592336	0.592874	0.593408	0.592122	0.592350	0.590242	0.589407	0.590225	0.591107	0.588807
Botswana Pula	11.673400	11.532600	11.409500	11.403300	11.494800	11.440800	11.483500	11.509300	11.474700	11.508800	11.617000
Brazilian Real	2.754370	NA	2.727050	2.739790	2.769420	2.755850	2.757810	2.764570	2.759290	2.770820	2.760030
Brunei Dollar	1.976240	2.005590	2.017180	2.000550	NA	2.000920	1.992850	2.026870	2.023240	2.013540	2.016660
Canadian Dollar	1.601150	1.595210	1.596810	1.606630	1.601880	1.597460	1.596950	1.597360	NA	1.600080	1.602770
Chilean Peso	NA	772.386000	790.745000	785.133000	NA	NA	780.860000	784.098000	786.188000	785.515000	785.102000
Colombian Peso	2,937.890000	2,979.600000	2,979.600000	3,008.690000	3,016.860000	3,018.030000	2,996.280000	3,006.120000	3,003.940000	3,008.440000	2,996.720000
Czech Koruna	28.848400	28.693600	28.527300	28.638400	28.639200	28.762200	29.292400	29.359100	29.556700	29.626100	29.828700
Danish Krone	8.573830	8.488820	8.518900	8.528350	8.530310	8.506080	8.572140	8.567730	8.558570	8.566630	8.612970
Hungarian Forint	NA	351.620000	350.220000	346.198000	352.785000	352.529000	355.793000	356.075000	359.659000	362.054000	365.545000
Icelandic Krona	181.515000	181.198000	180.952000	180.548000	181.227000	180.699000	181.970000	183.108000	183.048000	182.237000	183.798000
Indian Rupee	77.058800	77.586100	77.845800	77.458700	NA	77.793200	78.144500	NA	78.926600	78.730200	79.175300
Indonesian Rupiah	13,962.600000	14,138.900000	14,164.300000	14,144.000000	14,078.600000	14,073.100000	13,963.300000	14,069.000000	14,135.500000	14,078.100000	14,085.900000
Iranian Rial	17,039.900000	17,092.600000	17,108.100000	NA	NA	17,055.300000	16,985.100000	17,031.700000	NA	17,002.200000	NA
Israeli New Sheqel	5.730720	5.751620	5.778910	5.784160	5.798380	5.788040	5.827060	5.836080	5.841020	5.852920	5.844190
Kazakhstani Tenge	232.009000	233.137000	233.428000	233.434000	232.975000	233.113000	232.298000	231.860000	232.447000	232.874000	231.983000
Korean Won	1,735.240000	1,754.790000	1,775.780000	1,785.750000	1,752.110000	1,756.570000	1,752.360000	1,748.940000	1,780.560000	1,772.220000	1,754.830000
Kuwaiti Dinar	0.431375	0.433617	0.434169	0.434562	NA	NA	0.431222	0.432494	0.433092	0.432247	0.431660
Libyan Dinar	1.932400	1.932400	1.932400	1.932400	1.932400	1.932400	1.932400	1.932400	1.932400	1.932400	1.932400
Malaysian Ringgit	4.861710	4.926930	4.962140	4.927980	NA	4.924700	4.882840	4.940200	4.943130	4.923000	4.921840
Mauritian Rupee	NA	NA	45.473400	45.667300	45.599600	45.613400	45.375600	45.430000	45.549200	45.724900	45.470900
Mexican Peso	21.397100	NA	21.149100	21.258300	21.181500	21.087100	21.231700	21.259700	21.060400	21.242500	21.245900
Nepalese Rupee	122.434000	122.847000	124.156000	124.679000	123.700000	123.748000	123.998000	124.967000	125.972000	126.082000	125.575000
New Zealand Dollar	1.945070	1.980590	2.000490	1.986430	1.975900	1.977160	1.966170	2.008170	2.019480	1.985970	2.006370
Norwegian Krone	8.938550	8.850970	8.839310	8.896560	8.878390	8.826510	8.940630	8.913210	8.914720	8.924430	9.026410
Rial Omani	0.603690	0.605727	0.606274	0.606826	0.605506	0.605741	0.603584	0.602733	0.603566	0.604471	0.602116
Pakistani Rupee	135.547000	135.579000	135.764000	135.954000	NA	NA	NA	135.270000	135.967000	136.289000	135.749000
Nuevo Sol	NA	4.269220	4.268360	4.270660	4.256660	4.256730	4.247850	4.243420	4.241440	4.250940	4.237520
Philippine Peso	NA	67.123100	67.560700	67.825600	NA	67.674600	NA	67.421300	67.984200	68.074900	67.678200
Polish Zloty	NA	5.055790	5.014190	4.953240	5.025630	4.991040	5.011550	5.049610	NA	5.051450	5.093490
Qatar Riyal	5.715040	5.734310	5.739510	5.744720	5.732240	5.734470	5.714060	5.705970	5.713860	5.722430	5.700150
Russian Ruble	48.114400	48.336700	48.634100	NA	48.140300	48.052000	47.255900	48.352400	47.921400	47.622000	48.012800
Saudi Arabian Riyal	5.887760	5.907580	5.912960	5.918320	5.905450	5.907760	5.886720	5.878410	5.886540	5.895360	5.872400
Singapore Dollar	1.976240	2.005590	2.017180	2.000550	NA	2.000920	1.992850	2.026870	2.023240	2.013540	2.016660
South African Rand	12.782500	12.586000	12.439900	12.327500	12.571800	12.500800	NA	12.551800	12.470500	12.557800	12.728000
Sri Lanka Rupee	173.015000	173.604000	173.759000	173.917000	NA	173.588000	172.991000	NA	172.986000	173.245000	172.570000
Swedish Krona	10.360200	10.380500	10.476200	10.389900	10.440700	10.362700	10.288400	10.515600	10.452300	10.411400	10.517400
Swiss Franc	1.400030	1.391040	1.388200	1.393720	1.412430	1.414080	1.418780	1.418970	1.423760	1.419760	1.435680
Thai Baht	48.397300	48.582600	48.651900	48.381900	48.322500	48.382100	48.125000	48.295400	48.384200	48.382800	48.230400
Trinidad And Tobago Dollar	10.037100	10.058500	10.088000	10.109600	10.086400	10.074900	10.050300	10.029200	10.041600	10.053500	10.030100
Tunisian Dinar	2.217090	2.264890	2.254180	2.263480	2.250850	NA	2.243080	2.248050	2.261060	2.262090	2.249670
U.A.E. Dirham	5.766080	5.785500	5.790760	5.795990	5.783420	5.785660	5.765050	5.756920	5.764880	5.773510	5.751030
Peso Uruguayo	31.019800	NA	31.026400	31.179300	31.105300	31.019700	31.014400	30.920400	30.809300	31.008000	31.001500
Bolivar Fuerte	6.734510	6.757170	6.763290	6.769470	6.754750	6.757400	6.733330	6.723770	6.733100	6.743180	6.716910

Currency units per SDR for November 2011 Continued

Currency	November 16, 2011	November 17, 2011	November 18, 2011	November 21, 2011	November 22, 2011	November 23, 2011	November 28, 2011	November 29, 2011	November 30, 2011
Chinese Yuan	9.920240	9.925160	9.972080	9.909720	9.942430	9.881620	9.881230	9.884650	9.849600
Euro	1.158430	1.158540	1.155880	1.159190	1.155810	1.162480	1.164240	1.165650	1.156320
Japanese Yen	120.416000	120.314000	120.783000	119.858000	120.411000	NA	120.639000	121.563000	121.099000
U.K. Pound Sterling	0.990442	0.991749	0.988045	0.996324	0.999291	0.998662	0.997835	0.995144	0.994075
U.S. Dollar	1.562020	1.561710	1.569220	1.560040	1.564390	1.556210	1.554020	1.554510	1.551560
Algerian Dinar	115.586000	115.502000	116.068000	115.556000	115.711000	115.505000	115.134000	115.270000	114.778000
Australian Dollar	1.548700	1.546250	1.569690	1.563320	1.589500	1.592680	1.579770	1.565160	1.548310
Bahrain Dinar	0.587320	0.587203	0.590026	0.586576	0.588211	0.585134	0.584314	0.584498	0.583386
Botswana Pula	11.622200	11.663300	11.658400	11.747300	11.842400	11.870400	11.772900	11.758800	11.709900
Brazilian Real	2.781970	2.786410	2.777830	2.818060	2.815580	2.857820	NA	2.874920	NA
Brunei Dollar	2.025790	2.019290	2.033240	2.027110	2.038710	2.031630	2.028460	2.019780	2.010200
Canadian Dollar	1.594200	1.597010	1.610330	1.620100	1.621960	1.630910	1.604840	1.600530	1.582120
Chilean Peso	791.929000	799.067000	802.015000	795.792000	810.287000	806.055000	818.706000	810.012000	813.405000
Colombian Peso	2,991.920000	2,986.300000	2,998.510000	2,991.300000	3,016.870000	2,996.310000	3,027.980000	3,025.520000	3,052.200000
Czech Koruna	29.641000	NA	29.446400	29.659500	29.452700	29.804500	29.974000	29.773600	29.228200
Danish Krone	8.621580	8.622700	8.602740	8.627310	8.601630	8.647380	8.658980	8.669870	8.599640
Hungarian Forint	361.296000	363.926000	358.221000	354.503000	353.238000	355.470000	359.150000	360.507000	364.057000
Icelandic Krona	183.554000	184.079000	184.540000	184.709000	184.582000	185.422000	185.581000	185.251000	186.373000
Indian Rupee	79.507100	79.209800	80.579500	80.685500	82.442900	81.078700	80.778100	80.725900	80.944800
Indonesian Rupiah	14,105.100000	14,117.900000	14,209.300000	14,149.600000	14,134.200000	14,060.300000	14,141.600000	14,278.200000	14,227.800000
Iranian Rial	17,019.800000	17,014.800000	NA	16,973.200000	17,020.500000	16,934.700000	16,907.700000	16,866.500000	16,842.100000
Israeli New Sheqel	5.820110	5.822080	5.854770	5.836110	5.838290	5.852920	5.905280	5.877620	5.885050
Kazakhstani Tenge	231.523000	231.258000	232.260000	230.917000	231.451000	229.650000	228.798000	229.259000	229.196000
Korean Won	1,759.150000	1,771.760000	1,785.140000	1,772.830000	1,782.780000	1,784.350000	1,802.510000	1,795.310000	1,784.750000
Kuwaiti Dinar	0.431509	0.431423	0.433497	0.430493	0.432161	0.429902	0.430619	0.430600	0.429780
Libyan Dinar	1.932400	1.932400	1.932400	1.932400	1.932400	1.932400	1.932400	1.932400	1.932400
Malaysian Ringgit	4.945060	4.933450	4.960610	4.949220	4.987260	4.952630	NA	4.948800	4.922300
Mauritian Rupee	45.481800	45.584900	45.806200	45.514300	45.581100	45.321500	45.528800	45.538600	45.423800
Mexican Peso	21.219600	21.297800	NA	NA	21.872000	21.987800	21.809700	21.691400	21.116700
Nepalese Rupee	126.586000	126.748000	127.483000	128.126000	129.844000	130.566000	129.916000	129.242000	129.183000
New Zealand Dollar	2.024920	2.039850	2.067750	2.061090	2.093950	2.082440	2.075070	2.057330	2.038840
Norwegian Krone	9.027550	9.060430	9.038980	9.088680	9.044210	9.088930	9.122420	9.149720	8.965070
Rial Omani	0.600597	0.600478	0.603366	0.599837	0.601507	0.598362	0.597521	0.597711	0.596573
Pakistani Rupee	135.557000	135.927000	136.530000	136.093000	136.499000	136.149000	136.795000	136.782000	137.119000
Nuevo Sol	4.219040	4.216620	4.235310	4.213670	4.225420	NA	4.208290	4.204970	4.187660
Philippine Peso	67.742000	67.879900	68.179300	67.683700	67.864700	67.343200	68.089300	68.103200	NA
Polish Zloty	5.095490	5.148190	5.134160	5.145650	5.143720	5.165210	5.237820	5.273540	5.313780
Qatar Riyal	5.685760	5.684630	5.711970	5.678560	5.694370	5.664600	5.656620	5.658440	5.647680
Russian Ruble	48.175600	47.997100	48.518700	48.313400	48.591800	48.574300	48.814500	48.689800	48.718900
Saudi Arabian Riyal	5.857580	5.856410	5.884570	5.850140	5.866440	5.835770	5.827570	5.829440	5.818350
Singapore Dollar	2.025790	2.019290	2.033240	2.027110	2.038710	2.031630	2.028460	2.019780	2.010200
South African Rand	12.726700	12.875200	12.787800	12.971400	13.054700	13.195100	13.005400	12.968500	12.922500
Sri Lanka Rupee	172.129000	172.096000	172.928000	172.153000	172.705000	177.246000	177.003000	177.058000	176.722000
Swedish Krona	10.574600	10.615400	10.656600	10.611700	10.625900	10.671200	10.812400	10.792200	10.745900
Swiss Franc	1.434560	1.439120	1.429240	1.435550	1.426250	1.428910	1.429850	1.426890	1.430070
Thai Baht	48.191600	48.202300	48.627000	48.440900	48.785500	48.630100	48.662500	48.690500	48.425700
Trinidad And Tobago Dollar	10.010700	10.006700	10.063700	9.994900	9.989210	9.929700	9.945700	9.933840	9.937100
Tunisian Dinar	2.260250	2.267600	2.281800	2.261280	2.277120	2.260080	2.293120	2.283890	NA
U.A.E. Dirham	5.736540	5.735390	5.762960	5.729250	5.745210	5.715170	5.707140	5.708940	5.698100
Peso Uruguayo	30.984300	31.115500	31.227500	31.274100	31.406600	NA	31.137900	31.012600	30.809200
Bolivar Fuerte	6.699990	6.698640	6.730830	6.691470	6.710100	6.675030	6.665640	6.667780	6.655090

Notes:


The value of the U.S. dollar in terms of the SDR is the reciprocal of the sum of the dollar values, based on market exchange rates, of specified quantities of the SDR basket currencies. See SDR Valuation.

These rates are the official rates used by the Fund to conduct operations with member countries. The rates are derived from the currency's representative exchange rate, as reported by the central bank, normally against the U.S. dollar at spot market rates and rounded to six significant digits. See Representative Exchange Rates for Selected Currencies.

The value in terms of each national currency of the SDR (shown above) is the reciprocal of the value in terms of the SDR of each national currency, rounded to six significant digits.

Exchange rates are published daily except on IMF holidays or whenever the IMF is closed for business.
