Currency units per SDR for June 2012
Currency	June 01, 2012	June 04, 2012	June 05, 2012	June 06, 2012	June 07, 2012	June 08, 2012	June 11, 2012	June 12, 2012	June 13, 2012	June 14, 2012	June 15, 2012
Chinese Yuan	9.535430	9.578360	9.550100	9.573500	9.583870	9.546720	9.578540	9.578820	9.583870	9.584240	9.587910
Euro	1.222370	1.217130	1.215300	1.212120	1.204570	1.211770	1.208810	1.211520	1.208500	1.208440	1.206530
Japanese Yen	118.448000	118.329000	118.347000	119.250000	120.386000	120.339000	120.746000	119.924000	120.633000	120.472000	120.789000
U.K. Pound Sterling	0.983101	NA	NA	0.977221	0.979000	0.979537	0.975572	0.974649	0.973293	0.976820	0.978148
U.S. Dollar	1.506200	1.513740	1.510500	1.513330	1.517150	1.510840	1.516330	1.513430	1.514730	1.516710	1.519750
Algerian Dinar	116.718000	116.744000	116.598000	116.696000	116.687000	116.742000	117.168000	117.183000	117.238000	117.476000	118.304000
Australian Dollar	1.552790	1.564590	1.542270	1.539660	1.522940	1.533540	NA	1.529030	1.522960	1.523410	1.517470
Bahrain Dinar	0.566332	0.569165	0.567946	0.569013	0.570447	0.568075	0.570142	0.569048	0.569541	0.570281	0.571425
Botswana Pula	11.935100	11.881800	11.810000	11.804500	11.697400	11.831200	11.754500	11.796000	11.778600	11.812400	11.790100
Brazilian Real	3.045990	3.080460	3.082930	3.066920	3.062060	3.049330	3.086200	3.079530	3.114900	3.125020	3.144510
Brunei Dollar	1.939540	1.952120	1.943100	1.937820	1.935430	1.937350	1.936060	1.941880	1.941740	1.943510	1.939800
Canadian Dollar	1.563440	1.577010	1.573030	1.558280	1.554170	1.561000	1.559250	1.553990	1.555630	1.554170	1.556830
Chilean Peso	782.760000	786.541000	778.780000	775.536000	771.135000	758.047000	764.357000	759.515000	763.470000	761.493000	761.911000
Colombian Peso	2,762.070000	2,777.270000	2,742.360000	NA	NA	2,669.520000	NA	2,688.240000	2,690.880000	2,704.970000	2,716.740000
Czech Koruna	31.517300	31.323800	31.258200	30.983900	30.503800	30.881500	30.704200	31.113100	30.908200	30.857400	30.878200
Danish Krone	9.082980	9.043720	NA	9.008850	8.954070	9.005840	8.985050	9.004470	8.981340	8.980130	8.966040
Hungarian Forint	371.430000	371.124000	368.683000	362.670000	359.216000	361.152000	355.187000	359.106000	359.234000	359.414000	355.848000
Icelandic Krona	197.192000	196.438000	196.062000	195.462000	195.257000	196.017000	195.440000	195.853000	195.734000	194.108000	192.461000
Indian Rupee	84.226800	84.042800	83.922900	83.989900	83.670800	83.640000	83.762600	84.827700	84.598100	84.617400	84.740700
Indonesian Rupiah	14,057.400000	14,324.500000	14,293.800000	14,323.700000	14,223.300000	14,251.800000	14,303.600000	14,298.900000	14,321.800000	14,360.200000	14,388.900000
Iranian Rial	NA	NA	18,518.700000	18,553.400000	18,600.300000	NA	18,590.300000	18,554.600000	18,570.600000	18,594.800000	NA
Israeli New Sheqel	5.896780	5.891470	5.884880	5.882320	5.872890	5.865070	5.859120	5.885710	5.880210	5.886330	5.876860
Kazakhstani Tenge	223.009000	224.064000	224.701000	225.229000	225.889000	224.571000	225.388000	225.047000	225.438000	225.838000	226.381000
Korean Won	1,779.730000	1,786.670000	1,785.110000	NA	1,787.810000	1,768.740000	1,778.660000	1,766.170000	1,773.000000	1,771.210000	1,773.240000
Kuwaiti Dinar	0.422792	0.424755	0.423166	0.424112	0.425029	NA	NA	0.424290	0.424655	0.424677	0.425528
Libyan Dinar	1.932400	1.932400	1.932400	1.932400	1.932400	1.932400	1.932400	1.932400	1.932400	1.932400	1.932400
Malaysian Ringgit	4.796510	4.840930	4.823760	4.807090	4.804830	4.807510	4.798440	4.814220	4.819110	4.827680	4.814540
Mauritian Rupee	45.057200	45.343700	45.221700	45.355400	45.416800	45.211600	45.412200	45.511600	45.764900	46.017200	46.267000
Mexican Peso	21.681600	21.562100	21.497200	21.355500	NA	21.204800	21.171800	21.197100	21.160800	21.230000	NA
Nepalese Rupee	135.363000	134.496000	134.072000	134.883000	134.404000	132.954000	134.484000	134.998000	135.417000	134.835000	135.592000
New Zealand Dollar	2.000540	NA	1.995370	1.997530	1.970330	1.966730	1.951020	1.971380	1.946460	1.955530	1.940930
Norwegian Krone	9.258740	9.253780	9.229600	9.219990	9.140850	9.208870	9.133750	9.142770	9.077620	9.071690	9.077870
Rial Omani	0.579136	0.582032	0.580788	0.581876	0.583345	0.580919	0.583029	0.581913	0.582415	0.583175	0.584341
Pakistani Rupee	141.263000	142.186000	141.829000	142.358000	143.099000	142.221000	143.067000	142.675000	143.074000	143.214000	143.362000
Nuevo Sol	4.077290	4.091640	4.079850	4.058750	4.056860	4.053590	4.065290	4.062050	4.054940	4.051130	NA
Philippine Peso	65.715500	65.912600	65.675000	65.662000	65.684900	65.150400	65.561700	NA	65.139800	64.886200	64.695600
Polish Zloty	5.388740	5.363340	5.340970	5.251710	NA	5.222370	5.166460	5.229200	5.239610	5.220510	5.162730
Qatar Riyal	5.482580	5.510010	5.498220	5.508520	5.522420	5.499460	5.519460	5.508880	5.513620	5.520810	5.531860
Russian Ruble	50.816900	51.527000	50.148700	49.620400	48.840500	49.458700	NA	NA	49.582000	49.409100	49.231500
Saudi Arabian Riyal	5.648250	5.676530	5.664370	5.674980	5.689320	5.665660	5.686240	5.675370	5.680240	5.687670	5.699040
Singapore Dollar	1.939540	1.952120	1.943100	1.937820	1.935430	1.937350	1.936060	1.941880	1.941740	1.943510	1.939800
South African Rand	13.091400	12.913400	12.773600	12.724200	12.528800	12.798100	12.660500	12.731700	12.732900	12.788300	12.741300
Sri Lanka Rupee	198.976000	NA	199.060000	197.999000	197.487000	196.634000	197.710000	198.568000	200.437000	200.217000	200.688000
Swedish Krona	10.972700	10.975800	10.884300	NA	10.886300	10.857500	10.724600	10.711600	10.700700	10.669000	10.640000
Swiss Franc	1.467490	1.461510	1.458380	1.453860	1.449790	1.456000	1.448400	1.452740	1.451420	1.448300	1.446800
Thai Baht	47.957500	NA	47.715200	47.639700	47.731100	48.014600	47.866100	47.924200	47.871600	47.865700	47.896400
Trinidad And Tobago Dollar	9.632800	9.708170	9.638460	9.679140	9.717980	NA	9.705720	9.691430	9.700920	9.709400	9.733020
Tunisian Dinar	NA	2.458310	2.438700	NA	2.440640	NA	2.448120	2.413310	2.430540	2.427040	2.423690
U.A.E. Dirham	5.531520	5.559200	5.547300	5.557720	5.571740	5.548560	5.568730	5.558060	5.562850	5.570100	5.581260
Peso Uruguayo	32.289900	32.440900	32.422800	32.740900	32.832600	32.708200	32.593600	32.546300	32.721200	32.820000	NA
Bolivar Fuerte	6.460570	6.492870	6.478990	NA	NA	6.480460	6.504020	6.491570	6.497130	6.505630	6.518650

Currency units per SDR for June 2012 Continued

Currency	June 18, 2012	June 19, 2012	June 20, 2012	June 21, 2012	June 22, 2012	June 25, 2012	June 26, 2012	June 27, 2012	June 28, 2012	June 29, 2012
Chinese Yuan	9.582120	9.582860	9.605130	9.593150	NA	9.561600	9.572310	9.563520	9.545450	9.598310
Euro	1.205310	1.205090	1.200040	1.201070	1.207930	1.210920	1.213900	1.213220	1.216460	1.205360
Japanese Yen	120.558000	120.105000	120.255000	121.162000	121.806000	121.429000	120.739000	120.201000	120.047000	120.342000
U.K. Pound Sterling	0.971978	0.970893	0.969180	0.968964	0.971223	0.972905	0.968373	0.969114	0.971883	0.972602
U.S. Dollar	1.520860	1.520700	1.524530	1.521750	1.514620	1.512190	1.514340	1.513860	1.510600	1.517550
Algerian Dinar	118.440000	118.233000	118.702000	118.709000	118.408000	118.448000	118.782000	119.294000	119.235000	119.465000
Australian Dollar	1.502820	1.501040	1.496100	1.497200	1.506040	1.507520	1.509210	1.504080	1.492990	1.489110
Bahrain Dinar	0.571844	0.571785	0.573224	0.572181	0.569499	0.568582	0.569392	0.569210	0.567985	0.570597
Botswana Pula	11.789600	11.688700	11.673300	11.696800	11.768600	11.832500	11.830800	11.790200	11.783200	11.610900
Brazilian Real	3.109090	3.137820	3.116140	3.088100	3.084220	3.108310	3.137420	3.140200	3.136620	3.172280
Brunei Dollar	1.929210	1.927490	1.934170	1.934300	1.935080	1.936060	1.939880	1.935320	1.926770	1.932900
Canadian Dollar	1.561310	1.547770	1.554100	1.559950	1.554000	1.558010	1.554480	1.552770	1.560900	1.546530
Chilean Peso	759.042000	761.464000	755.373000	755.795000	756.687000	761.980000	769.438000	770.315000	763.382000	773.539000
Colombian Peso	2,716.570000	2,716.290000	2,703.260000	2,694.080000	2,689.950000	2,582.020000	2,730.920000	2,732.730000	2,713.310000	2,740.090000
Czech Koruna	30.747200	30.716700	30.543900	30.845900	31.136100	31.255500	31.510500	31.436900	31.396400	30.898800
Danish Krone	8.958330	8.957840	8.920290	8.927540	8.980050	9.001310	9.023400	9.018680	9.042000	8.959930
Hungarian Forint	351.637000	349.625000	345.214000	342.531000	346.773000	347.758000	347.874000	346.629000	349.885000	347.716000
Icelandic Krona	190.426000	190.453000	190.078000	190.113000	190.872000	191.307000	191.368000	191.216000	191.544000	190.816000
Indian Rupee	84.559400	85.174500	85.160000	85.857500	86.318500	85.484000	86.423700	86.622800	85.983800	85.453300
Indonesian Rupiah	14,353.900000	14,352.400000	14,426.600000	14,415.600000	14,348.000000	14,335.600000	14,340.800000	14,343.800000	14,320.500000	14,386.400000
Iranian Rial	NA	NA	NA	18,656.700000	NA	18,539.500000	18,565.900000	18,559.900000	18,520.000000	NA
Israeli New Sheqel	5.864410	5.863830	5.892300	5.896780	5.914600	5.918700	5.964990	5.975210	5.954790	5.953340
Kazakhstani Tenge	226.486000	226.463000	226.971000	226.437000	225.663000	225.574000	225.970000	226.035000	225.563000	226.372000
Korean Won	1,770.280000	1,761.580000	1,765.710000	1,754.120000	1,741.970000	1,749.910000	1,757.850000	1,755.930000	1,747.920000	1,750.950000
Kuwaiti Dinar	0.424852	0.425340	0.425952	0.425405	0.423413	0.423792	0.424394	0.424259	0.423194	0.425141
Libyan Dinar	1.932400	1.932400	1.932400	1.932400	1.932400	1.932400	1.932400	1.932400	1.932400	1.932400
Malaysian Ringgit	4.787670	4.800860	4.813690	4.823210	4.831640	4.824650	4.838020	4.832250	4.818810	4.840220
Mauritian Rupee	46.408900	46.551500	46.827200	46.858200	46.672900	46.666200	46.796800	46.816000	46.781700	47.008200
Mexican Peso	21.163300	20.838600	20.925200	NA	NA	21.101400	20.991200	20.687200	20.624300	20.347900
Nepalese Rupee	134.748000	135.631000	136.674000	136.273000	136.740000	138.471000	137.654000	138.125000	138.039000	138.249000
New Zealand Dollar	1.919790	1.917660	1.914760	1.902190	1.922600	1.915860	1.923710	1.917010	1.906360	1.929250
Norwegian Krone	9.071120	9.058710	9.007550	9.003170	9.043230	9.079520	9.103650	9.127090	9.180040	9.079930
Rial Omani	0.584768	0.584710	0.586180	0.585114	NA	0.581436	0.582265	0.582079	0.580825	0.583499
Pakistani Rupee	143.267000	142.856000	143.439000	143.680000	142.969000	142.886000	143.051000	143.181000	142.920000	143.601000
Nuevo Sol	4.030280	4.014650	4.024740	4.034160	4.016770	4.019410	4.031190	4.026870	4.033300	NA
Philippine Peso	64.399000	64.114500	64.504500	64.122300	64.013900	64.256200	64.536900	64.343400	63.999600	64.166300
Polish Zloty	5.131520	5.157620	5.102740	5.115670	5.153500	5.157320	5.162090	5.149380	5.197670	5.142210
Qatar Riyal	5.535930	5.535350	5.549270	5.539180	5.513230	5.504360	5.512220	5.510460	5.498580	5.523890
Russian Ruble	48.867500	49.470700	49.572400	50.073900	50.768600	50.158200	50.235600	49.712700	49.761100	49.801300
Saudi Arabian Riyal	5.703210	5.702620	5.716960	5.706560	5.679820	5.670700	5.678790	5.676980	5.664760	5.690810
Singapore Dollar	1.929210	1.927490	1.934170	1.934300	1.935080	1.936060	1.939880	1.935320	1.926770	1.932900
South African Rand	12.698500	12.550000	12.512000	12.542400	12.653200	12.795900	12.842800	12.705400	12.726400	12.448100
Sri Lanka Rupee	200.439000	200.715000	201.970000	201.566000	201.235000	200.920000	201.321000	201.534000	202.362000	202.296000
Swedish Krona	10.596400	10.651000	10.638600	10.613800	NA	10.665500	10.688500	10.710100	10.637800	10.567000
Swiss Franc	1.446640	1.448010	1.442810	1.442010	1.448740	1.454880	1.455130	1.454970	1.459540	1.449870
Thai Baht	47.834100	47.791100	47.978400	48.152900	48.174000	48.210200	48.186500	48.263500	48.127800	48.276300
Trinidad And Tobago Dollar	9.739280	9.718830	NA	9.728860	9.706480	9.682600	9.681760	9.709590	9.700170	9.747540
Tunisian Dinar	2.416490	2.413660	2.422320	2.407110	NA	NA	2.416140	2.416730	2.411220	2.428530
U.A.E. Dirham	5.585340	5.584780	5.598820	5.588620	5.562450	5.553520	5.561430	5.559660	5.547700	5.573200
Peso Uruguayo	32.922000	32.918700	32.969500	33.054000	32.914200	33.044400	33.308000	33.432100	33.382700	33.255500
Bolivar Fuerte	6.523410	6.522730	6.539150	6.527240	6.496670	6.486260	6.495490	6.493380	6.479410	6.509230

Notes:


The value of the U.S. dollar in terms of the SDR is the reciprocal of the sum of the dollar values, based on market exchange rates, of specified quantities of the SDR basket currencies. See SDR Valuation.

These rates are the official rates used by the Fund to conduct operations with member countries. The rates are derived from the currency's representative exchange rate, as reported by the central bank, normally against the U.S. dollar at spot market rates and rounded to six significant digits. See Representative Exchange Rates for Selected Currencies.

The value in terms of each national currency of the SDR (shown above) is the reciprocal of the value in terms of the SDR of each national currency, rounded to six significant digits.

Exchange rates are published daily except on IMF holidays or whenever the IMF is closed for business.
