Currency units per SDR for May 2012
Currency	May 01, 2012	May 02, 2012	May 03, 2012	May 04, 2012	May 07, 2012	May 08, 2012	May 09, 2012	May 10, 2012	May 11, 2012	May 14, 2012	May 15, 2012
Chinese Yuan	NA	9.688040	9.691430	9.696220	9.700730	9.683350	9.679890	9.681480	9.675860	9.671270	9.675480
Euro	NA	1.177280	1.177900	1.177230	1.184130	1.183760	1.189030	1.186780	1.187450	1.192680	1.193740
Japanese Yen	123.930000	124.057000	NA	NA	123.154000	123.347000	122.983000	122.593000	122.732000	122.777000	122.450000
U.K. Pound Sterling	0.957515	0.955603	0.955238	0.955283	NA	0.955119	0.954791	0.954271	0.954973	0.955137	0.955393
U.S. Dollar	1.552040	1.545880	1.545760	1.545930	1.543280	1.541840	1.539790	1.538190	1.537030	1.534140	1.533120
Algerian Dinar	NA	115.089000	115.113000	115.120000	115.150000	115.186000	115.221000	114.710000	114.667000	114.718000	114.582000
Australian Dollar	1.501150	1.494760	1.500010	1.505730	1.521070	1.512800	1.528480	1.522200	1.528930	1.532150	1.533890
Bahrain Dinar	0.583567	0.581250	0.581206	0.581270	0.580272	0.579734	0.578962	0.578359	0.577921	0.576838	0.576452
Botswana Pula	NA	11.333400	11.291200	11.333800	11.406300	11.429500	11.560000	NA	11.617700	11.675400	11.685400
Brazilian Real	2.936150	2.924500	2.959970	2.980090	2.964640	2.970820	2.981950	3.011300	3.009650	2.993570	3.045700
Brunei Dollar	NA	1.911020	1.919060	1.920200	NA	NA	NA	1.923960	1.923280	1.921970	1.926980
Canadian Dollar	1.527050	1.529030	1.525360	1.539130	1.533250	1.541380	1.542100	1.540800	1.532110	1.537060	1.537570
Chilean Peso	NA	749.552000	749.232000	745.323000	744.048000	745.390000	747.630000	753.972000	747.490000	748.357000	753.404000
Colombian Peso	2,737.800000	2,726.930000	2,720.730000	2,712.940000	2,711.910000	2,712.280000	2,710.950000	2,731.760000	2,712.860000	2,707.280000	2,715.160000
Czech Koruna	NA	29.308300	29.369400	29.454600	29.637100	NA	30.022800	29.857800	29.981300	30.290100	30.455400
Danish Krone	8.703670	8.757100	8.761090	NA	8.805920	8.803280	8.840400	8.822000	8.826670	8.865480	8.873670
Hungarian Forint	NA	333.539000	333.792000	335.405000	340.216000	340.315000	342.126000	344.184000	343.649000	348.650000	348.861000
Icelandic Krona	NA	194.147000	193.096000	191.742000	192.462000	192.376000	192.735000	193.227000	193.189000	194.130000	194.139000
Indian Rupee	NA	81.823700	82.296400	83.047500	82.318800	81.501600	82.317400	82.046600	82.446300	82.398800	82.543000
Indonesian Rupiah	14,267.900000	14,211.300000	14,214.800000	14,250.400000	14,236.700000	14,215.800000	14,204.500000	14,223.600000	14,109.900000	14,144.800000	14,204.300000
Iranian Rial	19,028.000000	NA	NA	NA	18,920.600000	18,903.000000	18,877.800000	18,858.200000	NA	18,808.600000	18,796.000000
Israeli New Sheqel	5.848090	5.852710	5.839890	5.845180	5.870650	5.862080	5.874300	5.878960	5.876060	5.875750	5.867240
Kazakhstani Tenge	NA	228.620000	228.865000	228.597000	228.328000	227.961000	227.796000	227.559000	227.280000	226.854000	226.901000
Korean Won	NA	1,749.320000	1,741.920000	1,746.900000	1,746.220000	1,756.000000	1,748.740000	NA	1,756.060000	1,756.900000	1,761.090000
Kuwaiti Dinar	0.430304	0.428750	0.429258	NA	0.429417	0.428710	0.428522	0.428154	NA	0.427489	0.427434
Libyan Dinar	1.932400	1.932400	1.932400	1.932400	1.932400	1.932400	1.932400	1.932400	1.932400	1.932400	1.932400
Malaysian Ringgit	NA	4.673200	4.686430	4.694990	4.724760	4.711090	4.724850	4.719920	4.722220	4.718250	4.729680
Mauritian Rupee	NA	44.849300	44.897400	44.920200	44.914100	44.950900	44.979800	44.981400	44.960200	44.935700	44.987300
Mexican Peso	NA	20.039100	20.052400	20.304900	20.318600	20.564200	20.810200	NA	20.739000	20.977700	21.050000
Nepalese Rupee	NA	129.900000	130.910000	131.992000	132.691000	130.517000	130.882000	132.069000	131.354000	131.629000	131.864000
New Zealand Dollar	1.896900	1.896780	1.914250	1.931210	1.948580	1.936260	1.958020	1.961720	1.961000	1.967100	1.973130
Norwegian Krone	NA	8.891420	8.881940	8.900990	8.956080	8.949750	8.992640	8.969170	9.002680	9.054200	9.094460
Rial Omani	NA	0.594389	0.594343	0.594410	0.593391	0.592839	0.592049	0.591433	0.590989	0.589877	0.589484
Pakistani Rupee	NA	140.626000	140.445000	140.328000	140.201000	140.016000	139.858000	139.718000	139.620000	139.394000	139.288000
Nuevo Sol	NA	4.073390	4.079270	4.085900	NA	4.073550	NA	NA	4.079270	4.086950	4.090360
Philippine Peso	NA	65.281000	65.178400	65.252400	65.178900	NA	65.159300	65.200500	65.245200	65.168700	65.352200
Polish Zloty	NA	4.883890	NA	4.930140	4.981540	4.970600	4.990770	5.035250	5.036080	5.127420	5.148060
Qatar Riyal	5.649430	5.626990	5.626580	5.627180	5.617540	5.612300	5.604820	5.599010	5.594780	5.584280	5.580540
Russian Ruble	NA	45.403800	45.542700	45.749800	NA	45.958400	NA	46.436500	46.465400	46.431100	46.499300
Saudi Arabian Riyal	5.820150	5.797030	5.796600	5.797240	5.787300	5.781920	5.774210	5.768210	5.763850	5.753040	5.749210
Singapore Dollar	NA	1.911020	1.919060	1.920200	1.926780	1.921440	1.925660	1.923960	1.923280	1.921970	1.926980
South African Rand	NA	11.991100	11.947400	11.981100	12.082400	12.161300	12.361300	12.310300	12.445600	12.575200	12.538600
Sri Lanka Rupee	NA	201.643000	198.373000	197.758000	NA	196.937000	197.476000	196.681000	196.345000	196.248000	197.204000
Swedish Krona	NA	10.392900	10.424000	NA	10.445500	10.552100	10.564300	10.590400	10.721100	10.736200	10.774600
Swiss Franc	NA	1.413860	1.414060	1.414370	1.421980	1.422190	1.425540	1.427440	1.426980	1.431200	1.432850
Thai Baht	NA	47.580500	47.743900	47.841900	NA	47.770800	47.787200	47.830000	NA	47.931300	48.092400
Trinidad And Tobago Dollar	9.957080	9.885130	9.889040	9.909130	9.882890	9.869040	9.863880	9.834580	NA	9.837580	9.826370
Tunisian Dinar	NA	NA	2.379690	2.386300	2.388840	2.395090	2.394530	2.392190	2.397920	2.398020	2.404850
U.A.E. Dirham	5.699860	5.677240	5.676820	5.677430	5.667680	5.662420	5.654860	5.648980	5.644740	5.634150	5.630380
Peso Uruguayo	NA	30.752200	30.768400	30.705300	30.631000	30.667200	30.783400	30.642200	30.620600	30.727300	30.739100
Bolivar Fuerte	6.657170	6.630730	6.630240	6.630950	6.619580	NA	6.604630	6.597740	6.592780	6.580380	6.576010

Currency units per SDR for May 2012 Continued

Currency	May 16, 2012	May 17, 2012	May 18, 2012	May 21, 2012	May 22, 2012	May 23, 2012	May 24, 2012	May 25, 2012	May 29, 2012	May 30, 2012	May 31, 2012
Chinese Yuan	9.637160	9.634750	9.636230	9.645620	9.627700	9.624080	9.603660	9.603290	9.593710	9.567820	9.568190
Euro	1.197010	1.201460	1.198410	1.198620	1.195440	1.202790	1.209230	1.210000	1.210970	1.215290	1.217650
Japanese Yen	122.559000	122.352000	121.045000	120.960000	121.176000	121.124000	120.639000	120.960000	120.607000	120.110000	119.008000
U.K. Pound Sterling	0.958176	0.961012	0.965549	0.966445	0.967932	0.968214	0.968692	0.968157	0.966968	0.970261	0.974108
U.S. Dollar	1.524750	1.523690	1.524500	1.528240	1.526340	1.522610	1.518430	1.518070	1.516500	1.511580	1.510260
Algerian Dinar	113.898000	113.899000	114.003000	114.170000	113.974000	113.878000	115.229000	115.610000	115.670000	116.057000	116.118000
Australian Dollar	1.537820	1.530110	1.552760	1.550880	1.537870	1.557340	1.556090	1.557960	1.537410	1.543060	1.552640
Bahrain Dinar	0.573306	0.572908	0.573210	0.574617	0.573901	0.572502	0.570929	0.570796	0.570203	0.568353	0.567856
Botswana Pula	11.710800	NA	11.726900	11.764700	11.696100	11.775800	11.743500	11.777100	11.719500	11.809200	11.863800
Brazilian Real	3.041410	3.043420	3.044880	3.071000	3.109750	3.120290	3.160770	3.094440	2.999330	3.014690	3.032300
Brunei Dollar	1.931550	1.925480	1.943890	1.941630	1.933410	1.944680	1.936000	1.945260	1.938240	1.934520	1.945510
Canadian Dollar	1.540300	1.548680	1.556510	NA	1.555490	1.564480	1.560190	1.561340	1.554870	1.554810	1.562960
Chilean Peso	757.966000	763.015000	767.984000	NA	769.989000	769.622000	774.659000	770.921000	773.808000	774.000000	782.179000
Colombian Peso	2,711.560000	2,732.900000	2,751.600000	2,772.930000	2,769.480000	2,778.360000	2,801.760000	2,787.870000	2,791.400000	2,749.280000	2,760.490000
Czech Koruna	30.481200	30.644400	30.340600	30.234700	30.221400	30.668400	30.704100	30.769800	30.883500	31.188400	31.288000
Danish Krone	8.897510	NA	NA	8.908130	8.884150	8.938630	8.986260	8.991510	8.998310	9.031060	9.049450
Hungarian Forint	354.732000	354.746000	359.081000	355.835000	354.262000	363.691000	363.618000	361.513000	361.214000	363.050000	365.573000
Icelandic Krona	194.710000	NA	195.182000	194.163000	194.303000	195.107000	195.908000	196.180000	196.841000	197.185000	197.466000
Indian Rupee	82.778700	82.873400	83.664500	83.563800	83.765400	85.160000	85.472300	84.602400	84.287200	84.663300	85.208600
Indonesian Rupiah	14,149.600000	NA	NA	14,163.700000	14,141.500000	14,122.200000	14,091.000000	14,133.300000	14,368.800000	14,465.800000	14,445.600000
Iranian Rial	18,693.400000	NA	NA	18,736.200000	18,712.900000	18,667.200000	18,615.900000	NA	18,592.300000	18,531.900000	18,431.900000
Israeli New Sheqel	5.847410	5.832670	5.854080	5.847030	5.824480	5.875750	5.841390	5.843070	5.877960	5.864930	5.861320
Kazakhstani Tenge	225.662000	225.415000	225.671000	225.751000	225.883000	225.179000	224.393000	224.174000	224.472000	223.653000	223.382000
Korean Won	1,759.710000	1,770.380000	1,773.300000	1,792.780000	1,780.780000	1,772.170000	1,779.140000	1,787.070000	1,790.070000	1,781.540000	1,778.780000
Kuwaiti Dinar	0.426090	0.425642	NA	0.426456	0.425923	0.425646	0.425085	0.424984	0.424771	0.423846	0.423930
Libyan Dinar	1.932400	1.932400	1.932400	1.932400	1.932400	1.932400	1.932400	1.932400	1.932400	1.932400	1.932400
Malaysian Ringgit	4.742730	4.734870	4.777790	4.781850	NA	4.777970	4.768630	4.805450	4.787580	4.775820	4.805640
Mauritian Rupee	44.807300	44.764400	44.944000	45.108800	45.028400	44.925000	44.863800	45.003700	45.038800	44.916200	45.035300
Mexican Peso	21.002900	21.026000	21.009000	21.079700	20.941800	21.367600	21.264100	21.276700	21.105000	21.275300	21.603800
Nepalese Rupee	131.265000	132.530000	132.586000	133.033000	133.264000	133.883000	136.066000	135.868000	134.346000	134.530000	135.530000
New Zealand Dollar	1.983020	1.992530	1.996730	2.025770	1.990530	2.018040	2.018110	2.014160	1.993290	1.985780	2.008860
Norwegian Krone	9.122420	NA	9.104900	9.141350	9.051330	9.108710	9.112700	9.136840	9.107140	9.132340	9.161030
Rial Omani	0.586266	0.585857	0.586170	0.587606	0.586875	0.585446	0.583836	0.583700	0.583094	0.581203	0.580693
Pakistani Rupee	138.590000	138.430000	138.574000	139.263000	139.763000	139.843000	140.041000	139.307000	140.245000	140.478000	142.006000
Nuevo Sol	4.063450	4.069770	4.067370	4.077340	4.076840	4.094300	4.089130	4.097290	4.094550	4.085790	4.089780
Philippine Peso	65.179700	65.395400	65.421000	65.990900	65.867500	65.659500	65.812000	66.151600	66.048000	65.744500	65.622000
Polish Zloty	5.237960	5.210100	5.249010	5.185000	5.160700	5.246920	5.280950	5.250860	5.258450	5.311520	5.342080
Qatar Riyal	5.550070	5.546220	5.549170	5.562790	5.555860	5.542320	5.527090	5.525780	5.520040	5.502120	5.497340
Russian Ruble	47.230200	47.145600	47.857200	47.617200	47.414700	47.780100	48.019900	48.209700	48.658200	49.052100	49.713600
Saudi Arabian Riyal	5.717780	5.713830	5.716870	5.730890	5.723770	5.709780	5.694110	5.692780	5.686860	5.668420	5.663480
Singapore Dollar	1.931550	1.925480	1.943890	1.941630	1.933410	1.944680	1.936000	1.945260	1.938240	1.934520	1.945510
South African Rand	12.631600	12.745300	12.654600	12.709500	12.619700	12.786000	NA	12.706700	12.624400	12.774000	12.885700
Sri Lanka Rupee	196.450000	196.431000	196.529000	197.987000	198.127000	197.689000	197.569000	197.410000	198.989000	198.939000	199.716000
Swedish Krona	11.002700	NA	10.994800	10.899400	10.849800	10.904800	10.892300	10.870600	10.844800	10.918700	10.927000
Swiss Franc	1.440270	NA	1.443090	1.437160	1.437350	1.444200	1.449340	1.450820	1.453710	1.460180	1.463440
Thai Baht	47.998900	47.814900	47.918000	47.821700	47.765100	47.982100	47.965800	48.069800	48.051700	48.090800	48.171200
Trinidad And Tobago Dollar	9.768580	9.754000	9.777370	9.764100	9.758950	9.708640	9.696410	9.720820	9.699980	NA	9.687950
Tunisian Dinar	2.403000	2.410470	NA	2.420730	NA	2.405730	2.413850	2.428000	2.421850	2.422000	2.433470
U.A.E. Dirham	5.599640	5.595750	5.598730	5.612460	5.605480	5.591810	5.576440	5.575130	5.569320	5.551270	5.546400
Peso Uruguayo	30.568100	30.604800	30.753700	NA	30.929700	31.530200	31.282700	30.961100	31.158000	31.833800	32.070300
Bolivar Fuerte	6.540090	6.535560	6.539020	6.555060	6.546900	6.530950	6.513000	6.511480	6.504700	6.483610	6.477940

Notes:


The value of the U.S. dollar in terms of the SDR is the reciprocal of the sum of the dollar values, based on market exchange rates, of specified quantities of the SDR basket currencies. See SDR Valuation.

These rates are the official rates used by the Fund to conduct operations with member countries. The rates are derived from the currency's representative exchange rate, as reported by the central bank, normally against the U.S. dollar at spot market rates and rounded to six significant digits. See Representative Exchange Rates for Selected Currencies.

The value in terms of each national currency of the SDR (shown above) is the reciprocal of the value in terms of the SDR of each national currency, rounded to six significant digits.

Exchange rates are published daily except on IMF holidays or whenever the IMF is closed for business.
