Currency units per SDR for January 2012
Currency	January 03, 2012	January 04, 2012	January 05, 2012	January 06, 2012	January 09, 2012	January 10, 2012	January 11, 2012	January 12, 2012	January 13, 2012	January 17, 2012	January 18, 2012
Chinese Yuan	NA	9.700070	9.674170	9.665200	9.668840	9.659220	9.632330	9.657920	9.660250	9.666970	9.675020
Euro	1.185590	1.189120	1.194500	1.197660	1.201290	1.193830	1.199240	1.199300	1.196850	1.194980	1.193000
Japanese Yen	NA	118.032000	117.611000	118.111000	NA	117.539000	117.318000	117.474000	117.373000	117.425000	117.393000
U.K. Pound Sterling	0.988357	0.987225	0.987625	0.987313	0.990158	0.988914	0.991218	0.995005	0.997188	0.994263	0.995927
U.S. Dollar	1.542930	1.539680	1.532790	1.530130	1.529000	1.529060	1.525190	1.527430	1.528500	1.528370	1.530740
Algerian Dinar	NA	NA	NA	116.786000	116.997000	116.813000	116.898000	116.830000	116.922000	117.176000	117.241000
Australian Dollar	1.498860	1.487180	1.484830	1.497050	1.503450	1.482940	1.483070	1.483510	1.481100	1.472850	1.471870
Bahrain Dinar	0.580141	0.578918	0.576329	0.575331	0.574904	0.574927	0.573470	0.574313	0.574716	0.574670	0.575559
Botswana Pula	NA	11.533200	11.542100	11.522100	11.513600	11.445100	11.476200	11.415700	11.423700	11.405800	11.423400
Brazilian Real	2.852100	2.818230	2.825230	2.817890	2.819780	2.819890	2.751750	2.756700	2.732030	2.726010	2.718600
Brunei Dollar	1.994230	1.982180	1.974690	1.977390	1.986790	1.974320	1.971310	1.974660	1.969010	1.965800	1.962410
Canadian Dollar	1.556810	1.560460	1.562980	1.565630	1.570590	1.554130	1.554470	1.557670	1.565950	1.548550	1.552170
Chilean Peso	799.546000	791.916000	785.139000	783.122000	779.089000	783.490000	775.958000	774.269000	766.495000	765.703000	760.289000
Colombian Peso	2,997.440000	2,948.510000	2,909.600000	2,883.440000	2,881.360000	2,881.460000	2,844.590000	2,832.110000	2,816.210000	2,814.210000	2,810.960000
Czech Koruna	30.438900	30.628800	30.948500	30.957600	31.014300	30.781400	30.984200	30.676800	30.446100	30.648500	30.486200
Danish Krone	8.816010	8.842360	8.882340	8.904640	8.932320	8.876820	8.917900	8.918620	8.900440	8.885020	8.870830
Hungarian Forint	373.635000	377.220000	383.627000	378.019000	375.722000	375.415000	370.972000	371.668000	368.429000	371.456000	366.705000
Icelandic Krona	188.206000	187.856000	188.870000	189.140000	189.153000	189.175000	189.490000	190.226000	190.420000	190.680000	190.608000
Indian Rupee	82.130100	81.818300	80.900300	80.760400	80.624400	79.862600	78.928500	79.166500	78.610800	78.054300	77.562700
Indonesian Rupiah	14,133.200000	14,134.200000	14,044.900000	14,016.000000	14,048.500000	14,052.000000	14,031.700000	14,067.600000	14,031.600000	14,073.300000	14,021.600000
Iranian Rial	17,251.500000	17,213.600000	17,136.600000	NA	17,192.100000	17,186.600000	17,161.400000	17,201.900000	NA	17,255.300000	17,279.000000
Israeli New Sheqel	5.884710	5.923150	5.907370	5.874160	5.869850	5.860870	5.870440	5.859190	5.854150	5.859780	5.836720
Kazakhstani Tenge	228.970000	228.488000	227.205000	226.582000	226.736000	227.127000	226.628000	226.670000	227.012000	226.750000	227.085000
Korean Won	1,782.850000	1,772.010000	1,758.720000	1,760.110000	1,771.200000	1,780.280000	1,767.240000	1,770.900000	1,771.220000	1,763.740000	1,755.760000
Kuwaiti Dinar	0.429164	0.427721	0.426497	0.425760	0.427128	0.426530	0.425680	0.426610	0.426909	0.426721	0.427077
Libyan Dinar	1.932400	1.932400	1.932400	1.932400	1.932400	1.932400	1.932400	1.932400	1.932400	1.932400	1.932400
Malaysian Ringgit	4.864070	4.833510	4.812180	4.820690	4.833180	4.801250	4.798260	4.799180	4.790300	4.786110	4.772860
Mauritian Rupee	45.277800	45.087700	44.870800	44.941400	45.100300	45.185300	45.093400	45.125700	45.140000	45.179000	45.241500
Mexican Peso	21.119900	21.115800	21.061900	20.997700	21.014100	20.826400	20.832900	20.770200	20.827700	20.575100	20.399800
Nepalese Rupee	131.442000	131.104000	130.134000	129.281000	128.971000	128.517000	127.277000	126.242000	126.728000	125.999000	124.801000
New Zealand Dollar	NA	1.947480	1.946400	1.959950	1.960260	1.942400	1.920890	1.916470	1.923850	1.925870	1.912710
Norwegian Krone	9.170530	9.156920	9.176840	9.191510	9.198360	9.139350	9.174820	9.207000	9.207340	9.157680	9.191510
Rial Omani	0.593254	0.592007	0.589359	0.588336	0.587903	0.587924	0.586435	0.587296	0.587706	0.587661	0.588571
Pakistani Rupee	138.954000	138.803000	138.539000	138.594000	138.980000	138.258000	137.264000	137.640000	137.976000	138.132000	138.360000
Nuevo Sol	4.158190	4.150960	4.129330	4.120650	4.116070	4.114700	4.107330	4.110300	4.116240	NA	4.120750
Philippine Peso	67.503300	67.373200	67.067300	67.204800	67.480900	67.654900	67.074900	67.216000	67.288900	67.124500	66.872200
Polish Zloty	5.288680	5.284180	5.377180	NA	5.374440	5.364400	5.325810	5.337600	5.246260	5.229330	5.204510
Qatar Riyal	5.616240	5.604440	5.579360	5.569700	5.565570	5.565760	5.551700	5.559820	5.563720	5.563280	5.571900
Russian Ruble	NA	NA	NA	NA	49.227900	48.735600	48.331100	48.389800	48.274400	48.211800	48.284000
Saudi Arabian Riyal	5.785970	5.773770	5.747950	5.737990	5.733750	5.733980	5.719450	5.727840	5.731870	5.731410	5.740300
Singapore Dollar	1.994230	1.982180	1.974690	1.977390	1.986790	1.974320	1.971310	1.974660	1.969010	1.965800	1.962410
South African Rand	12.409100	12.482500	12.560300	12.490700	12.483900	12.364000	12.410800	12.263400	12.300700	12.252700	12.306800
Sri Lanka Rupee	175.739000	175.369000	174.585000	174.282000	174.154000	174.160000	173.719000	173.971000	174.096000	174.080000	174.351000
Swedish Krona	NA	10.493200	10.498500	NA	10.584800	10.569200	10.521800	10.599000	10.567600	10.596100	10.585500
Swiss Franc	1.440170	1.444830	1.454920	1.456070	1.455610	1.452300	1.456400	1.449220	1.447030	1.447370	1.445630
Thai Baht	NA	48.442800	48.370200	48.408800	48.611700	48.483400	48.394300	48.622500	48.568000	48.654200	48.663900
Trinidad And Tobago Dollar	NA	9.863490	9.792400	9.791920	9.775080	9.767820	9.767060	9.804210	9.817970	9.740130	9.798250
Tunisian Dinar	2.312380	2.300590	2.291670	2.302240	2.315670	2.323710	2.313560	2.328100	2.334630	2.343460	2.337440
U.A.E. Dirham	5.666400	5.654480	5.629170	5.619400	5.615260	5.615450	5.601270	5.609470	5.613400	5.612960	5.621640
Peso Uruguayo	30.395700	30.314700	30.206600	NA	30.044900	29.958900	29.835800	29.917700	29.958500	NA	29.896900
Bolivar Fuerte	NA	6.604150	6.574580	6.563190	6.558370	6.558580	6.541980	6.551580	6.556170	6.555660	6.565820

Currency units per SDR for January 2012 Continued

Currency	January 19, 2012	January 20, 2012	January 23, 2012	January 24, 2012	January 25, 2012	January 26, 2012	January 27, 2012	January 30, 2012	January 31, 2012
Chinese Yuan	9.695000	9.687760	NA	NA	NA	NA	NA	9.757430	9.789720
Euro	1.188660	1.189250	1.183140	1.183700	1.186790	1.176220	1.176980	1.180340	1.177200
Japanese Yen	117.801000	118.331000	118.618000	118.500000	119.726000	120.228000	119.718000	118.656000	118.441000
U.K. Pound Sterling	0.993957	0.992093	0.989266	0.988983	0.986281	0.986057	0.985125	0.985494	0.982386
U.S. Dollar	1.534670	1.534370	1.540100	1.539160	1.535940	1.546140	1.547140	1.547420	1.551080
Algerian Dinar	117.324000	117.318000	117.359000	117.483000	NA	117.332000	116.747000	116.863000	116.866000
Australian Dollar	1.476360	1.475220	1.468160	1.466710	1.460990	NA	1.457500	1.461350	1.458200
Bahrain Dinar	0.577037	0.576924	0.579076	0.578724	0.577514	0.581348	0.581727	0.581832	0.583209
Botswana Pula	11.351100	11.382600	11.382800	11.435100	11.453700	11.310500	11.260100	11.361400	11.305300
Brazilian Real	2.730340	2.707860	2.721350	2.697840	2.710780	2.726160	2.690330	2.698090	2.715800
Brunei Dollar	1.960850	1.954180	NA	NA	1.945730	1.945660	1.946460	1.940780	1.946150
Canadian Dollar	1.549250	1.556310	1.552420	1.554090	1.554370	1.543970	1.549150	1.552380	1.559150
Chilean Peso	762.811000	754.802000	757.094000	750.909000	757.157000	763.143000	751.354000	751.044000	758.466000
Colombian Peso	2,804.220000	2,795.410000	2,816.450000	2,788.260000	2,787.080000	2,805.770000	2,787.770000	2,801.690000	2,815.350000
Czech Koruna	30.084100	30.282400	29.991800	30.084400	30.099800	29.651900	29.615400	29.820400	29.642800
Danish Krone	8.838610	8.843530	8.797630	8.801040	8.822930	8.744320	8.749060	8.774850	8.751970
Hungarian Forint	360.602000	362.864000	361.661000	356.408000	353.205000	345.130000	346.777000	348.527000	345.194000
Icelandic Krona	190.391000	190.293000	190.587000	190.271000	190.365000	189.603000	190.361000	190.751000	190.535000
Indian Rupee	77.179000	77.224800	77.374200	76.911800	76.827900	NA	76.815500	76.597200	77.057600
Indonesian Rupiah	13,927.100000	13,740.300000	NA	13,829.300000	13,851.100000	13,907.500000	13,893.300000	13,903.600000	13,959.800000
Iranian Rial	17,324.900000	NA	17,403.100000	NA	17,345.400000	14,278.600000	NA	18,971.400000	19,016.300000
Israeli New Sheqel	5.807200	5.804540	5.813850	5.828800	NA	5.819670	5.829650	5.827610	5.790190
Kazakhstani Tenge	227.592000	227.394000	228.427000	228.473000	227.964000	229.772000	229.518000	229.592000	230.491000
Korean Won	1,754.280000	1,743.660000	NA	NA	1,742.830000	1,741.420000	1,735.270000	1,739.000000	1,744.970000
Kuwaiti Dinar	0.427636	0.427553	0.428993	0.428117	0.427223	0.429518	0.429797	0.429102	0.429961
Libyan Dinar	1.932400	1.932400	1.932400	1.932400	1.932400	1.932400	1.932400	1.932400	1.932400
Malaysian Ringgit	4.763150	4.761930	NA	NA	4.731470	4.701040	4.704860	4.708030	4.723820
Mauritian Rupee	45.260300	45.144500	NA	45.194300	44.961000	45.153300	45.139200	45.069600	45.176500
Mexican Peso	20.336900	20.290600	20.234200	20.272600	20.169800	19.995400	20.036100	20.126300	20.176100
Nepalese Rupee	124.615000	123.578000	123.978000	123.671000	123.305000	123.691000	124.003000	122.092000	122.381000
New Zealand Dollar	1.910700	1.911750	NA	1.898790	1.892250	1.893620	1.882630	1.879770	1.894110
Norwegian Krone	9.107550	9.109710	9.068240	9.042250	9.117520	8.993860	8.997980	9.066180	9.012740
Rial Omani	0.590082	0.589967	0.592168	0.591807	0.590570	0.594491	0.594877	0.594983	0.596392
Pakistani Rupee	138.487000	138.385000	138.927000	138.907000	138.529000	139.525000	139.623000	139.798000	140.190000
Nuevo Sol	4.131340	4.128990	4.142860	4.141880	4.134740	4.159110	4.161810	4.161030	4.169320
Philippine Peso	66.772200	66.498200	NA	66.644000	66.331000	66.613800	66.329300	66.320900	66.612900
Polish Zloty	5.168470	5.145830	5.136690	5.074620	5.067060	4.983680	4.976070	5.018770	4.968430
Qatar Riyal	5.586220	5.585130	5.605950	5.602550	5.590810	5.627940	5.631580	5.632630	5.645950
Russian Ruble	48.308000	48.007200	48.255100	47.522000	47.102700	46.940900	46.975300	46.987200	47.018100
Saudi Arabian Riyal	5.755030	5.753910	5.775370	5.771840	5.759770	5.798010	5.801780	5.802850	5.816560
Singapore Dollar	1.960850	1.954180	NA	NA	1.945730	1.945660	1.946460	1.940780	1.946150
South African Rand	12.169700	12.220700	12.232100	12.305400	12.343100	12.110900	12.015900	12.158400	12.068100
Sri Lanka Rupee	174.799000	174.769000	175.417000	175.310000	174.925000	176.103000	176.220000	176.245000	176.668000
Swedish Krona	10.501800	10.398100	10.446500	10.383800	10.392500	10.440000	10.495300	10.486600	10.472800
Swiss Franc	1.436610	1.436020	1.429670	1.427880	1.431500	1.419510	1.422750	1.420850	1.417070
Thai Baht	48.686000	48.398700	48.519200	48.380500	48.402000	48.494700	48.434800	48.131100	48.145700
Trinidad And Tobago Dollar	9.826850	9.817880	9.862030	9.822800	9.828490	9.886990	9.909920	9.888160	9.910210
Tunisian Dinar	2.342220	2.330870	2.338790	2.328750	2.320190	2.339000	NA	2.326860	2.335470
U.A.E. Dirham	5.636090	5.634980	5.656010	5.652560	5.640730	5.678200	5.681880	5.682920	5.696350
Peso Uruguayo	29.973700	30.015400	30.145800	30.290600	30.290300	30.336800	30.313100	30.372900	30.418300
Bolivar Fuerte	6.582670	6.581370	6.605940	6.601920	6.588090	6.631870	6.636140	6.637370	6.653050

Notes:


The value of the U.S. dollar in terms of the SDR is the reciprocal of the sum of the dollar values, based on market exchange rates, of specified quantities of the SDR basket currencies. See SDR Valuation.

These rates are the official rates used by the Fund to conduct operations with member countries. The rates are derived from the currency's representative exchange rate, as reported by the central bank, normally against the U.S. dollar at spot market rates and rounded to six significant digits. See Representative Exchange Rates for Selected Currencies.

The value in terms of each national currency of the SDR (shown above) is the reciprocal of the value in terms of the SDR of each national currency, rounded to six significant digits.

Exchange rates are published daily except on IMF holidays or whenever the IMF is closed for business.
