Currency units per SDR for February 2012
Currency	February 01, 2012	February 02, 2012	February 03, 2012	February 06, 2012	February 07, 2012	February 08, 2012	February 09, 2012	February 10, 2012	February 13, 2012	February 14, 2012	February 15, 2012
Chinese Yuan	9.777750	9.778420	9.786840	9.751720	9.770680	9.802960	9.786360	9.764100	9.766580	9.743740	9.722610
Euro	1.176090	1.183970	1.178540	1.184820	1.180550	1.171730	1.168850	1.176290	1.170780	1.175430	1.179570
Japanese Yen	118.071000	118.039000	118.168000	118.597000	118.751000	119.685000	119.842000	120.451000	120.463000	120.583000	121.243000
U.K. Pound Sterling	0.981807	0.979336	0.980133	0.980104	0.978847	0.979566	0.981085	0.980296	0.982309	0.983120	0.983313
U.S. Dollar	1.549490	1.550280	1.550960	1.545240	1.548050	1.555360	1.553160	1.551410	1.551760	1.547930	1.544300
Algerian Dinar	NA	NA	116.238000	NA	116.003000	116.345000	116.069000	116.105000	116.131000	116.116000	116.060000
Australian Dollar	1.460410	1.446830	1.451940	1.441720	1.436310	1.441220	1.438110	1.448160	1.444840	1.449640	1.438300
Bahrain Dinar	0.582611	0.582907	0.583162	0.581010	0.582069	0.584816	0.583989	0.583328	0.583461	0.582021	0.580656
Botswana Pula	11.244500	11.250300	11.174100	11.148900	11.129100	11.125600	11.189900	11.274800	11.220200	11.257600	11.223100
Brazilian Real	2.694730	2.693780	2.687190	2.661360	2.670230	2.684710	2.670660	2.672300	2.678340	2.657630	2.652030
Brunei Dollar	1.947250	1.932430	1.936220	1.923360	1.932120	1.934090	1.933220	1.947480	1.946990	1.955960	1.943500
Canadian Dollar	1.545000	NA	1.542430	1.538130	1.540000	1.550690	1.544000	1.553890	1.551140	1.546530	1.538890
Chilean Peso	757.318000	756.121000	750.199000	739.612000	744.751000	746.542000	741.059000	737.371000	742.346000	740.220000	745.879000
Colombian Peso	2,798.350000	2,740.410000	NA	2,757.890000	2,767.850000	2,773.730000	2,762.920000	2,753.690000	2,770.800000	2,752.390000	2,756.950000
Czech Koruna	29.579800	29.768500	29.538000	29.594400	29.521300	29.058800	29.208800	29.698600	29.322100	29.491000	29.720100
Danish Krone	8.742710	8.800960	8.760480	8.808170	8.775780	8.709210	8.686810	8.742480	8.702240	8.737290	8.767160
Hungarian Forint	346.017000	345.155000	343.087000	347.184000	343.389000	339.395000	340.546000	342.086000	340.828000	341.782000	340.055000
Icelandic Krona	190.898000	190.747000	190.334000	191.285000	190.519000	189.894000	189.626000	189.567000	189.439000	189.667000	189.949000
Indian Rupee	76.746600	76.165500	75.934800	75.221900	75.730600	76.321300	76.555600	77.011900	76.532800	76.359200	76.056600
Indonesian Rupiah	13,979.500000	13,785.100000	13,950.900000	13,888.600000	13,929.400000	13,979.600000	13,838.700000	13,951.800000	14,001.500000	13,988.600000	13,960.500000
Iranian Rial	18,996.800000	NA	NA	18,944.600000	18,979.100000	19,068.700000	19,041.700000	NA	19,024.600000	18,977.600000	18,933.100000
Israeli New Sheqel	5.790460	5.777910	5.764920	5.746730	5.777340	5.754830	5.779310	5.760370	5.767880	5.783050	5.766410
Kazakhstani Tenge	230.193000	230.527000	230.488000	229.807000	230.134000	231.173000	230.784000	230.369000	230.234000	229.665000	229.128000
Korean Won	1,744.420000	1,746.240000	1,734.750000	1,728.960000	1,733.660000	1,744.340000	1,734.420000	NA	1,739.830000	1,738.630000	1,735.170000
Kuwaiti Dinar	0.430139	NA	NA	0.428958	0.429740	0.430912	0.430459	0.429973	0.430226	0.429782	0.428929
Libyan Dinar	1.932400	1.932400	1.932400	1.932400	1.932400	1.932400	1.932400	1.932400	1.932400	1.932400	1.932400
Malaysian Ringgit	4.718980	4.682630	4.687770	NA	NA	4.672310	4.670370	4.704640	4.694840	4.713420	4.684630
Mauritian Rupee	NA	45.021900	45.040000	44.927700	NA	45.194500	45.049100	44.934300	44.927500	44.842200	44.796000
Mexican Peso	19.973000	NA	19.715800	NA	19.578500	19.727100	19.756200	19.835900	19.768200	19.775200	19.714200
Nepalese Rupee	122.410000	122.612000	121.688000	120.374000	121.445000	121.847000	122.063000	122.484000	122.667000	121.806000	121.706000
New Zealand Dollar	1.877260	1.859750	1.861450	NA	1.856180	1.860920	1.859630	1.861100	1.872970	1.856020	1.853450
Norwegian Krone	9.001790	9.054940	9.008770	8.995720	8.998710	8.939110	8.918220	8.960970	8.863990	8.856930	8.880520
Rial Omani	0.595781	0.596083	0.596346	0.594145	0.595227	0.598036	0.597190	0.596516	0.596652	0.595178	0.593782
Pakistani Rupee	140.149000	140.104000	140.273000	139.866000	140.394000	141.092000	140.940000	140.734000	140.964000	140.672000	140.104000
Nuevo Sol	4.165040	4.170260	NA	NA	4.159610	NA	NA	4.163980	4.164910	4.154640	4.144910
Philippine Peso	66.502600	66.507000	66.246200	66.029700	NA	66.166400	65.673700	65.458700	65.712500	65.726300	65.853600
Polish Zloty	4.944890	4.953930	4.939490	4.957740	4.923730	4.893330	4.890430	4.918430	4.910240	4.922570	4.889260
Qatar Riyal	5.640160	5.643020	5.645510	5.624680	5.634910	5.661520	5.653520	5.647130	5.648410	5.634440	5.621260
Russian Ruble	47.114900	46.796100	46.898600	46.716300	46.576400	46.183400	46.097000	46.375300	46.377900	46.572100	46.242600
Saudi Arabian Riyal	5.810610	5.813580	5.816080	5.794650	5.805210	5.832600	5.824350	5.817780	5.819100	5.804710	5.791130
Singapore Dollar	1.947250	1.932430	1.936220	1.923360	1.932120	1.934090	1.933220	1.947480	1.946990	1.955960	1.943500
South African Rand	11.986100	11.948700	11.812700	11.803400	11.753200	11.745500	11.868200	11.974200	11.895800	11.936100	11.857900
Sri Lanka Rupee	176.487000	176.575000	176.654000	176.248000	NA	177.763000	177.526000	NA	178.356000	179.727000	184.006000
Swedish Krona	10.526300	10.436000	10.440600	10.393000	10.398000	10.359000	10.315300	10.316700	10.294400	10.339500	10.311300
Swiss Franc	1.422130	1.422540	1.420060	1.429030	1.424360	1.418640	1.418660	1.416590	1.415050	1.416510	1.417050
Thai Baht	48.082200	47.916100	47.989700	47.783300	47.896800	47.886500	47.750500	47.812800	47.846900	47.750500	47.637000
Trinidad And Tobago Dollar	9.887970	9.898250	9.923690	9.889830	9.882890	9.945600	9.942730	9.948070	9.936700	9.899030	9.854060
Tunisian Dinar	2.326410	2.335350	2.335900	2.325120	2.337870	2.340040	2.324000	2.319980	2.330270	2.318790	2.322780
U.A.E. Dirham	5.690520	5.693430	5.695900	5.674890	5.685210	5.712070	5.703990	5.697550	5.698850	5.684760	5.671440
Peso Uruguayo	30.291100	30.216600	NA	NA	30.106500	NA	NA	30.199700	30.219000	30.187700	30.120000
Bolivar Fuerte	6.646240	6.649640	6.652520	6.628000	6.640060	6.671430	6.661960	6.654470	6.655970	6.639530	6.623960

Currency units per SDR for February 2012 Continued

Currency	February 16, 2012	February 17, 2012	February 21, 2012	February 22, 2012	February 23, 2012	February 24, 2012	February 27, 2012	February 28, 2012	February 29, 2012
Chinese Yuan	9.685230	9.722330	9.733310	9.726680	9.755050	9.778610	9.780530	9.789050	9.790390
Euro	1.184380	1.173670	1.169230	1.167210	1.163650	1.157930	1.159870	1.155620	1.157500
Japanese Yen	120.591000	122.118000	123.259000	123.599000	124.107000	125.096000	126.013000	124.771000	125.493000
U.K. Pound Sterling	0.980527	0.975695	0.978330	0.983574	0.984824	0.982859	0.978723	0.980931	0.975991
U.S. Dollar	1.537570	1.544430	1.545950	1.544210	1.547660	1.553020	1.552840	1.554780	1.556020
Algerian Dinar	115.505000	115.645000	115.262000	115.160000	115.257000	NA	115.803000	115.785000	115.822000
Australian Dollar	1.439260	1.433750	1.441580	1.449690	1.453740	1.446280	1.452750	1.442680	1.438630
Bahrain Dinar	0.578125	0.580707	0.581277	0.580626	0.581920	0.583935	0.583867	0.584597	0.585066
Botswana Pula	11.339000	11.256800	11.251500	11.238800	11.239300	11.172800	11.203800	11.105500	11.059200
Brazilian Real	2.638150	2.675890	2.649140	2.646160	2.642780	2.646340	2.655050	2.656800	2.648970
Brunei Dollar	1.947320	1.947380	1.938930	1.943700	1.948190	1.946400	1.951610	1.948450	1.940980
Canadian Dollar	1.531720	1.539800	1.538990	1.544210	1.545330	1.551150	1.550200	1.547940	1.535170
Chilean Peso	742.258000	751.507000	745.429000	743.539000	748.402000	747.127000	743.937000	748.268000	742.859000
Colombian Peso	2,754.220000	2,769.050000	2,751.500000	2,744.980000	2,757.260000	2,758.330000	2,752.290000	2,763.260000	2,750.780000
Czech Koruna	29.919500	29.339600	29.133500	29.375600	29.179500	28.982400	29.052100	28.777400	28.753700
Danish Krone	8.803670	8.724330	8.694140	8.679730	8.654490	8.610520	8.624780	8.592620	8.606670
Hungarian Forint	347.413000	340.563000	334.452000	335.171000	334.697000	334.815000	337.960000	335.972000	335.059000
Icelandic Krona	191.058000	190.568000	191.018000	191.282000	192.250000	192.574000	193.593000	193.912000	193.989000
Indian Rupee	NA	76.001700	75.875400	76.052600	76.221800	76.206700	76.166700	76.401800	76.151600
Indonesian Rupiah	13,830.400000	13,943.200000	13,983.100000	13,989.000000	14,037.300000	14,085.900000	14,146.400000	14,238.600000	14,136.500000
Iranian Rial	18,850.500000	NA	18,953.400000	18,932.000000	18,974.300000	NA	19,037.800000	19,061.600000	19,076.800000
Israeli New Sheqel	5.798140	5.796260	5.778780	5.793880	5.811450	5.833110	5.905450	5.884850	5.859980
Kazakhstani Tenge	228.005000	228.762000	228.971000	228.575000	229.069000	229.583000	229.231000	229.516000	229.747000
Korean Won	1,740.370000	1,741.810000	1,735.640000	1,736.160000	1,743.130000	1,752.270000	1,746.480000	1,754.410000	1,752.860000
Kuwaiti Dinar	0.427828	0.429740	0.429080	0.428905	0.429862	0.431351	NA	0.430750	0.430786
Libyan Dinar	1.932400	1.932400	1.932400	1.932400	1.932400	1.932400	1.932400	1.932400	1.932400
Malaysian Ringgit	4.696490	4.708210	4.674190	4.672020	4.681030	4.670690	4.685710	4.681430	4.668080
Mauritian Rupee	44.675400	44.900600	44.908100	44.799100	44.832800	44.916200	44.801900	44.771600	44.745300
Mexican Peso	19.807200	19.746500	19.696700	19.811600	19.855500	19.983500	19.997300	19.990600	19.900100
Nepalese Rupee	121.160000	121.779000	121.666000	121.530000	121.801000	122.300000	121.587000	122.205000	122.148000
New Zealand Dollar	1.844710	1.853620	1.840860	1.851800	1.867350	1.857230	1.855250	1.851150	1.857490
Norwegian Krone	8.943820	8.799560	8.792600	8.753960	8.693690	8.659660	8.696180	8.644090	8.612450
Rial Omani	0.591195	0.593835	0.594417	0.593750	0.595075	0.597136	0.597068	0.597811	0.598290
Pakistani Rupee	139.497000	140.243000	140.521000	140.275000	140.536000	141.086000	141.218000	141.425000	141.542000
Nuevo Sol	4.123750	NA	4.141610	4.138490	4.146180	4.158970	4.158510	4.162140	4.163930
Philippine Peso	65.706500	66.165100	65.700000	65.831500	66.196200	66.419600	66.329700	66.914700	66.697300
Polish Zloty	4.997400	4.909760	4.867890	4.885130	4.856540	4.830360	4.841140	4.816240	4.781670
Qatar Riyal	5.596720	5.621740	5.627270	5.620950	5.633490	5.652980	5.652340	5.659370	5.663930
Russian Ruble	46.449600	46.330200	46.037800	45.970000	46.072500	45.734800	45.228600	45.011200	45.164100
Saudi Arabian Riyal	5.765880	5.791630	5.797300	5.790790	5.803730	5.823810	5.823160	5.830430	5.835090
Singapore Dollar	1.947320	1.947380	1.938930	1.943700	1.948190	1.946400	1.951610	1.948450	1.940980
South African Rand	12.088000	11.952300	11.948000	11.914700	11.906700	11.776500	11.861500	11.708100	11.562800
Sri Lanka Rupee	184.340000	184.360000	183.303000	182.944000	183.675000	185.030000	186.034000	187.494000	188.465000
Swedish Krona	10.391900	10.379500	10.285700	10.258500	10.284000	10.276200	10.214700	10.204600	10.205200
Swiss Franc	1.427170	1.419800	1.413460	1.409400	1.402800	1.395080	1.396160	1.393700	1.395290
Thai Baht	47.433800	47.599600	47.530300	47.293200	47.147800	47.096700	47.260800	47.263700	47.069700
Trinidad And Tobago Dollar	9.842230	9.906290	NA	NA	9.874010	9.937490	9.944110	9.922700	9.925850
Tunisian Dinar	2.318030	2.346460	2.324650	2.323110	2.329220	2.331860	2.317930	2.323770	2.318160
U.A.E. Dirham	5.646720	5.671920	5.677500	5.671120	5.683760	5.703470	5.702810	5.709910	5.714480
Peso Uruguayo	29.974900	NA	NA	30.021000	30.050900	30.088100	30.047400	30.005600	30.012500
Bolivar Fuerte	6.595090	6.624530	6.631040	6.623610	6.638390	6.661340	6.660580	6.668890	6.674230

Notes:


The value of the U.S. dollar in terms of the SDR is the reciprocal of the sum of the dollar values, based on market exchange rates, of specified quantities of the SDR basket currencies. See SDR Valuation.

These rates are the official rates used by the Fund to conduct operations with member countries. The rates are derived from the currency's representative exchange rate, as reported by the central bank, normally against the U.S. dollar at spot market rates and rounded to six significant digits. See Representative Exchange Rates for Selected Currencies.

The value in terms of each national currency of the SDR (shown above) is the reciprocal of the value in terms of the SDR of each national currency, rounded to six significant digits.

Exchange rates are published daily except on IMF holidays or whenever the IMF is closed for business.
