Currency units per SDR for November 2012
Currency	November 01, 2012	November 02, 2012	November 05, 2012	November 06, 2012	November 07, 2012	November 08, 2012	November 09, 2012	November 12, 2012	November 13, 2012	November 14, 2012	November 15, 2012
Chinese Yuan	9.697630	9.673520	9.646090	9.650270	9.653350	9.633080	9.625470	9.602920	9.600520	9.597020	9.592600
Euro	1.186050	1.194080	1.196780	1.195230	1.200890	1.199440	1.203370	1.198440	1.202370	1.199300	1.195460
Japanese Yen	123.142000	123.150000	123.064000	122.697000	122.605000	122.148000	121.486000	121.304000	121.542000	121.350000	122.315000
U.K. Pound Sterling	0.952109	0.953743	0.957139	0.957313	0.956901	0.957744	0.958010	0.961335	0.959721	0.961770	0.962158
U.S. Dollar	1.538890	1.534390	1.529130	1.529890	1.530650	1.527610	1.527550	1.526210	1.526530	1.526230	1.524930
Algerian Dinar	121.946000	121.796000	121.684000	121.687000	121.943000	121.712000	121.805000	121.653000	121.960000	NA	121.597000
Australian Dollar	1.483700	1.475940	1.475570	1.466960	1.464600	1.467440	1.465980	1.464700	1.467250	1.460080	1.470660
Bahrain Dinar	0.578623	0.576931	0.574954	0.575238	0.575526	0.574379	0.574359	0.573855	0.573974	0.573862	0.573375
Botswana Pula	12.098200	12.091300	12.116700	12.103600	12.061900	12.076000	12.123400	12.084000	12.144200	12.180600	12.268100
Brazilian Real	3.125960	3.116640	3.105970	3.113330	3.113500	3.105630	3.109650	3.130570	3.125710	3.146160	3.145780
Brunei Dollar	1.878680	1.874100	1.872880	NA	1.869690	1.871170	1.868200	1.866100	NA	1.865050	1.865600
Canadian Dollar	NA	1.528860	1.523780	1.520100	1.526370	1.525470	1.528470	NA	1.528970	1.528970	NA
Chilean Peso	739.579000	737.409000	734.883000	737.849000	734.376000	732.687000	730.460000	732.263000	732.703000	738.220000	738.460000
Colombian Peso	2,818.100000	NA	2,796.470000	2,797.860000	2,778.120000	2,772.350000	2,771.300000	2,773.120000	2,773.690000	2,773.140000	2,770.780000
Czech Koruna	29.916100	30.130700	30.194100	30.233700	30.505900	30.494100	30.552600	30.403700	30.600800	30.571900	30.579400
Danish Krone	8.847600	8.907260	8.926740	8.916630	8.957840	8.946780	8.974570	8.937670	8.966360	8.944460	8.916550
Hungarian Forint	NA	NA	337.173000	338.105000	335.504000	340.901000	340.324000	340.468000	343.072000	341.050000	341.020000
Icelandic Krona	194.070000	194.161000	194.567000	194.770000	194.485000	195.824000	196.596000	196.653000	197.258000	196.746000	197.082000
Indian Rupee	82.761600	82.341800	82.691800	83.524700	83.041300	83.163500	83.007500	83.841300	NA	NA	83.808900
Indonesian Rupiah	14,816.500000	NA	14,722.400000	14,737.400000	14,740.200000	14,723.100000	14,714.900000	14,705.100000	14,711.100000	14,709.800000	NA
Iranian Rial	18,866.900000	NA	18,747.100000	18,756.400000	18,765.800000	18,728.500000	NA	18,711.400000	18,715.200000	18,711.500000	18,695.600000
Israeli New Sheqel	5.958590	5.959550	5.969720	5.957380	5.937400	5.962250	5.951350	5.993440	5.994660	5.979750	6.026530
Kazakhstani Tenge	232.019000	231.416000	230.684000	NA	230.577000	230.455000	230.340000	230.244000	NA	NA	229.243000
Korean Won	1,678.320000	1,673.860000	1,668.590000	1,670.180000	1,670.710000	1,660.660000	1,662.280000	1,662.960000	1,661.470000	1,664.040000	1,658.060000
Kuwaiti Dinar	0.432507	0.431239	0.430756	0.431200	0.430955	0.430710	NA	0.430545	0.430786	0.430472	NA
Libyan Dinar	1.932400	1.932400	1.932400	1.932400	1.932400	1.932400	1.932400	1.932400	1.932400	1.932400	1.932400
Malaysian Ringgit	4.697170	4.682170	4.688320	4.683750	4.674620	4.678300	4.678140	4.672500	NA	4.675580	NA
Mauritian Rupee	47.535700	NA	47.171800	47.330300	45.935000	47.426900	47.379900	NA	NA	47.521300	47.488600
Mexican Peso	NA	NA	19.947300	NA	19.964600	20.037300	20.131500	20.142200	20.193500	20.200100	20.208700
Nepalese Rupee	132.653000	131.988000	131.658000	133.253000	133.473000	132.291000	133.019000	133.696000	134.029000	134.216000	134.102000
New Zealand Dollar	1.871680	1.856260	1.854160	1.852840	1.849730	1.867040	1.873840	1.873570	1.867080	1.869460	1.881930
Norwegian Krone	8.741720	8.753190	8.787420	8.751430	8.789900	8.758410	8.786340	8.752200	8.808480	8.781330	8.797940
Rial Omani	0.591705	0.589971	0.587952	NA	0.588536	0.587365	0.587344	0.586830	0.586951	0.586834	0.586335
Pakistani Rupee	147.599000	146.918000	146.635000	147.272000	147.371000	146.588000	NA	146.685000	146.464000	146.428000	146.290000
Nuevo Sol	NA	NA	3.981860	3.988420	3.984290	3.979420	3.988450	3.986480	3.991870	3.975810	3.967860
Philippine Peso	NA	NA	63.012400	63.100200	63.125700	62.827500	62.729000	62.696700	62.716000	62.770700	62.692800
Polish Zloty	NA	4.904680	4.925480	4.929750	4.902830	4.988400	4.978000	5.006430	5.029140	4.998400	4.983160
Qatar Riyal	5.601580	5.585160	5.566040	5.568800	5.571590	5.560500	5.560310	5.555430	5.556540	5.555460	5.550740
Russian Ruble	48.270000	48.151700	NA	48.221400	47.914500	48.142000	48.112100	48.236500	48.415800	48.422200	48.327900
Saudi Arabian Riyal	5.770840	5.753940	5.734240	5.737070	5.739940	5.728530	5.728330	5.723310	5.724460	5.723340	5.718500
Singapore Dollar	1.878680	1.874100	1.872880	NA	1.869690	1.871170	1.868200	1.866100	NA	1.865050	1.865600
South African Rand	13.355400	13.286700	13.400500	13.324600	13.248000	13.285800	13.314400	13.314700	13.407800	13.474800	13.648300
Sri Lanka Rupee	200.213000	199.998000	199.237000	199.407000	199.679000	199.851000	200.059000	199.557000	NA	199.263000	198.721000
Swedish Krona	10.254900	10.248000	10.258600	10.245400	10.223400	10.235900	10.233200	10.306200	10.342200	10.347100	10.329900
Swiss Franc	1.433020	1.437260	1.442730	1.442230	1.442640	1.445120	1.447970	1.447310	1.446690	1.442280	1.437860
Thai Baht	47.264100	47.148700	47.085000	47.126700	47.012400	46.903700	46.833400	46.752600	46.826100	46.826100	46.829000
Trinidad And Tobago Dollar	9.861840	9.837870	9.766100	9.771450	9.782820	9.785600	9.771350	9.759810	9.762860	NA	9.781390
Tunisian Dinar	2.413140	2.409140	2.411890	NA	2.429150	2.425230	2.424540	2.431260	2.434200	2.426850	2.428610
U.A.E. Dirham	5.651600	5.635040	5.615740	5.618510	5.621330	5.610130	5.609940	5.605040	5.606170	5.605070	5.600300
Peso Uruguayo	30.580900	NA	30.192700	30.252100	30.409500	30.312300	30.395300	30.364000	30.452700	30.378000	NA
Bolivar Fuerte	6.600790	NA	6.558880	6.562150	6.565430	6.552350	6.552140	6.546390	6.547720	6.546430	6.540860

Currency units per SDR for November 2012 Continued

Currency	November 16, 2012	November 19, 2012	November 20, 2012	November 21, 2012	November 26, 2012	November 27, 2012	November 28, 2012	November 29, 2012	November 30, 2012
Chinese Yuan	9.591590	9.609560	9.610860	9.596560	9.644220	9.636790	9.627140	9.653530	9.652700
Euro	1.195610	1.195690	1.192380	1.191320	1.183010	1.182970	1.187260	1.180930	1.181900
Japanese Yen	123.626000	124.318000	124.110000	124.861000	126.219000	125.726000	125.241000	126.105000	126.545000
U.K. Pound Sterling	0.960846	0.959472	0.959012	0.957442	0.957515	0.956544	0.957579	0.957928	0.955849
U.S. Dollar	1.523800	1.525940	1.527320	1.525490	1.533650	1.533250	1.530500	1.534500	1.534810
Algerian Dinar	121.622000	121.683000	121.575000	121.429000	121.267000	121.013000	120.578000	120.601000	NA
Australian Dollar	1.475700	1.470930	1.467170	1.473620	1.466630	1.462180	1.463480	1.466180	1.471390
Bahrain Dinar	0.572951	0.573753	0.574274	0.573585	0.576651	0.576502	0.575470	0.576971	0.577087
Botswana Pula	12.190400	12.188000	12.199000	12.272600	12.239800	12.207400	12.224500	12.168900	12.210100
Brazilian Real	3.143460	3.160530	3.168430	3.178360	3.218360	3.217510	3.176100	3.208940	3.221720
Brunei Dollar	1.871230	1.869270	1.868370	1.871630	1.875500	1.873170	1.871350	1.875160	1.873850
Canadian Dollar	1.528070	1.520450	1.522740	1.522440	1.525830	1.523430	1.519640	1.523760	1.524370
Chilean Peso	737.430000	739.290000	734.290000	730.588000	733.132000	737.338000	736.247000	739.153000	735.819000
Colombian Peso	2,768.740000	2,782.490000	2,776.170000	2,769.650000	2,791.520000	2,796.830000	2,790.930000	NA	2,790.180000
Czech Koruna	30.518800	30.387600	30.288300	30.349700	29.916900	29.942700	29.994800	29.789200	29.850600
Danish Krone	8.917420	8.917900	8.893000	8.884150	8.822930	8.822780	8.856140	8.810180	8.816860
Hungarian Forint	340.601000	339.353000	336.439000	335.623000	333.553000	333.021000	333.052000	329.887000	330.906000
Icelandic Krona	196.205000	193.733000	193.344000	193.844000	192.749000	193.158000	193.042000	193.040000	192.803000
Indian Rupee	83.796300	83.875700	83.865200	84.210500	85.412400	85.408800	NA	84.707700	83.687600
Indonesian Rupiah	14,686.400000	14,708.500000	14,720.300000	14,710.300000	14,750.700000	14,723.800000	14,705.100000	14,746.500000	14,741.900000
Iranian Rial	18,681.800000	18,708.000000	18,725.000000	18,702.500000	18,802.500000	18,797.600000	18,764.000000	18,813.000000	NA
Israeli New Sheqel	6.022060	6.012220	5.993190	5.973820	5.927580	5.913730	5.915410	5.877130	5.847650
Kazakhstani Tenge	229.028000	229.547000	229.572000	229.098000	230.278000	230.171000	230.142000	230.973000	231.020000
Korean Won	1,655.920000	1,662.210000	1,660.050000	1,652.110000	1,666.010000	1,663.420000	1,659.220000	1,665.550000	1,664.810000
Kuwaiti Dinar	NA	0.430621	0.430780	0.430723	0.431799	0.431533	0.431066	0.432191	0.432279
Libyan Dinar	1.932400	1.932400	1.932400	1.932400	1.932400	1.932400	1.932400	1.932400	1.932400
Malaysian Ringgit	4.680820	4.675480	4.669780	4.679440	4.683770	4.679460	4.671850	4.679920	4.671190
Mauritian Rupee	NA	47.402800	47.330800	47.262600	47.354300	47.249800	47.104300	47.232400	47.189600
Mexican Peso	20.123800	NA	19.892600	19.891600	19.935000	19.910900	19.953500	19.889700	19.840200
Nepalese Rupee	133.805000	134.664000	134.771000	134.335000	136.265000	136.766000	136.092000	136.141000	135.079000
New Zealand Dollar	1.883100	1.876000	1.864860	1.867410	1.861680	1.862770	1.864870	1.863390	1.865130
Norwegian Krone	8.811120	8.813990	8.746080	8.727600	8.679730	8.703600	8.716340	8.679880	8.717710
Rial Omani	0.585902	0.586724	0.587254	0.586552	0.589689	0.589532	0.588478	0.590016	0.590134
Pakistani Rupee	146.075000	146.536000	146.768000	146.440000	147.515000	147.420000	147.494000	148.321000	148.196000
Nuevo Sol	3.971040	3.964380	3.966460	3.961700	NA	3.966510	3.960950	3.962080	3.956740
Philippine Peso	62.791600	63.048900	62.985400	62.770700	62.977800	62.878400	62.614300	NA	62.747900
Polish Zloty	4.980100	4.959750	4.938300	4.925360	4.868430	4.850270	4.866840	4.842260	4.847710
Qatar Riyal	5.546650	5.554410	5.559450	5.552780	5.582480	5.581010	5.571030	5.585590	5.586720
Russian Ruble	48.332800	48.323000	47.998000	47.933600	47.574000	47.440100	47.661000	47.656300	47.289100
Saudi Arabian Riyal	5.714250	5.722260	5.727440	5.720590	5.751190	5.749670	5.739370	5.754370	5.755530
Singapore Dollar	1.871230	1.869270	1.868370	1.871630	1.875500	1.873170	1.871350	1.875160	1.873850
South African Rand	13.542400	13.499700	13.527200	13.693600	13.612200	13.551000	13.567300	13.440300	13.536100
Sri Lanka Rupee	198.178000	198.335000	198.763000	198.727000	199.651000	NA	199.179000	199.702000	199.910000
Swedish Krona	10.322000	10.351500	10.290800	10.354700	10.171300	10.158700	10.242000	10.184300	10.206300
Swiss Franc	1.441370	1.439570	1.435680	1.433650	1.424300	1.425760	1.427350	1.422790	1.419700
Thai Baht	46.861700	46.879900	46.859700	46.855500	47.044700	47.050600	46.992500	47.146000	47.104900
Trinidad And Tobago Dollar	9.769440	9.761430	9.741270	9.750200	9.828880	9.783300	9.796910	9.826660	9.823380
Tunisian Dinar	2.428640	2.432040	2.424320	2.418200	2.421640	2.416090	2.406870	2.420670	2.411500
U.A.E. Dirham	5.596160	5.604000	5.609090	5.602370	5.632340	5.630850	5.620760	5.635450	5.636600
Peso Uruguayo	30.145500	30.070100	30.019500	30.049100	30.173000	30.191100	30.158500	30.194300	30.160500
Bolivar Fuerte	6.536080	6.545230	6.551150	6.543300	NA	6.576570	6.564780	6.581940	6.583280

Notes:


The value of the U.S. dollar in terms of the SDR is the reciprocal of the sum of the dollar values, based on market exchange rates, of specified quantities of the SDR basket currencies. See SDR Valuation.

These rates are the official rates used by the Fund to conduct operations with member countries. The rates are derived from the currency's representative exchange rate, as reported by the central bank, normally against the U.S. dollar at spot market rates and rounded to six significant digits. See Representative Exchange Rates for Selected Currencies.

The value in terms of each national currency of the SDR (shown above) is the reciprocal of the value in terms of the SDR of each national currency, rounded to six significant digits.

Exchange rates are published daily except on IMF holidays or whenever the IMF is closed for business.
