Currency units per SDR for September 2012
Currency	September 04, 2012	September 05, 2012	September 06, 2012	September 07, 2012	September 10, 2012	September 11, 2012	September 12, 2012	September 13, 2012	September 14, 2012	September 17, 2012	September 18, 2012
Chinese Yuan	9.655310	9.655960	9.670900	9.681100	9.714400	9.726400	9.762290	9.756000	9.809980	9.807380	9.800270
Euro	1.210640	1.209720	1.206240	1.201560	1.199780	1.199930	1.194860	1.193110	1.183160	1.184070	1.185030
Japanese Yen	119.317000	119.459000	119.608000	120.441000	119.914000	120.017000	120.004000	119.774000	120.291000	NA	121.589000
U.K. Pound Sterling	0.959343	0.956974	0.958231	0.958681	0.958323	0.956755	0.956242	0.956471	0.954271	0.954408	0.951611
U.S. Dollar	1.522870	1.521580	1.524440	1.526700	1.532840	1.534350	1.540890	1.540300	1.549350	1.549480	1.546930
Algerian Dinar	121.909000	121.681000	121.797000	121.675000	122.113000	122.065000	122.365000	122.324000	122.354000	NA	NA
Australian Dollar	1.481960	1.491020	1.490750	1.479210	1.480860	1.484760	1.471720	1.471020	1.464550	1.470930	1.480040
Bahrain Dinar	0.572597	0.572115	0.573191	0.574036	0.576349	0.576918	0.579374	0.579153	0.582557	0.582605	0.581646
Botswana Pula	11.814300	11.795200	11.817400	11.672000	11.701100	11.703700	11.816600	11.885000	11.827100	11.792100	11.790700
Brazilian Real	3.096740	3.102810	3.107580	3.111560	3.124080	3.105680	3.112130	3.112030	3.138050	3.120490	3.142130
Brunei Dollar	1.895050	1.898780	1.900070	1.897230	1.893980	1.893850	1.893750	1.891030	1.893150	1.894240	1.894220
Canadian Dollar	1.502000	1.506670	1.497770	1.492800	1.496360	1.492000	1.503440	1.502250	1.504420	1.506560	1.507020
Chilean Peso	732.665000	731.775000	733.364000	728.980000	728.067000	729.187000	731.518000	729.395000	732.628000	NA	NA
Colombian Peso	2,779.550000	2,776.600000	2,765.430000	2,754.300000	2,755.060000	2,765.260000	2,766.500000	2,775.960000	2,788.160000	2,772.860000	2,784.130000
Czech Koruna	30.123700	29.973700	29.819700	29.538500	29.430500	29.456500	29.207500	29.205600	28.909300	29.004700	29.399500
Danish Krone	9.020550	9.013560	8.988120	8.954070	8.940950	8.942220	8.906620	8.892920	8.821060	8.827530	8.833140
Hungarian Forint	343.269000	346.860000	343.503000	346.743000	341.793000	341.071000	337.177000	338.604000	334.443000	334.439000	336.180000
Icelandic Krona	186.566000	187.261000	187.720000	187.860000	187.359000	187.682000	187.202000	187.870000	187.378000	187.936000	188.711000
Indian Rupee	84.580200	85.056400	85.322800	84.762300	84.826300	85.190500	85.149900	85.398600	84.791000	83.631600	83.932000
Indonesian Rupiah	14,586.000000	14,588.900000	14,622.500000	14,645.600000	14,689.200000	14,712.900000	14,758.600000	14,760.700000	14,831.900000	14,642.600000	14,685.000000
Iranian Rial	18,670.300000	18,654.600000	18,689.700000	NA	18,792.600000	18,811.100000	18,891.300000	18,884.100000	NA	18,996.600000	18,965.400000
Israeli New Sheqel	6.118870	6.130460	6.135870	6.103740	6.100720	6.077550	6.086500	6.108850	6.071900	NA	NA
Kazakhstani Tenge	227.775000	227.553000	227.660000	228.317000	229.144000	229.524000	230.548000	230.768000	232.294000	232.236000	231.669000
Korean Won	1,723.580000	1,722.130000	1,730.240000	1,732.190000	1,732.880000	1,731.670000	1,740.120000	1,734.690000	1,747.360000	1,736.040000	1,724.830000
Kuwaiti Dinar	0.429067	0.429162	0.429742	NA	0.431648	0.432074	0.433221	0.432593	0.435135	0.434163	0.433606
Libyan Dinar	1.932400	1.932400	1.932400	1.932400	1.932400	1.932400	1.932400	1.932400	1.932400	1.932400	1.932400
Malaysian Ringgit	4.724690	4.734400	4.751700	4.750320	4.757170	4.756490	4.737450	4.747210	4.722420	NA	4.730530
Mauritian Rupee	46.336000	46.333800	46.329800	46.407600	46.542400	46.512900	46.633500	46.560800	46.746400	46.663100	46.604000
Mexican Peso	20.070300	19.966400	19.891400	19.843400	19.914800	19.945300	20.078500	NA	19.747700	19.754600	19.830400
Nepalese Rupee	135.032000	135.254000	136.301000	136.502000	135.764000	135.913000	136.615000	135.993000	137.474000	134.634000	133.671000
New Zealand Dollar	1.907400	1.915870	1.917300	1.906470	1.890060	1.895430	1.886260	1.876360	1.863540	1.868650	1.870990
Norwegian Krone	8.824410	8.839310	8.893000	8.859120	8.866430	8.866270	8.850260	8.851670	8.789120	8.847990	8.846740
Rial Omani	0.585542	0.585049	0.586149	0.587016	0.589379	0.589957	0.592470	0.592245	0.595724	0.595774	0.594796
Pakistani Rupee	144.311000	144.232000	144.318000	144.523000	145.136000	145.306000	145.765000	145.689000	146.512000	146.595000	146.270000
Nuevo Sol	3.971630	3.972860	3.978800	3.983160	3.997650	4.000050	4.014020	4.009400	4.022110	4.028650	4.023580
Philippine Peso	64.001600	63.730000	63.964000	63.980800	63.984000	63.802800	64.116100	63.910000	64.573600	64.266100	64.126400
Polish Zloty	5.068240	5.126680	5.023810	4.973660	4.934060	4.924970	4.881530	4.906170	4.823280	4.835450	4.874240
Qatar Riyal	5.543240	5.538570	5.548990	5.557160	5.579550	5.585030	5.608840	5.606700	5.639650	5.640090	5.630850
Russian Ruble	49.035500	49.391700	49.086700	48.875900	48.624900	48.756700	48.504100	48.364100	47.748000	47.393400	47.768500
Saudi Arabian Riyal	5.710730	5.705940	5.716670	5.725110	5.748150	5.753810	5.778310	5.776140	5.810070	5.810540	5.801000
Singapore Dollar	1.895050	1.898780	1.900070	1.897230	1.893980	1.893850	1.893750	1.891030	1.893150	1.894240	1.894220
South African Rand	12.754000	12.765100	12.745000	12.551500	12.548000	12.572100	12.814900	12.928300	12.769400	12.826100	12.750700
Sri Lanka Rupee	201.397000	201.257000	201.684000	202.078000	202.925000	202.986000	203.777000	203.240000	204.190000	204.746000	204.200000
Swedish Krona	10.162500	10.257800	10.295900	10.285200	10.145900	10.178700	10.176000	10.143500	10.166200	10.200200	10.198200
Swiss Franc	1.453270	1.457070	1.454930	1.461510	1.449150	1.447050	1.441960	1.445570	1.440740	1.436680	1.434940
Thai Baht	47.486100	47.561700	47.619000	47.675600	47.634700	47.716800	47.741400	47.761700	47.750900	47.719300	47.764600
Trinidad And Tobago Dollar	9.737950	9.773260	9.770780	9.785210	9.810650	9.839230	9.880150	9.870890	9.950840	9.902850	9.901770
Tunisian Dinar	2.436890	2.429810	2.444140	2.437220	2.439820	2.429800	2.437530	2.427510	NA	2.413930	2.404090
U.A.E. Dirham	5.592720	5.588030	5.598510	5.606800	5.629360	5.634910	5.658890	5.656750	5.690000	5.690450	5.681110
Peso Uruguayo	32.528400	32.586200	32.586600	32.506400	32.730800	32.701600	32.816300	32.722200	32.644900	32.673900	32.700700
Bolivar Fuerte	6.532020	6.526520	6.538810	6.548450	6.574840	6.581290	6.609340	6.606810	6.645620	6.646200	6.635260

Currency units per SDR for September 2012 Continued

Currency	September 19, 2012	September 20, 2012	September 21, 2012	September 24, 2012	September 25, 2012	September 26, 2012	September 27, 2012	September 28, 2012
Chinese Yuan	9.783490	9.774980	9.802480	9.770010	9.777850	9.766480	9.771350	9.778990
Euro	1.186990	1.190580	1.189950	1.192890	1.192020	1.198450	1.196050	1.192720
Japanese Yen	122.154000	120.452000	121.075000	120.270000	120.007000	119.673000	119.596000	119.628000
U.K. Pound Sterling	0.952263	0.952553	0.949677	0.951013	0.950561	0.950778	0.950606	0.952499
U.S. Dollar	1.543330	1.542280	1.545500	1.540740	1.541520	1.539400	1.539800	1.542190
Algerian Dinar	NA	NA	NA	122.330000	122.200000	NA	122.330000	122.369000
Australian Dollar	1.474050	1.484530	1.476270	1.478360	1.479100	1.486920	1.477870	1.473800
Bahrain Dinar	0.580292	0.579898	0.581108	0.579321	0.579613	0.578818	0.578962	0.579861
Botswana Pula	11.772200	11.872800	11.779800	11.815500	11.731500	11.769200	11.727300	11.808500
Brazilian Real	3.128940	3.120960	3.131650	3.118460	3.125130	3.117450	3.132100	3.132340
Brunei Dollar	1.890420	1.889290	1.891700	1.889260	1.891140	1.893160	1.892870	1.889800
Canadian Dollar	1.503970	1.507430	NA	1.510080	1.506060	1.515080	1.511160	1.517050
Chilean Peso	NA	724.333000	728.831000	727.246000	733.487000	725.353000	726.596000	725.568000
Colombian Peso	2,778.290000	2,769.420000	2,780.330000	2,768.330000	2,769.730000	NA	2,766.630000	2,770.930000
Czech Koruna	29.506900	29.665800	29.509800	29.750200	29.697400	29.944500	29.742700	29.788900
Danish Krone	8.848380	8.875710	8.870910	8.894580	8.888260	8.935750	8.917740	8.892290
Hungarian Forint	336.014000	338.161000	334.076000	338.516000	338.102000	341.424000	341.111000	338.001000
Icelandic Krona	189.443000	190.580000	190.344000	191.144000	191.257000	191.748000	191.843000	190.707000
Indian Rupee	NA	83.804000	83.311100	82.110600	82.523900	82.479000	82.001500	81.268400
Indonesian Rupiah	14,734.200000	14,711.800000	14,771.900000	14,729.500000	14,767.800000	14,747.500000	14,766.600000	14,786.500000
Iranian Rial	18,921.200000	18,908.400000	NA	18,889.500000	18,899.100000	18,873.100000	18,877.900000	18,907.200000
Israeli New Sheqel	6.034420	6.045730	6.007380	6.036640	6.039670	NA	6.043680	6.033040
Kazakhstani Tenge	231.037000	231.203000	231.516000	231.188000	231.413000	230.926000	231.201000	231.344000
Korean Won	1,724.980000	1,722.880000	1,728.180000	NA	1,726.190000	1,721.980000	1,725.650000	1,725.090000
Kuwaiti Dinar	0.432904	0.432764	NA	0.432563	0.432782	0.432573	0.440381	0.441067
Libyan Dinar	1.932400	1.932400	1.932400	1.932400	1.932400	1.932400	1.932400	1.932400
Malaysian Ringgit	4.728000	4.723240	4.731710	4.724690	4.727840	4.740590	4.737940	4.728360
Mauritian Rupee	46.469500	NA	46.608300	46.528700	NA	46.653500	46.797000	46.949500
Mexican Peso	19.790900	19.901900	NA	19.894500	19.767400	19.884500	19.789600	19.847200
Nepalese Rupee	133.544000	133.330000	134.382000	131.764000	131.569000	131.681000	131.668000	131.333000
New Zealand Dollar	1.865270	1.858840	1.863850	1.860130	1.874190	1.876860	1.867320	1.856720
Norwegian Krone	8.821220	8.848380	8.831190	8.871620	8.820910	8.872010	8.826900	8.789740
Rial Omani	0.593408	0.593007	0.594248	0.592414	0.592716	0.591902	0.592052	0.592972
Pakistani Rupee	145.934000	145.800000	146.105000	145.713000	145.754000	145.761000	145.980000	146.300000
Nuevo Sol	4.014190	4.013020	4.016760	4.002850	4.000240	3.996290	3.992690	4.005060
Philippine Peso	64.394000	64.236000	64.411800	64.247500	64.344700	64.240900	64.495700	64.587000
Polish Zloty	4.881690	4.949490	4.901100	4.958100	4.953830	4.954890	4.963690	4.901070
Qatar Riyal	5.617730	5.613910	5.625630	5.608300	5.611140	5.603430	5.604850	5.613560
Russian Ruble	47.632400	48.698800	48.168200	48.150100	48.035100	48.063500	48.034000	47.679700
Saudi Arabian Riyal	5.787470	5.783560	5.795660	5.777780	5.780710	5.772770	5.774240	5.783220
Singapore Dollar	1.890420	1.889290	1.891700	1.889260	1.891140	1.893160	1.892870	1.889800
South African Rand	12.714600	12.854700	12.761900	NA	12.600300	12.687900	12.625900	12.808100
Sri Lanka Rupee	203.785000	202.955000	203.210000	202.474000	202.171000	201.609000	201.663000	200.167000
Swedish Krona	10.111000	10.116400	10.114600	10.116800	10.151100	10.146100	10.148300	10.068000
Swiss Franc	1.434220	1.439570	1.437630	1.443520	1.443480	1.446580	1.446330	1.442720
Thai Baht	47.554500	47.607300	47.678800	47.647400	47.677600	47.697000	47.709000	47.536400
Trinidad And Tobago Dollar	9.858820	9.887280	9.904810	9.846590	NA	9.868550	9.888560	9.905500
Tunisian Dinar	2.403270	2.408120	2.425510	2.413110	2.423110	2.416100	NA	2.432030
U.A.E. Dirham	5.667870	5.664020	5.675850	5.658380	5.661230	5.653450	5.654890	5.663700
Peso Uruguayo	32.718600	32.639300	32.594700	32.532800	32.552300	32.580000	32.415800	32.355100
Bolivar Fuerte	6.619800	6.615290	6.629150	6.608690	6.612050	6.602970	6.604630	6.614890

Notes:


The value of the U.S. dollar in terms of the SDR is the reciprocal of the sum of the dollar values, based on market exchange rates, of specified quantities of the SDR basket currencies. See SDR Valuation.

These rates are the official rates used by the Fund to conduct operations with member countries. The rates are derived from the currency's representative exchange rate, as reported by the central bank, normally against the U.S. dollar at spot market rates and rounded to six significant digits. See Representative Exchange Rates for Selected Currencies.

The value in terms of each national currency of the SDR (shown above) is the reciprocal of the value in terms of the SDR of each national currency, rounded to six significant digits.

Exchange rates are published daily except on IMF holidays or whenever the IMF is closed for business.
