Currency units per SDR for December 2012
Currency	December 03, 2012	December 04, 2012	December 05, 2012	December 06, 2012	December 07, 2012	December 10, 2012	December 11, 2012	December 12, 2012	December 13, 2012	December 14, 2012	December 17, 2012
Chinese Yuan	9.666040	9.683640	9.678390	9.677260	9.639110	9.636330	9.655590	9.660340	9.663520	9.670990	9.689730
Euro	1.176790	1.176220	1.178270	1.176750	1.186920	1.184440	1.181350	1.178100	1.175080	1.174960	1.170740
Japanese Yen	126.534000	126.426000	126.616000	126.783000	126.351000	126.439000	126.432000	126.817000	128.156000	128.951000	129.418000
U.K. Pound Sterling	0.957341	0.955155	0.955320	0.955019	0.955886	0.953953	0.953962	0.951710	0.952726	0.953507	0.950805
U.S. Dollar	1.536540	1.539900	1.539410	1.538250	1.531710	1.531480	1.534920	1.536250	1.536650	1.536960	1.540690
Algerian Dinar	120.493000	120.496000	120.549000	120.562000	119.935000	119.814000	119.967000	119.976000	120.163000	120.171000	120.414000
Australian Dollar	1.475450	1.475140	1.469320	1.470180	1.461560	1.462450	1.464340	1.459760	1.456540	1.458220	1.461620
Bahrain Dinar	0.577737	0.579002	0.578818	0.578382	0.575924	0.575835	0.577131	0.577627	0.577778	0.577898	0.579300
Botswana Pula	12.214100	12.231100	12.188500	12.150500	12.098800	12.097000	12.105100	12.096400	12.080500	12.092500	12.017900
Brazilian Real	3.238100	3.252420	3.244610	3.237400	3.191480	3.186080	3.194170	3.186640	3.196380	3.189350	3.210800
Brunei Dollar	1.875500	1.877140	1.875920	1.876670	1.870230	NA	1.876290	1.876220	NA	1.877240	1.879950
Canadian Dollar	1.525470	1.528660	1.525860	1.524410	1.514870	1.511870	1.514510	1.513820	NA	1.515440	1.516190
Chilean Peso	738.138000	741.125000	740.532000	738.640000	732.113000	730.578000	NA	729.379000	729.783000	729.980000	730.839000
Colombian Peso	2,786.850000	2,792.970000	2,791.820000	2,785.850000	2,762.740000	2,752.750000	2,761.940000	2,767.550000	2,760.300000	2,758.920000	2,770.730000
Czech Koruna	29.713500	29.689300	29.722900	29.649700	29.909800	29.889800	29.874200	29.758600	29.717200	29.644900	29.522700
Danish Krone	8.779170	8.775010	8.789740	8.777550	8.853160	8.834780	8.811970	8.789200	8.767160	8.766700	8.735230
Hungarian Forint	331.708000	332.019000	332.543000	332.647000	335.323000	336.711000	334.215000	333.580000	333.344000	333.367000	332.897000
Icelandic Krona	192.835000	192.457000	192.365000	192.420000	193.517000	194.268000	194.275000	195.180000	195.062000	194.518000	194.651000
Indian Rupee	83.834900	84.613100	84.004000	83.780900	83.021300	83.221000	83.370900	83.375700	83.335400	83.592500	84.166600
Indonesian Rupiah	14,747.700000	14,790.800000	14,786.000000	14,787.200000	14,742.800000	14,783.300000	14,809.000000	14,817.100000	14,817.900000	14,824.000000	14,859.900000
Iranian Rial	18,838.000000	18,879.200000	18,873.200000	NA	NA	18,775.900000	NA	18,834.400000	18,839.300000	NA	18,888.800000
Israeli New Sheqel	5.849600	5.874720	5.857440	5.865340	5.874130	5.862490	NA	5.807000	5.813140	5.838900	5.819200
Kazakhstani Tenge	231.280000	231.786000	231.866000	231.461000	230.232000	230.089000	230.438000	230.975000	231.204000	231.297000	231.951000
Korean Won	1,664.380000	1,668.480000	1,668.260000	1,665.160000	1,658.390000	1,657.980000	1,656.800000	1,655.000000	1,652.970000	1,648.080000	1,654.550000
Kuwaiti Dinar	0.432305	0.433020	0.432651	0.432709	0.430871	0.431799	0.432311	0.432453	0.432335	NA	0.433088
Libyan Dinar	1.932400	1.932400	1.932400	1.932400	1.932400	1.932400	1.932400	1.932400	1.932400	1.932400	1.932400
Malaysian Ringgit	4.674910	4.685160	4.688280	4.685510	4.674190	4.682480	4.706080	4.694770	4.688300	4.698500	4.709890
Mauritian Rupee	47.195400	47.264800	47.274200	47.225500	47.071700	47.113100	47.349600	47.365500	47.267000	47.187200	47.254300
Mexican Peso	19.872800	19.957100	19.902100	19.859100	19.677800	NA	19.583200	NA	NA	19.637400	19.662900
Nepalese Rupee	133.371000	134.449000	134.852000	134.135000	133.259000	133.376000	133.538000	133.423000	133.304000	133.562000	134.271000
New Zealand Dollar	1.872680	1.876100	1.868890	1.855770	1.839240	1.840280	1.838670	1.830610	1.822830	1.822990	1.820500
Norwegian Krone	8.648270	8.641030	8.667310	8.632670	8.700720	8.675960	8.668140	8.634910	8.616310	NA	8.628950
Rial Omani	0.590800	0.592091	0.591902	0.591457	0.588945	0.588852	0.590179	0.590688	0.590842	0.590961	0.592396
Pakistani Rupee	148.332000	148.736000	148.756000	148.643000	148.108000	148.335000	NA	149.316000	149.672000	150.054000	151.322000
Nuevo Sol	3.959660	3.971410	3.971670	3.965610	3.942630	NA	3.947830	3.946630	3.939960	3.939230	3.945710
Philippine Peso	62.827500	62.941800	62.983400	62.855900	62.670000	62.684900	62.827500	62.900200	62.974700	63.106200	63.376200
Polish Zloty	4.839780	4.862230	4.851590	4.851330	4.890760	4.897350	4.857270	4.832880	4.814780	4.806240	4.781530
Qatar Riyal	5.593000	5.605260	5.603430	5.599230	5.575440	5.574570	5.587120	5.591930	5.593400	5.594530	5.608120
Russian Ruble	47.381500	47.727700	47.450000	47.548400	47.432700	47.274600	47.199900	47.212100	47.026500	47.168000	47.406400
Saudi Arabian Riyal	5.762030	5.774640	5.772770	5.768440	5.743920	5.743030	5.755960	5.760930	5.762430	5.763590	5.777570
Singapore Dollar	1.875500	1.877140	1.875920	1.876670	1.870230	1.871460	1.876290	1.876220	1.876240	1.877240	1.879950
South African Rand	13.582300	13.583100	13.509700	13.434700	13.334600	13.310600	13.329100	13.320700	13.283300	13.315400	NA
Sri Lanka Rupee	199.960000	199.459000	198.048000	197.635000	197.327000	197.173000	197.325000	197.910000	197.787000	197.596000	197.817000
Swedish Krona	10.224300	10.189500	10.151000	10.166600	10.202700	10.245600	10.262000	10.183600	10.234700	10.258600	10.262400
Swiss Franc	1.421760	1.427490	1.429030	1.425650	1.432460	1.431320	1.430550	1.428860	1.423860	1.419380	1.414660
Thai Baht	47.127100	47.215000	NA	47.189000	46.973100	NA	47.031600	47.055300	47.084300	47.097200	47.125100
Trinidad And Tobago Dollar	9.843970	9.904910	9.905310	9.874690	9.825310	9.811420	9.851340	9.870890	9.843100	9.845330	9.890810
Tunisian Dinar	2.415900	2.414720	2.408400	2.405670	2.402490	2.420800	2.427640	2.416360	2.408540	2.407960	2.407640
U.A.E. Dirham	5.642930	5.655280	5.653490	5.649240	5.625210	5.624330	5.637010	5.641880	5.643340	5.644490	5.658190
Peso Uruguayo	30.048500	30.015800	29.963100	29.945100	29.819400	29.663100	29.333900	29.429900	29.480500	29.509700	29.690600
Bolivar Fuerte	6.590650	6.605110	6.602970	6.598000	6.570000	6.568960	6.583760	6.589440	6.591130	6.592480	6.608470

Currency units per SDR for December 2012 Continued

Currency	December 18, 2012	December 19, 2012	December 20, 2012	December 21, 2012	December 26, 2012	December 27, 2012	December 28, 2012
Chinese Yuan	9.693770	9.716000	9.716000	9.699040	9.691710	9.703460	9.666600
Euro	1.169850	1.161880	1.166570	1.167720	NA	1.161980	1.165830
Japanese Yen	129.466000	130.366000	130.187000	129.457000	131.111000	132.259000	133.020000
U.K. Pound Sterling	0.951448	0.948245	0.949983	0.949956	NA	0.953007	0.953662
U.S. Dollar	1.541630	1.545540	1.545240	1.542440	1.539760	1.541480	1.536920
Algerian Dinar	120.407000	120.683000	NA	NA	120.224000	NA	NA
Australian Dollar	1.462510	1.469560	1.474180	1.475880	NA	1.488350	1.480650
Bahrain Dinar	0.579653	0.581122	0.581010	0.579959	0.578948	0.579596	0.577881
Botswana Pula	12.025200	11.990200	12.015900	12.040900	NA	11.986600	11.969800
Brazilian Real	3.222310	3.240380	3.212710	3.181290	3.198700	3.170680	3.148070
Brunei Dollar	1.880170	1.884010	1.885350	1.882400	1.884200	1.885540	1.880420
Canadian Dollar	1.519120	1.525140	1.527160	1.533500	NA	1.533620	1.529540
Chilean Peso	731.502000	733.837000	733.095000	732.692000	738.144000	738.509000	735.570000
Colombian Peso	2,770.270000	2,772.910000	NA	NA	2,730.670000	2,730.720000	2,722.720000
Czech Koruna	29.482200	29.338900	29.426000	29.415900	NA	29.166400	29.312100
Danish Krone	8.727450	8.668590	8.704050	8.712620	NA	8.668520	8.697620
Hungarian Forint	337.108000	334.841000	334.112000	334.818000	NA	340.822000	339.552000
Icelandic Krona	194.415000	193.687000	193.773000	194.857000	NA	196.200000	198.247000
Indian Rupee	84.556600	84.597400	84.744300	84.966800	84.630300	84.545100	84.295700
Indonesian Rupiah	14,865.900000	14,912.900000	14,927.000000	14,941.600000	14,946.500000	14,929.300000	14,862.000000
Iranian Rial	18,900.400000	18,948.300000	18,944.700000	NA	18,877.500000	18,898.600000	18,842.600000
Israeli New Sheqel	5.810410	5.795760	5.790020	5.779510	5.769470	5.743560	5.731180
Kazakhstani Tenge	232.092000	232.681000	232.729000	232.122000	231.719000	231.639000	230.984000
Korean Won	1,654.020000	1,658.210000	1,656.190000	1,655.660000	1,654.930000	1,655.250000	1,648.350000
Kuwaiti Dinar	0.433353	0.433909	0.433826	0.433041	0.433058	0.433388	0.432105
Libyan Dinar	1.932400	1.932400	1.932400	1.932400	1.932400	1.932400	1.932400
Malaysian Ringgit	4.709070	4.716200	4.727660	4.722190	4.727840	4.724650	4.703740
Mauritian Rupee	47.209900	47.260500	47.132200	47.041100	47.046000	47.065200	46.931600
Mexican Peso	19.615100	19.678900	19.744600	19.896100	20.025800	20.054800	19.961500
Nepalese Rupee	134.970000	135.775000	134.900000	135.118000	135.714000	135.342000	134.895000
New Zealand Dollar	1.825060	1.836860	1.853030	1.848120	NA	1.881690	1.872240
Norwegian Krone	8.639310	8.569570	8.591210	8.542480	NA	8.570820	8.554320
Rial Omani	0.592758	0.594258	0.594145	0.593067	0.592038	0.592701	0.590947
Pakistani Rupee	151.193000	151.325000	150.917000	150.403000	150.000000	150.218000	149.721000
Nuevo Sol	3.949650	3.959670	3.957370	3.953270	3.934080	3.929240	3.917600
Philippine Peso	63.268300	63.438100	63.446100	63.329600	63.334800	63.441300	63.308800
Polish Zloty	4.785830	4.743250	4.754550	4.749330	NA	4.750230	4.748000
Qatar Riyal	5.611550	5.625750	5.624680	5.614480	5.604720	5.611010	5.594370
Russian Ruble	47.768700	47.541600	47.530300	47.382800	47.139800	46.985600	46.680300
Saudi Arabian Riyal	5.781120	5.795760	5.794650	5.784160	5.774110	5.780550	5.763460
Singapore Dollar	1.880170	1.884010	1.885350	1.882400	1.884200	1.885540	1.880420
South African Rand	13.180400	13.093300	13.154700	13.189600	NA	13.095200	13.065600
Sri Lanka Rupee	198.319000	199.015000	198.481000	197.257000	195.241000	NA	195.311000
Swedish Krona	10.230100	10.184800	10.123700	10.063300	NA	10.020400	10.014000
Swiss Franc	1.412590	1.407370	1.406940	1.410720	NA	1.403980	1.408740
Thai Baht	47.138500	47.298100	47.332300	47.260300	47.187400	47.255600	47.071200
Trinidad And Tobago Dollar	9.915910	9.900400	9.915520	9.907070	NA	NA	9.866210
Tunisian Dinar	2.403860	2.406560	2.392040	2.387550	2.388940	2.390220	2.376690
U.A.E. Dirham	5.661650	5.675980	5.674890	5.664600	5.654770	5.661100	5.644330
Peso Uruguayo	29.736500	29.760800	29.708900	NA	NA	29.658100	29.814700
Bolivar Fuerte	6.612530	6.629280	6.628000	6.615990	6.604500	6.611880	6.592310

Notes:


The value of the U.S. dollar in terms of the SDR is the reciprocal of the sum of the dollar values, based on market exchange rates, of specified quantities of the SDR basket currencies. See SDR Valuation.

These rates are the official rates used by the Fund to conduct operations with member countries. The rates are derived from the currency's representative exchange rate, as reported by the central bank, normally against the U.S. dollar at spot market rates and rounded to six significant digits. See Representative Exchange Rates for Selected Currencies.

The value in terms of each national currency of the SDR (shown above) is the reciprocal of the value in terms of the SDR of each national currency, rounded to six significant digits.

Exchange rates are published daily except on IMF holidays or whenever the IMF is closed for business.
