Currency units per SDR for April 2012
Currency	April 02, 2012	April 03, 2012	April 04, 2012	April 05, 2012	April 06, 2012	April 09, 2012	April 10, 2012	April 11, 2012	April 12, 2012	April 13, 2012	April 16, 2012
Chinese Yuan	NA	NA	NA	9.683350	9.701670	9.695750	9.693680	9.719680	9.714770	9.702240	9.674270
Euro	1.162650	1.163810	1.171870	1.175530	NA	NA	1.172420	1.174600	1.172680	1.173560	1.179800
Japanese Yen	128.528000	126.836000	127.595000	126.351000	126.531000	125.356000	125.722000	124.531000	124.936000	124.952000	123.695000
U.K. Pound Sterling	0.965419	0.967483	0.970243	0.970855	NA	0.968945	0.971817	0.968401	0.966492	0.968795	0.970309
U.S. Dollar	1.548530	1.549610	1.540070	1.536180	1.538180	1.538490	1.537510	1.542370	1.542420	1.543000	1.536580
Algerian Dinar	114.799000	114.869000	114.720000	114.660000	114.793000	114.343000	114.107000	114.402000	114.275000	NA	113.972000
Australian Dollar	1.490260	1.489870	1.497690	1.490860	NA	NA	1.490130	1.499050	1.486100	1.484220	1.487350
Bahrain Dinar	0.582248	0.582656	0.579069	0.577604	0.578359	0.578473	0.578105	0.579929	0.579952	0.580168	0.577754
Botswana Pula	11.245700	11.261700	11.357500	11.353900	NA	11.370900	11.431300	11.510200	11.476400	11.429600	11.458400
Brazilian Real	2.821570	2.837970	2.811560	2.813680	2.815030	2.815580	2.807500	2.825150	2.823100	2.819050	2.821770
Brunei Dollar	1.943870	1.939340	1.936030	1.932360	NA	1.939720	1.936500	1.944620	1.937590	1.926430	1.926100
Canadian Dollar	1.535680	1.535670	1.534220	1.525120	NA	1.534180	1.541820	1.548380	1.534710	1.539760	1.540260
Chilean Peso	754.814000	752.740000	742.578000	743.174000	NA	747.815000	747.384000	751.196000	751.733000	746.781000	744.596000
Colombian Peso	2,775.070000	2,756.960000	2,722.600000	2,723.010000	2,726.560000	2,726.970000	2,736.050000	2,765.930000	2,757.330000	2,744.650000	2,730.680000
Czech Koruna	28.798000	28.652400	28.820900	29.036900	28.991700	NA	29.057400	29.155400	29.090100	29.045400	29.253400
Danish Krone	8.650890	8.659210	8.718320	NA	NA	NA	8.722120	8.736600	8.722880	8.729660	8.776470
Hungarian Forint	340.646000	342.015000	344.945000	347.178000	347.814000	NA	347.924000	351.968000	349.529000	348.903000	352.998000
Icelandic Krona	195.734000	195.825000	196.082000	NA	NA	NA	197.355000	196.205000	196.042000	195.884000	196.498000
Indian Rupee	NA	78.348400	78.620700	NA	NA	78.893600	78.720900	79.509000	79.342400	79.341200	79.379600
Indonesian Rupiah	14,189.200000	14,171.200000	14,104.000000	14,069.900000	NA	14,104.800000	14,091.300000	14,143.500000	14,148.700000	14,155.500000	14,095.000000
Iranian Rial	18,985.000000	18,998.300000	18,881.300000	18,833.600000	NA	18,861.900000	18,849.900000	18,909.400000	18,910.100000	NA	18,838.400000
Israeli New Sheqel	5.765180	5.769210	5.767580	5.751460	NA	NA	5.756460	5.796230	5.799520	NA	5.768310
Kazakhstani Tenge	228.826000	229.219000	227.992000	227.524000	228.098000	227.804000	226.814000	227.622000	227.755000	227.808000	226.845000
Korean Won	1,756.340000	1,748.120000	1,730.120000	1,732.510000	1,737.380000	1,739.570000	1,749.070000	1,754.600000	1,755.120000	1,762.570000	1,742.630000
Kuwaiti Dinar	0.430026	0.429941	0.428449	0.427520	0.428077	0.428469	0.427736	0.429087	0.428949	0.429107	0.428014
Libyan Dinar	1.932400	1.932400	1.932400	1.932400	1.932400	1.932400	1.932400	1.932400	1.932400	1.932400	1.932400
Malaysian Ringgit	4.732320	4.723220	4.714940	4.706100	4.710690	4.726990	4.717850	NA	4.736010	4.720810	4.719300
Mauritian Rupee	44.749700	44.774800	44.549000	44.531700	44.801300	44.818300	44.892000	45.021100	44.960200	44.965400	44.787800
Mexican Peso	19.773300	19.729200	19.736800	NA	NA	19.985300	20.228700	20.255000	20.165000	20.283900	20.308700
Nepalese Rupee	126.050000	126.139000	124.900000	125.660000	125.808000	125.833000	126.153000	126.551000	127.142000	126.942000	126.107000
New Zealand Dollar	1.882020	1.878090	1.883420	1.884190	NA	NA	1.872050	1.892010	1.881920	1.864200	1.866360
Norwegian Krone	8.778630	8.798400	8.841420	NA	NA	NA	8.888650	8.931680	8.924190	8.917900	8.911070
Rial Omani	0.595408	0.595827	0.592157	0.590664	0.591433	0.591548	0.591174	0.593039	0.593064	0.593282	0.590814
Pakistani Rupee	140.517000	140.397000	139.282000	138.882000	139.340000	139.403000	139.524000	139.907000	139.896000	139.866000	139.449000
Nuevo Sol	4.128380	4.132810	4.105830	NA	NA	4.101600	4.099020	4.108870	NA	4.099740	4.081150
Philippine Peso	66.484500	66.287900	65.704300	NA	NA	NA	65.838000	66.010100	66.029700	65.855300	65.565600
Polish Zloty	4.803070	4.802240	4.851680	4.866320	4.893590	NA	4.905280	4.940810	4.907690	4.901340	4.961450
Qatar Riyal	5.636660	5.640600	5.605850	5.591720	5.598980	5.600110	5.596530	5.614220	5.614410	5.616530	5.593150
Russian Ruble	45.446100	45.394900	45.322100	45.210400	45.315900	45.594200	45.565600	45.967700	45.608000	45.473800	45.730600
Saudi Arabian Riyal	5.807000	5.811050	5.775270	5.760700	5.768180	5.769340	5.765680	5.783890	5.784090	5.786230	5.762160
Singapore Dollar	1.943870	1.939340	1.936030	1.932360	NA	1.939720	1.936500	1.944620	1.937590	1.926430	1.926100
South African Rand	11.857900	11.916200	12.052600	12.053000	NA	NA	12.198600	12.340400	12.245500	12.164900	12.233000
Sri Lanka Rupee	198.482000	198.812000	195.126000	192.742000	NA	193.052000	193.419000	195.293000	NA	NA	198.128000
Swedish Krona	10.227400	10.212600	10.270300	10.294000	NA	NA	10.418200	10.473900	10.462300	10.432800	10.488400
Swiss Franc	1.397860	1.397910	1.407780	1.411910	NA	NA	1.413740	1.409110	1.411160	1.408600	1.417800
Thai Baht	47.707200	47.737500	47.686700	47.626300	NA	NA	47.583000	47.754800	47.512900	NA	NA
Trinidad And Tobago Dollar	NA	9.935220	9.880930	9.849690	9.833420	NA	9.829170	9.841550	9.868260	9.899230	9.851730
Tunisian Dinar	2.330540	NA	2.318580	2.336070	2.346350	NA	NA	2.353810	NA	NA	2.349430
U.A.E. Dirham	5.686990	5.690970	5.655920	5.641620	5.648980	5.650100	5.646530	5.664340	5.664570	5.666650	5.643090
Peso Uruguayo	30.197900	30.189600	30.011400	NA	NA	29.965200	29.998400	30.057700	NA	30.159500	30.113900
Bolivar Fuerte	6.642090	6.646770	6.605850	6.589130	6.597740	6.599050	6.594870	6.615680	6.615900	6.618400	6.590830

Currency units per SDR for April 2012 Continued

Currency	April 17, 2012	April 18, 2012	April 19, 2012	April 20, 2012	April 23, 2012	April 24, 2012	April 25, 2012	April 26, 2012	April 27, 2012	April 30, 2012
Chinese Yuan	9.701960	9.689360	9.708170	9.738810	9.717890	9.733970	9.731700	9.726110	9.728290	NA
Euro	1.174640	1.175640	1.177510	1.171020	1.175270	1.173920	1.171140	1.171420	1.171220	1.173410
Japanese Yen	124.051000	125.266000	125.582000	126.103000	125.466000	125.377000	125.940000	125.622000	125.735000	NA
U.K. Pound Sterling	0.966866	0.963066	0.961187	0.959030	0.959435	0.956654	0.960744	0.956517	0.955247	0.953534
U.S. Dollar	1.542540	1.539270	1.540880	1.544810	1.543250	1.545000	1.546610	1.548030	1.549410	1.550550
Algerian Dinar	114.245000	113.775000	113.862000	113.950000	114.009000	113.937000	114.700000	114.826000	114.983000	115.094000
Australian Dollar	1.495000	1.479780	1.488200	1.494590	1.492650	1.505550	NA	1.491210	1.494270	1.483350
Bahrain Dinar	0.579996	0.578767	0.579371	0.580848	0.580262	0.580919	0.581524	0.582059	0.582577	0.583005
Botswana Pula	11.367300	11.393600	11.405500	11.384000	11.397700	11.393800	11.347100	11.357500	11.351000	11.317900
Brazilian Real	2.834110	2.840570	2.880530	2.914590	2.899150	2.914490	2.904530	2.911380	2.923890	2.932400
Brunei Dollar	1.929410	1.921930	1.929030	1.933020	1.927520	1.929090	1.928000	1.923890	1.925920	1.918340
Canadian Dollar	1.523720	1.524190	1.529640	1.531060	1.533370	1.526930	1.523100	1.523410	1.519510	1.532560
Chilean Peso	751.140000	747.826000	750.903000	755.350000	750.126000	756.493000	753.432000	753.148000	751.275000	749.552000
Colombian Peso	2,739.040000	2,723.080000	2,733.850000	2,743.670000	2,733.290000	2,741.510000	2,734.260000	2,730.490000	2,734.140000	2,730.820000
Czech Koruna	29.137000	29.166100	29.249100	29.169100	29.439000	29.338000	29.049900	28.997700	29.122700	29.178200
Danish Krone	8.738970	8.745540	8.759330	8.710880	8.743780	8.734230	8.713080	8.714450	8.712170	8.728820
Hungarian Forint	349.385000	349.553000	349.225000	348.246000	350.595000	350.282000	341.831000	336.093000	337.368000	NA
Icelandic Krona	195.671000	195.995000	NA	195.109000	195.329000	195.504000	194.841000	195.052000	194.730000	195.136000
Indian Rupee	79.641300	79.272600	79.956500	80.329700	80.604200	81.560700	81.181400	81.379500	81.622700	81.434600
Indonesian Rupiah	14,157.400000	14,125.900000	14,148.400000	14,187.500000	14,173.200000	14,203.200000	14,219.500000	14,226.400000	14,239.100000	14,249.500000
Iranian Rial	18,911.600000	18,871.500000	18,891.200000	NA	18,920.300000	18,941.700000	NA	18,978.800000	NA	19,009.700000
Israeli New Sheqel	5.790690	5.801510	5.796800	5.803830	5.808790	5.806120	5.799760	NA	5.821130	5.814560
Kazakhstani Tenge	227.525000	227.104000	227.496000	228.260000	228.339000	228.382000	228.387000	228.721000	229.158000	229.310000
Korean Won	1,754.950000	1,753.080000	1,751.370000	1,761.850000	1,759.620000	1,759.600000	1,764.990000	1,763.820000	1,762.920000	1,758.630000
Kuwaiti Dinar	0.428980	0.428225	0.428675	0.429766	0.428638	0.429356	0.429647	0.429732	0.430117	0.429889
Libyan Dinar	1.932400	1.932400	1.932400	1.932400	1.932400	1.932400	1.932400	1.932400	1.932400	1.932400
Malaysian Ringgit	4.728670	4.714020	4.727130	4.742550	4.727750	4.743160	4.738480	4.733100	4.726480	4.704350
Mauritian Rupee	44.988700	44.873200	44.858700	44.978400	44.974100	45.030000	45.016300	44.969500	45.025800	45.014400
Mexican Peso	20.178900	20.214000	20.384000	20.263400	20.384300	20.300100	20.363700	20.448400	20.164200	20.481600
Nepalese Rupee	127.414000	126.836000	127.123000	128.095000	128.553000	128.683000	130.348000	130.174000	130.228000	130.339000
New Zealand Dollar	1.880920	1.872360	1.888570	1.896170	1.887310	1.899440	NA	1.899650	1.907200	1.883560
Norwegian Krone	8.865560	8.878940	8.888410	8.837670	8.883910	8.870750	8.856770	8.875320	8.887230	8.903210
Rial Omani	0.593106	0.591849	0.592470	0.593979	0.593380	0.594054	0.594672	0.595217	0.595749	0.596186
Pakistani Rupee	139.968000	139.601000	139.836000	140.168000	140.150000	140.478000	140.591000	140.567000	140.837000	141.052000
Nuevo Sol	4.095440	4.085230	4.089510	4.095290	4.091150	4.094250	4.096970	4.094530	4.088890	NA
Philippine Peso	65.948300	65.739300	65.690900	65.884400	65.864400	65.841900	66.068100	66.038900	65.994000	65.799000
Polish Zloty	4.916400	4.910580	4.912190	4.916810	4.934080	4.935660	4.898890	4.891630	4.906360	4.885630
Qatar Riyal	5.614850	5.602960	5.608810	5.623100	5.617440	5.623790	5.629650	5.634820	5.639840	5.643980
Russian Ruble	45.716000	45.405200	45.474800	45.604800	45.507300	45.507900	45.309800	45.321700	45.588800	NA
Saudi Arabian Riyal	5.784530	5.772270	5.778310	5.793040	5.787200	5.793740	5.799760	5.805110	5.810270	5.814560
Singapore Dollar	1.929410	1.921930	1.929030	1.933020	1.927520	1.929090	1.928000	1.923890	1.925920	1.918340
South African Rand	12.061100	12.041700	12.095600	12.068500	12.134500	12.078000	12.017300	12.021200	NA	12.008400
Sri Lanka Rupee	196.752000	197.593000	197.960000	199.974000	201.137000	202.258000	203.701000	205.190000	201.800000	202.767000
Swedish Krona	10.449000	10.410400	10.371200	10.394700	10.377700	10.419600	10.405700	10.376100	10.447400	10.421100
Swiss Franc	1.410650	1.414900	1.411910	1.407160	1.411770	1.410580	1.406480	1.407620	1.407020	1.409760
Thai Baht	47.542800	47.411100	47.610200	47.754600	47.760500	47.907400	47.862900	47.835700	47.799300	47.629700
Trinidad And Tobago Dollar	9.880740	9.822700	9.857460	9.888650	9.896870	9.863100	9.871960	9.903340	9.915130	9.925850
Tunisian Dinar	2.366100	2.339540	2.360480	2.347800	2.350520	2.362460	2.362600	2.372970	2.374010	2.386450
U.A.E. Dirham	5.664980	5.652980	5.658890	5.673310	5.667580	5.674020	5.679910	5.685150	5.690190	5.694370
Peso Uruguayo	30.414300	30.694600	30.669800	30.749400	NA	30.714600	30.720300	30.737600	30.712400	NA
Bolivar Fuerte	6.616430	6.602400	6.609300	6.626160	6.619450	6.626950	6.633850	6.639970	6.645890	6.650750

Notes:


The value of the U.S. dollar in terms of the SDR is the reciprocal of the sum of the dollar values, based on market exchange rates, of specified quantities of the SDR basket currencies. See SDR Valuation.

These rates are the official rates used by the Fund to conduct operations with member countries. The rates are derived from the currency's representative exchange rate, as reported by the central bank, normally against the U.S. dollar at spot market rates and rounded to six significant digits. See Representative Exchange Rates for Selected Currencies.

The value in terms of each national currency of the SDR (shown above) is the reciprocal of the value in terms of the SDR of each national currency, rounded to six significant digits.

Exchange rates are published daily except on IMF holidays or whenever the IMF is closed for business.
