Currency units per SDR for July 2012
Currency	July 02, 2012	July 03, 2012	July 05, 2012	July 06, 2012	July 09, 2012	July 10, 2012	July 11, 2012	July 12, 2012	July 13, 2012	July 16, 2012	July 17, 2012
Chinese Yuan	9.596840	9.588740	9.569190	9.535160	9.522810	9.512670	9.514200	9.480110	9.488660	9.487670	9.512850
Euro	1.206850	1.206940	1.218640	1.218030	1.223920	1.225300	1.227730	1.231450	1.231240	1.232670	1.226270
Japanese Yen	121.218000	120.690000	121.037000	120.559000	119.839000	119.685000	119.438000	119.403000	119.091000	NA	118.807000
U.K. Pound Sterling	0.969866	0.968185	0.971317	0.969989	0.971317	0.969396	0.967230	0.970525	0.971232	0.966473	0.963400
U.S. Dollar	1.519780	1.517730	1.514280	1.507560	1.504570	1.505290	1.505200	1.499660	1.500260	1.501030	1.505990
Algerian Dinar	119.993000	119.991000	NA	120.489000	120.940000	121.293000	121.326000	121.286000	121.244000	121.272000	121.707000
Australian Dollar	1.486050	1.477830	1.474900	1.469360	1.476510	1.479250	1.473670	1.474590	1.476200	1.466710	1.462980
Bahrain Dinar	0.571438	0.570666	0.569369	0.566842	0.565716	0.565989	0.565957	0.563873	0.564099	0.564385	0.566251
Botswana Pula	NA	11.576900	11.594800	11.668400	11.663300	11.597000	11.605200	11.679600	11.693400	NA	NA
Brazilian Real	3.071930	3.019220	3.059000	3.059140	3.063140	3.057530	3.060380	3.045810	3.071190	3.052780	3.069210
Brunei Dollar	1.928000	1.918410	1.917840	1.913700	1.914860	1.914120	1.908140	1.899920	1.904730	1.898800	1.899350
Canadian Dollar	NA	1.536400	1.534120	1.537560	1.536460	1.535840	1.534550	1.531750	1.522910	1.524590	1.527220
Chilean Peso	NA	761.655000	751.354000	747.703000	751.168000	747.960000	742.578000	738.640000	740.933000	736.073000	738.509000
Colombian Peso	2,712.050000	2,708.540000	2,682.600000	2,674.970000	2,686.030000	2,694.840000	2,686.870000	2,680.970000	2,685.650000	2,672.140000	2,678.280000
Czech Koruna	30.809000	30.841700	NA	NA	31.248300	31.156400	31.175800	31.326400	31.264000	31.293400	31.073100
Danish Krone	8.972070	8.972630	9.062650	9.063720	9.104400	9.113780	9.129840	9.158260	9.158520	9.170690	9.126000
Hungarian Forint	343.333000	343.129000	347.346000	348.743000	354.626000	351.093000	352.322000	354.984000	356.462000	355.143000	352.130000
Icelandic Krona	190.262000	190.642000	192.450000	192.832000	193.006000	192.706000	193.027000	193.411000	193.519000	193.692000	191.034000
Indian Rupee	NA	83.187100	83.331300	83.549200	84.285800	84.009600	83.343100	83.531000	83.504500	82.436200	83.055100
Indonesian Rupiah	14,287.500000	14,309.200000	14,208.500000	14,175.600000	14,200.100000	14,214.400000	14,239.200000	14,189.800000	14,222.500000	14,226.700000	14,267.700000
Iranian Rial	18,632.500000	18,607.400000	NA	NA	18,446.000000	18,454.800000	18,453.800000	NA	NA	18,402.600000	18,463.400000
Israeli New Sheqel	5.957560	5.958590	5.925400	5.924700	5.964100	5.954900	5.965130	5.965660	5.953020	5.980070	5.996860
Kazakhstani Tenge	227.086000	226.582000	226.431000	225.486000	225.038000	225.341000	225.570000	224.814000	224.874000	224.944000	225.823000
Korean Won	1,750.640000	1,735.830000	1,719.160000	1,713.340000	1,712.800000	1,719.640000	1,720.600000	1,715.760000	1,719.000000	1,721.680000	1,728.270000
Kuwaiti Dinar	0.425159	0.424585	0.424302	0.422419	0.423008	0.423211	0.423187	0.421854	0.422023	0.422089	0.423257
Libyan Dinar	1.932400	1.932400	1.932400	1.932400	1.932400	1.932400	1.932400	1.932400	1.932400	1.932400	1.932400
Malaysian Ringgit	4.817700	4.790720	4.791930	4.784230	4.797310	4.798860	4.796320	4.776420	4.780570	4.767260	4.760430
Mauritian Rupee	47.074800	46.897700	46.735100	46.605500	46.558800	46.696000	46.775100	46.604800	46.672300	46.739200	46.907200
Mexican Peso	20.360500	20.212200	NA	20.340700	20.241400	20.008800	20.055400	20.214700	20.020800	19.938400	19.913100
Nepalese Rupee	135.261000	134.911000	131.743000	132.725000	133.380000	134.648000	133.587000	132.795000	133.748000	132.421000	133.205000
New Zealand Dollar	1.898070	1.889840	1.883900	1.876940	1.886130	1.890110	1.895960	1.887310	1.897860	1.882170	1.890520
Norwegian Krone	9.082070	9.075560	9.110540	9.158430	9.175150	9.173220	9.176750	9.200140	9.161620	9.186450	9.166320
Rial Omani	0.584358	0.583567	0.582242	0.579656	0.578506	0.578781	0.578751	0.576618	0.576851	0.577144	0.579052
Pakistani Rupee	NA	143.821000	143.094000	142.004000	141.157000	142.076000	141.867000	141.571000	141.608000	142.110000	142.192000
Nuevo Sol	4.030470	NA	4.011330	3.995030	3.970550	3.963410	3.960190	3.947110	3.936680	3.935690	3.944180
Philippine Peso	64.250400	63.734100	63.180400	62.848800	62.893900	63.148100	63.030200	62.810100	62.935800	63.149700	63.090300
Polish Zloty	5.084580	5.073310	5.109650	5.134290	5.196480	5.139800	5.118730	5.156290	5.170340	5.156470	5.116290
Qatar Riyal	5.532010	5.524530	5.511980	5.487510	5.476630	5.479240	5.478940	5.458750	5.460960	5.463730	5.481790
Russian Ruble	49.436400	49.294100	49.172900	49.182600	49.636700	49.637400	49.413000	49.065300	48.997000	48.964600	48.937800
Saudi Arabian Riyal	5.699170	5.691490	5.678560	5.653360	5.642130	5.644810	5.644520	5.623730	5.625970	5.628860	5.647450
Singapore Dollar	1.928000	1.918410	1.917840	1.913700	1.914860	1.914120	1.908140	1.899920	1.904730	1.898800	1.899350
South African Rand	12.422500	12.348800	12.276300	12.397700	12.471100	12.362800	12.355500	12.523100	12.499300	12.415300	12.361600
Sri Lanka Rupee	203.269000	NA	202.351000	201.542000	200.648000	200.911000	201.191000	200.598000	200.752000	200.870000	201.478000
Swedish Krona	10.540600	10.521400	10.473500	10.510800	10.564200	10.546000	10.488700	10.531700	10.547400	10.577100	10.576500
Swiss Franc	1.446230	1.449130	1.454470	1.462630	1.468760	1.467950	1.470730	1.477460	1.476110	1.478810	1.472100
Thai Baht	48.069300	47.864500	47.777200	47.685600	47.785200	47.750700	47.750900	47.654700	47.667900	47.468500	47.535100
Trinidad And Tobago Dollar	9.759140	9.740320	9.698940	9.678860	9.658010	9.624080	9.625940	9.634380	9.631960	9.622140	9.677360
Tunisian Dinar	2.411130	2.407420	2.417850	2.415110	2.431530	2.443530	2.443540	2.436340	2.452930	2.454030	2.440600
U.A.E. Dirham	5.581380	5.573860	5.561210	NA	5.525530	5.528160	5.527850	5.507490	5.509700	5.512530	5.530730
Peso Uruguayo	33.161700	NA	33.288500	33.261300	33.064400	33.032000	32.834500	32.598100	32.530200	32.545200	32.725100
Bolivar Fuerte	6.518820	6.509990	6.495190	6.466380	6.453530	6.456610	6.456280	6.432480	6.435050	6.438360	6.459610

Currency units per SDR for July 2012 Continued

Currency	July 18, 2012	July 19, 2012	July 20, 2012	July 23, 2012	July 24, 2012	July 25, 2012	July 26, 2012	July 27, 2012	July 30, 2012	July 31, 2012
Chinese Yuan	9.495860	9.521910	9.502990	9.494060	9.491540	9.517370	9.536520	9.564710	9.544810	9.550730
Euro	1.229320	1.227640	1.234200	1.239630	1.239590	1.236590	1.227270	1.226280	1.231260	1.227880
Japanese Yen	118.932000	118.545000	118.576000	117.644000	117.260000	117.218000	117.512000	118.220000	118.166000	117.876000
U.K. Pound Sterling	0.963818	0.961686	0.959067	0.965428	0.966240	0.967923	0.965810	0.959536	0.959886	0.961575
U.S. Dollar	1.503940	1.508400	1.505730	1.500570	1.498540	1.500480	1.504630	1.510410	1.507800	1.508330
Algerian Dinar	121.842000	122.520000	122.314000	122.462000	122.245000	122.454000	122.139000	123.104000	123.562000	123.548000
Australian Dollar	1.460140	1.451780	1.447400	1.454880	1.454330	1.468180	1.456420	1.448700	1.440940	1.432960
Bahrain Dinar	0.565483	0.567160	0.566155	0.564213	0.563450	0.564181	0.565742	0.567914	0.566932	0.567131
Botswana Pula	11.577700	11.567500	11.645200	11.787600	11.780900	11.740900	11.636800	11.663400	11.607400	11.593600
Brazilian Real	3.060380	3.055720	3.047440	3.035200	3.058810	3.063680	3.069900	3.059340	3.041680	3.063880
Brunei Dollar	1.894370	1.895460	1.888630	1.892510	1.887110	1.892260	1.890570	1.890280	1.880220	1.878480
Canadian Dollar	1.520790	1.520020	1.522900	1.526380	1.529700	1.527640	1.519830	1.519470	1.512770	1.510440
Chilean Peso	735.159000	736.735000	731.240000	732.204000	738.929000	740.220000	741.015000	733.880000	729.230000	728.268000
Colombian Peso	2,675.470000	2,682.360000	2,673.880000	2,664.710000	2,682.960000	2,696.860000	2,707.550000	2,702.450000	2,700.640000	2,698.440000
Czech Koruna	31.079100	31.079200	31.570600	31.711500	31.650600	31.601700	31.300900	31.029900	31.080200	31.011300
Danish Krone	9.144610	9.132000	9.181810	9.222370	9.221520	9.198530	9.128920	9.122260	9.158680	9.136260
Hungarian Forint	349.998000	349.753000	349.705000	356.730000	356.097000	357.715000	356.838000	350.732000	346.084000	342.919000
Icelandic Krona	189.632000	189.290000	187.930000	186.866000	186.912000	186.465000	186.274000	185.025000	183.258000	182.553000
Indian Rupee	83.228600	83.535200	83.041300	83.671500	83.948300	84.597400	84.184300	83.691800	83.592500	84.180000
Indonesian Rupiah	14,231.800000	14,284.600000	14,271.300000	14,244.900000	14,218.100000	14,239.600000	14,283.500000	14,326.200000	14,301.400000	14,306.500000
Iranian Rial	18,438.400000	18,493.000000	NA	18,396.900000	18,372.100000	18,395.900000	18,446.800000	NA	18,485.600000	18,492.200000
Israeli New Sheqel	6.027800	6.086390	6.018400	6.063800	6.090060	6.094960	6.137380	6.168500	6.083950	6.028820
Kazakhstani Tenge	225.426000	225.747000	225.197000	224.350000	224.391000	224.952000	225.740000	226.607000	226.064000	226.144000
Korean Won	1,719.760000	1,719.880000	1,714.420000	1,711.700000	1,718.670000	1,722.700000	1,731.680000	1,732.740000	1,718.740000	1,713.770000
Kuwaiti Dinar	0.422835	0.424088	0.423336	0.422785	0.422212	0.423060	NA	NA	0.424520	0.424672
Libyan Dinar	1.932400	1.932400	1.932400	1.932400	1.932400	1.932400	1.932400	1.932400	1.932400	1.932400
Malaysian Ringgit	4.750210	4.752220	4.749060	4.759050	4.760090	4.775280	4.768940	4.769130	4.750010	4.742190
Mauritian Rupee	46.722200	46.830300	46.626100	46.443400	46.570100	46.662200	46.752100	46.878800	46.717600	46.582300
Mexican Peso	19.731900	19.899000	20.015400	20.290400	20.499400	20.487700	20.226000	20.063800	NA	20.035600
Nepalese Rupee	132.407000	133.690000	133.257000	132.800000	134.119000	134.458000	135.417000	135.393000	133.500000	133.714000
New Zealand Dollar	1.885820	1.885970	1.874430	1.882770	1.901690	1.917060	1.902670	1.887780	1.862400	1.863980
Norwegian Krone	9.198450	9.179700	9.161450	9.149720	9.138260	9.113030	9.080590	9.163970	9.138430	9.112780
Rial Omani	0.578265	0.579979	0.578952	0.576967	0.576186	0.576934	0.578533	0.580754	0.579747	0.579952
Pakistani Rupee	142.042000	142.317000	142.353000	NA	141.726000	141.857000	142.386000	142.874000	142.691000	142.861000
Nuevo Sol	3.938840	3.950510	3.961570	3.975010	3.956130	3.958260	3.958690	NA	3.956450	3.963900
Philippine Peso	62.764000	62.794700	62.751400	62.791200	62.977400	63.075600	63.409900	63.579300	63.227900	63.209500
Polish Zloty	5.105900	5.113490	5.113600	5.181290	5.196610	5.209530	5.194450	5.111690	5.093340	5.054130
Qatar Riyal	5.474350	5.490580	5.480860	5.462060	5.454670	5.461760	5.476870	5.497890	5.488380	5.490340
Russian Ruble	48.733900	48.384200	48.109300	48.582400	48.900700	49.464300	49.084800	48.654900	48.533100	48.576900
Saudi Arabian Riyal	5.639810	5.656520	5.646500	5.627110	5.619520	5.626800	5.642390	5.664020	5.654220	5.656240
Singapore Dollar	1.894370	1.895460	1.888630	1.892510	1.887110	1.892260	1.890570	1.890280	1.880220	1.878480
South African Rand	12.308300	12.266600	12.435500	12.697500	12.736000	NA	12.479200	12.456200	12.363300	12.341000
Sri Lanka Rupee	201.313000	201.690000	200.453000	197.810000	196.412000	196.106000	197.068000	198.046000	198.409000	198.799000
Swedish Krona	10.470200	10.446000	10.445200	10.466800	10.409900	10.456000	10.449100	NA	10.357200	10.261000
Swiss Franc	1.475670	1.472500	1.478170	1.486460	1.488500	1.490430	1.490040	1.476120	1.475980	1.475300
Thai Baht	47.596800	47.742500	47.734500	47.650600	47.598000	47.676300	47.647200	47.686700	47.610200	47.612000
Trinidad And Tobago Dollar	9.648970	9.673990	9.674640	9.630940	9.636790	9.613170	9.672400	9.724880	9.675950	9.649250
Tunisian Dinar	2.438800	2.441950	2.440790	2.436470	2.450700	2.452390	2.438110	2.447320	NA	2.447720
U.A.E. Dirham	5.523240	5.539610	5.529780	5.510830	5.503370	5.510520	5.525780	5.546990	5.537370	5.539340
Peso Uruguayo	32.680700	32.771500	32.687900	32.785900	32.888400	32.784000	32.536200	32.485900	32.571400	32.516600
Bolivar Fuerte	6.450860	6.469980	6.458530	6.436370	6.427690	6.436000	6.453820	6.478610	6.467380	6.469690

Notes:


The value of the U.S. dollar in terms of the SDR is the reciprocal of the sum of the dollar values, based on market exchange rates, of specified quantities of the SDR basket currencies. See SDR Valuation.

These rates are the official rates used by the Fund to conduct operations with member countries. The rates are derived from the currency's representative exchange rate, as reported by the central bank, normally against the U.S. dollar at spot market rates and rounded to six significant digits. See Representative Exchange Rates for Selected Currencies.

The value in terms of each national currency of the SDR (shown above) is the reciprocal of the value in terms of the SDR of each national currency, rounded to six significant digits.

Exchange rates are published daily except on IMF holidays or whenever the IMF is closed for business.
