Currency units per SDR for March 2013
Currency	March 01, 2013	March 04, 2013	March 05, 2013	March 06, 2013	March 07, 2013	March 08, 2013	March 11, 2013	March 12, 2013	March 13, 2013	March 14, 2013	March 15, 2013
Chinese Yuan	9.466830	9.462710	9.479480	NA	9.452510	9.457340	9.421250	9.422140	9.425960	9.399470	9.450720
Euro	1.159620	1.158050	1.158160	1.157460	1.157220	1.151940	1.155100	1.150420	1.157630	1.157830	1.151410
Japanese Yen	139.596000	140.987000	140.917000	140.586000	141.671000	143.159000	144.241000	144.908000	143.960000	143.722000	144.873000
U.K. Pound Sterling	1.003800	1.000980	0.995946	0.999770	1.004630	1.002650	1.009170	1.009100	1.003820	1.002330	0.994085
U.S. Dollar	1.507510	1.506280	1.509550	1.508750	1.505540	1.507890	1.500940	1.501640	1.502720	1.497880	1.506740
Algerian Dinar	118.612000	118.453000	118.581000	NA	118.418000	118.237000	118.129000	118.004000	118.459000	118.056000	118.321000
Australian Dollar	1.473330	1.487830	1.474030	NA	1.468670	1.472400	1.468490	1.460450	1.457530	1.444580	1.452140
Bahrain Dinar	0.566823	0.566360	0.567592	NA	0.566082	0.566964	0.564353	0.564614	0.565020	0.563203	0.566534
Botswana Pula	12.286200	12.276100	12.282700	NA	12.330400	12.299200	12.302800	12.298400	12.388400	12.358800	12.340200
Brazilian Real	2.977940	2.989650	2.992980	NA	2.961850	2.961790	2.931040	2.936000	2.943070	2.938700	2.964660
Brunei Dollar	1.864940	1.873350	1.878180	NA	1.879820	1.880030	1.874530	1.873440	1.874030	1.870700	1.881010
Canadian Dollar	1.550470	1.551160	1.553330	NA	1.551010	1.549050	1.541170	1.539780	1.543740	1.536970	1.535820
Chilean Peso	712.992000	714.444000	716.764000	NA	711.668000	711.815000	708.296000	708.306000	708.020000	705.921000	709.824000
Colombian Peso	2,735.050000	2,736.120000	2,737.610000	NA	2,722.010000	2,719.700000	2,702.370000	2,704.750000	2,707.350000	2,694.030000	2,708.030000
Czech Koruna	29.771800	29.714300	29.671700	NA	29.517600	29.307300	29.508500	29.516200	29.671100	29.661000	29.449200
Danish Krone	8.646330	8.633790	8.634910	NA	8.626560	8.590250	8.613490	8.579420	8.632370	8.634530	8.587380
Hungarian Forint	341.165000	344.124000	344.781000	NA	345.386000	343.496000	349.074000	352.149000	354.700000	353.275000	NA
Icelandic Krona	187.339000	187.953000	188.286000	NA	188.780000	189.617000	189.944000	190.047000	190.169000	190.246000	188.132000
Indian Rupee	82.131500	82.922900	82.500100	NA	82.412400	82.034500	81.491000	81.593400	81.312100	81.547400	81.606000
Indonesian Rupiah	14,589.700000	14,616.900000	14,650.200000	NA	14,599.200000	14,608.400000	14,541.100000	NA	14,573.300000	14,533.900000	14,615.400000
Iranian Rial	18,482.100000	18,466.900000	18,507.100000	NA	18,457.900000	NA	18,401.600000	18,410.100000	18,423.300000	18,364.000000	NA
Israeli New Sheqel	5.612460	5.622940	5.633640	NA	5.605130	5.571650	5.538480	5.529020	5.532990	5.542160	5.546310
Kazakhstani Tenge	226.971000	227.011000	227.640000	NA	227.005000	227.359000	226.267000	226.432000	226.684000	225.970000	227.096000
Korean Won	1,636.250000	1,629.640000	1,647.520000	NA	1,631.400000	1,638.170000	1,636.480000	1,649.250000	1,645.470000	1,643.920000	1,664.950000
Kuwaiti Dinar	0.426852	0.427707	0.428410	NA	0.427873	0.428541	0.427018	0.427215	0.427297	0.426521	0.429045
Libyan Dinar	1.932400	1.932400	1.932400	NA	1.932400	1.932400	1.932400	1.932400	1.932400	1.932400	1.932400
Malaysian Ringgit	4.664240	4.676680	4.680360	NA	4.680730	4.684260	4.667920	4.664830	4.664420	4.662900	4.695760
Mauritian Rupee	46.454400	46.386300	46.558200	NA	46.488100	46.534600	46.337500	NA	46.400700	46.386900	46.643300
Mexican Peso	19.297900	19.252300	19.224900	NA	19.246600	19.102500	18.808000	18.716600	18.628700	18.655400	18.742300
Nepalese Rupee	131.138000	132.326000	132.690000	NA	131.945000	131.623000	130.972000	130.883000	130.841000	130.091000	130.634000
New Zealand Dollar	1.827730	1.830220	1.823790	NA	1.817630	1.819580	1.827970	1.815320	1.822130	1.830250	1.833680
Norwegian Krone	8.680400	8.622250	8.616680	NA	8.582440	8.574420	8.592320	8.565460	8.616230	8.720830	8.673100
Rial Omani	0.579640	0.579163	0.580423	NA	0.578881	0.579781	0.577114	0.577381	0.577794	0.575934	0.579341
Pakistani Rupee	148.098000	147.961000	148.214000	NA	147.636000	147.705000	146.717000	147.053000	147.149000	146.687000	147.573000
Nuevo Sol	3.907470	3.910300	NA	3.916730	3.918930	3.923520	3.897950	3.889230	3.896540	3.882500	3.905470
Philippine Peso	61.298500	61.314300	61.556300	NA	61.248200	61.443200	61.112400	61.110500	61.053800	60.795800	61.182700
Polish Zloty	4.789200	4.795540	4.780000	NA	4.788810	4.778490	4.777190	4.788260	4.788100	4.793220	4.801670
Qatar Riyal	5.487330	5.482850	5.494780	NA	5.480170	5.488720	5.463440	5.465940	5.469890	5.452300	5.484530
Russian Ruble	46.187200	46.373800	46.337700	NA	46.314500	46.386700	46.165500	46.175100	46.164900	46.100200	46.286400
Saudi Arabian Riyal	5.653170	5.648540	5.660820	NA	5.645760	5.654570	5.628540	5.631140	5.635170	5.617060	5.650260
Singapore Dollar	1.864940	1.873350	1.878180	NA	1.879820	1.880030	1.874530	1.873440	1.874030	1.870700	1.881010
South African Rand	13.705000	13.681600	13.694200	NA	13.794700	13.701900	13.747200	13.720600	13.844200	13.845900	13.856200
Sri Lanka Rupee	192.152000	191.938000	192.414000	NA	191.636000	191.960000	190.287000	190.075000	189.585000	189.229000	190.382000
Swedish Krona	9.689550	9.699510	9.651110	NA	9.619360	9.554840	9.617420	9.624730	9.544350	9.633630	9.671930
Swiss Franc	1.417970	1.419360	1.422000	NA	1.425440	1.421790	1.426650	1.423250	1.423670	1.430920	1.419950
Thai Baht	44.848500	44.918600	44.977000	NA	44.800300	44.855100	44.659000	44.491900	44.503000	44.400200	44.560300
Trinidad And Tobago Dollar	9.621210	9.642550	9.667720	NA	9.624640	9.671460	9.625290	9.597390	9.630940	9.606520	9.682140
Tunisian Dinar	2.369960	2.374790	2.389920	NA	2.383870	2.385020	2.368790	2.376340	2.371430	2.365450	2.378090
U.A.E. Dirham	5.536330	5.531800	5.543820	NA	5.529080	5.537710	5.512220	5.514750	5.518730	5.500970	5.533510
Peso Uruguayo	28.808600	28.806000	NA	28.761300	28.706100	28.761400	28.606500	28.556700	28.545600	28.398300	28.483400
Bolivar Fuerte	9.473460	9.465750	9.486320	NA	9.461100	9.475890	9.432180	9.436540	9.443410	9.413010	9.468620

Currency units per SDR for March 2013 Continued

Currency	March 18, 2013	March 19, 2013	March 20, 2013	March 21, 2013	March 22, 2013	March 25, 2013	March 26, 2013	March 27, 2013	March 28, 2013	March 29, 2013
Chinese Yuan	9.427290	9.426760	9.412300	9.422140	9.432630	9.441980	9.408130	9.385000	9.398850	9.398320
Euro	1.162180	1.160450	1.159350	1.163430	1.161680	1.164360	1.166420	1.171810	1.169870	NA
Japanese Yen	142.369000	143.404000	NA	144.040000	142.773000	142.853000	141.118000	141.538000	141.038000	140.999000
U.K. Pound Sterling	0.994619	0.993838	0.992901	0.988993	0.989247	0.989746	0.990580	0.991041	0.990619	NA
U.S. Dollar	1.502580	1.502090	1.500770	1.501980	1.504140	1.506090	1.500130	1.496170	1.498020	1.499200
Algerian Dinar	118.387000	118.331000	118.177000	118.474000	118.437000	118.591000	118.407000	NA	118.415000	118.478000
Australian Dollar	1.449800	1.446120	1.445830	1.448110	1.441990	1.441240	1.433890	1.429550	1.436810	NA
Bahrain Dinar	0.564969	0.564783	0.564290	0.564745	0.565560	0.566290	NA	0.562559	0.563253	0.563698
Botswana Pula	12.326300	12.362800	12.403100	12.413100	12.451500	12.436800	12.387600	12.385500	12.359900	NA
Brazilian Real	2.967440	2.984800	2.976030	2.984140	2.997910	3.031170	3.021270	3.005360	3.023750	3.019080
Brunei Dollar	1.879580	1.876860	1.879420	1.878530	1.879280	1.875540	1.861820	1.859890	1.862930	NA
Canadian Dollar	1.535180	1.543240	1.540990	1.538180	1.537990	1.538930	1.525040	NA	1.521390	NA
Chilean Peso	708.662000	709.557000	708.873000	710.121000	711.506000	712.038000	708.963000	707.104000	707.874000	708.431000
Colombian Peso	NA	2,718.140000	2,716.140000	2,722.120000	2,741.720000	2,749.810000	2,738.930000	2,736.420000	2,744.670000	2,746.830000
Czech Koruna	29.772100	29.753300	29.770900	30.029100	30.016700	29.954700	30.085200	30.243600	30.095200	30.091800
Danish Krone	8.663710	8.651720	8.640880	8.671070	8.657710	8.679350	8.693010	8.733320	NA	NA
Hungarian Forint	356.576000	354.342000	353.627000	354.904000	357.926000	353.676000	356.687000	355.221000	357.247000	355.849000
Icelandic Krona	188.799000	188.932000	189.037000	188.334000	186.529000	185.611000	186.242000	186.498000	NA	NA
Indian Rupee	81.577400	81.508200	81.609300	81.529500	81.727400	81.478300	81.417300	NA	81.476400	NA
Indonesian Rupiah	14,602.100000	14,577.700000	14,592.000000	14,608.300000	14,654.900000	14,651.300000	14,618.800000	14,550.300000	14,559.200000	NA
Iranian Rial	18,421.600000	18,415.600000	18,399.500000	NA	NA	18,464.700000	18,391.700000	18,343.000000	18,365.700000	NA
Israeli New Sheqel	5.549020	5.530670	5.522850	NA	NA	5.521350	NA	5.441580	5.464780	NA
Kazakhstani Tenge	226.273000	226.349000	226.437000	NA	NA	227.240000	226.070000	225.637000	226.006000	226.139000
Korean Won	1,667.710000	1,674.530000	1,666.160000	1,678.470000	1,678.930000	1,682.610000	1,668.900000	1,657.610000	1,661.600000	1,667.260000
Kuwaiti Dinar	0.427634	0.427493	0.427420	0.427540	0.428154	0.427806	0.427013	0.426185	0.426934	NA
Libyan Dinar	1.932400	1.932400	1.932400	1.932400	1.932400	1.932400	1.932400	1.932400	1.932400	1.932400
Malaysian Ringgit	4.707570	4.687270	4.695170	4.685440	4.684650	4.656100	4.640670	4.638130	4.649090	4.630270
Mauritian Rupee	46.553200	46.515500	46.548400	46.611400	46.667500	46.763900	46.568400	46.467300	46.638700	46.707400
Mexican Peso	NA	18.676800	18.595900	18.600700	18.609900	18.612200	18.533600	NA	NA	NA
Nepalese Rupee	129.883000	130.231000	130.582000	130.673000	130.560000	130.925000	129.927000	129.583000	130.298000	130.430000
New Zealand Dollar	1.824180	1.817180	1.818680	1.817060	1.809600	1.804570	1.795920	1.782850	1.789960	NA
Norwegian Krone	8.718090	8.727150	8.747220	8.781480	8.758480	8.782790	8.745160	8.716120	NA	NA
Rial Omani	0.577741	0.577551	0.577047	0.577514	0.578342	0.579092	0.576801	0.575278	0.575987	0.576442
Pakistani Rupee	147.558000	147.480000	147.451000	147.501000	147.757000	148.076000	147.625000	147.213000	147.497000	147.630000
Nuevo Sol	3.902200	3.897910	3.891500	3.894640	3.895730	3.896270	3.876340	NA	NA	NA
Philippine Peso	61.004600	61.142300	61.030300	61.195400	61.274100	61.480200	61.214500	61.250100	NA	NA
Polish Zloty	4.810510	4.814940	4.827840	4.864480	4.867550	4.811970	4.864480	4.882740	4.909450	4.885890
Qatar Riyal	5.469380	5.467590	5.462810	5.467230	5.475070	5.482190	5.460480	5.446060	5.452770	5.457090
Russian Ruble	46.415800	46.307000	46.440800	46.399800	46.527000	46.325200	46.314300	46.176400	46.432800	46.600100
Saudi Arabian Riyal	5.634660	5.632820	5.627910	5.632440	5.640540	5.647870	5.625500	5.610630	5.617570	5.621990
Singapore Dollar	1.879580	1.876860	1.879420	1.878530	1.879280	1.875540	1.861820	1.859890	1.862930	NA
South African Rand	13.791600	13.851100	13.936600	NA	13.995200	13.966500	13.905600	13.893700	13.778600	NA
Sri Lanka Rupee	189.400000	189.571000	189.847000	190.283000	190.934000	191.087000	NA	189.654000	190.028000	NA
Swedish Krona	9.690580	9.689080	9.682420	9.723280	9.765530	9.761910	9.770200	9.708080	9.761340	NA
Swiss Franc	1.420390	1.419170	1.419280	1.421330	1.418860	1.416930	1.423480	1.425550	1.426260	1.427380
Thai Baht	44.438700	44.117800	43.813500	43.861000	44.017200	44.059300	44.030400	43.863300	43.822900	43.929400
Trinidad And Tobago Dollar	9.632700	9.619640	9.628250	9.634000	9.644220	9.682790	9.644500	9.617050	9.608550	9.609100
Tunisian Dinar	2.358450	2.372690	NA	NA	NA	2.383240	2.371860	2.377410	2.390390	2.388220
U.A.E. Dirham	5.518220	5.516420	5.511590	5.516020	5.523980	5.531130	5.509250	5.494690	5.501460	5.505790
Peso Uruguayo	28.335600	28.408900	28.379700	28.540700	28.577200	28.532900	28.244500	NA	NA	NA
Bolivar Fuerte	9.442510	9.439390	9.431200	9.438770	9.452330	9.464590	9.427110	9.402210	9.413800	9.421250

Notes:


The value of the U.S. dollar in terms of the SDR is the reciprocal of the sum of the dollar values, based on market exchange rates, of specified quantities of the SDR basket currencies. See SDR Valuation.

These rates are the official rates used by the Fund to conduct operations with member countries. The rates are derived from the currency's representative exchange rate, as reported by the central bank, normally against the U.S. dollar at spot market rates and rounded to six significant digits. See Representative Exchange Rates for Selected Currencies.

The value in terms of each national currency of the SDR (shown above) is the reciprocal of the value in terms of the SDR of each national currency, rounded to six significant digits.

Exchange rates are published daily except on IMF holidays or whenever the IMF is closed for business.
