Currency units per SDR for January 2013
Currency	January 02, 2013	January 03, 2013	January 04, 2013	January 07, 2013	January 08, 2013	January 09, 2013	January 10, 2013	January 11, 2013	January 14, 2013	January 15, 2013	January 16, 2013
Chinese Yuan	NA	NA	9.591130	9.602270	9.622140	9.599970	9.606420	9.630850	9.649720	9.652040	9.651480
Euro	1.161370	1.170500	1.171910	1.171310	1.170780	1.170590	1.166680	1.156940	1.153700	1.155270	1.158550
Japanese Yen	NA	NA	133.657000	134.522000	134.103000	133.651000	134.842000	136.680000	NA	137.919000	135.593000
U.K. Pound Sterling	0.945144	0.947822	0.952045	0.951095	0.951602	0.953471	0.952590	0.953216	0.957185	0.959205	0.959104
U.S. Dollar	1.540210	1.533580	1.524890	1.527270	1.532080	1.528320	1.529860	1.535730	1.539150	1.539620	1.538210
Algerian Dinar	120.070000	120.080000	119.690000	119.705000	120.003000	NA	119.749000	119.715000	119.769000	119.818000	119.908000
Australian Dollar	1.471350	NA	1.461470	1.458430	1.461910	1.454990	1.450240	1.451120	1.457530	1.459910	1.456090
Bahrain Dinar	0.579119	0.576628	0.573362	0.574254	0.576063	0.574647	0.575228	0.577434	0.578720	0.578898	0.578366
Botswana Pula	11.967400	12.028100	12.035500	12.016300	12.006900	11.996200	12.046100	12.101800	12.138400	12.199900	12.237100
Brazilian Real	NA	3.130810	3.120540	3.119450	3.111970	3.100340	3.123520	3.126430	3.130780	3.130660	3.133940
Brunei Dollar	1.880290	1.875110	1.875010	1.879610	1.882780	1.876930	1.876830	1.880030	1.887150	1.885270	1.884000
Canadian Dollar	1.518490	1.511040	1.502940	1.505890	1.512630	1.508150	1.508440	1.511310	1.514530	1.514830	1.515140
Chilean Peso	739.240000	728.927000	721.657000	722.596000	722.329000	720.388000	720.793000	722.820000	726.354000	727.654000	730.498000
Colombian Peso	NA	2,699.060000	2,685.080000	NA	2,708.020000	2,707.120000	2,704.730000	2,705.180000	2,712.570000	2,707.350000	2,722.440000
Czech Koruna	29.299400	29.565900	29.720200	29.899400	29.944600	29.874000	29.901200	29.608700	29.553300	29.586900	29.641300
Danish Krone	8.664010	8.731790	8.741490	8.737670	8.734390	8.733240	8.704130	8.632000	8.609560	8.621140	8.645510
Hungarian Forint	NA	339.673000	341.027000	340.963000	341.608000	340.922000	338.237000	341.807000	342.323000	337.962000	342.005000
Icelandic Krona	196.484000	197.341000	197.687000	197.705000	197.256000	197.642000	197.872000	197.387000	196.934000	197.610000	198.260000
Indian Rupee	83.770300	83.450200	83.634400	83.966600	84.766600	84.000400	83.577100	83.757000	84.092300	83.975000	84.334100
Indonesian Rupiah	14,916.900000	14,829.700000	14,753.400000	14,814.500000	14,922.500000	14,885.800000	14,862.600000	14,835.100000	14,883.600000	14,995.900000	14,905.200000
Iranian Rial	18,883.000000	NA	18,695.200000	18,724.300000	18,783.300000	18,737.200000	18,756.100000	NA	18,870.000000	18,875.800000	18,858.400000
Israeli New Sheqel	5.720330	5.727930	5.756490	5.789890	5.766750	5.781620	5.778280	5.746700	5.745640	5.748940	5.742140
Kazakhstani Tenge	232.171000	230.605000	229.634000	229.992000	230.747000	230.318000	230.902000	231.772000	232.273000	232.252000	231.808000
Korean Won	1,649.720000	1,632.810000	1,622.180000	1,625.170000	1,629.220000	1,624.910000	1,624.870000	1,629.400000	1,626.110000	1,626.000000	1,623.420000
Kuwaiti Dinar	0.432953	0.431934	0.429487	0.431148	0.431818	0.431062	0.431803	0.433458	0.432732	0.433095	0.432852
Libyan Dinar	1.932400	1.932400	1.932400	1.932400	1.932400	1.932400	1.932400	1.932400	1.932400	1.932400	1.932400
Malaysian Ringgit	4.678380	4.655950	4.643300	4.648240	4.656770	4.648370	4.646950	4.637900	4.642850	4.627490	4.640010
Mauritian Rupee	NA	46.856400	46.686400	46.778400	46.915100	46.728100	46.833100	47.003300	47.057900	46.935800	46.830900
Mexican Peso	19.635800	19.542400	19.457200	19.500000	19.613000	19.486500	19.361200	19.423500	19.475300	19.480200	19.428300
Nepalese Rupee	134.922000	133.391000	132.666000	134.553000	135.130000	134.844000	134.230000	134.376000	134.830000	134.871000	133.978000
New Zealand Dollar	NA	1.839930	1.841880	1.838310	1.830010	1.827040	1.821700	1.818070	1.834720	1.827010	1.831640
Norwegian Krone	8.498270	8.534680	8.553730	8.557610	8.576620	8.574490	8.514480	8.502390	8.494080	8.548470	8.596460
Rial Omani	0.592210	0.589661	0.586321	0.587237	0.589088	0.587637	0.588232	0.590486	0.591804	0.591986	0.591440
Pakistani Rupee	NA	149.380000	148.770000	148.883000	149.372000	148.771000	148.810000	149.442000	149.866000	149.981000	150.233000
Nuevo Sol	3.924450	3.910630	3.882380	NA	3.900690	3.894160	3.902680	3.913020	3.907900	3.912180	3.913210
Philippine Peso	63.268700	62.720300	62.206500	62.398200	62.653100	62.424300	62.442600	62.554700	62.491000	62.587200	62.403700
Polish Zloty	4.722280	4.754860	4.833910	4.828910	4.819490	4.816650	4.761090	4.743860	4.744890	4.734330	4.783360
Qatar Riyal	5.606360	5.582230	5.550620	5.559260	5.576780	5.563070	5.568700	5.590030	5.602520	5.604220	5.599070
Russian Ruble	46.780300	NA	46.162700	46.387400	46.533500	46.493700	46.454200	46.461300	46.575800	46.582300	46.669000
Saudi Arabian Riyal	5.775770	5.750930	5.718370	5.727280	5.745310	5.731180	5.736970	5.758980	5.771810	5.773570	5.768280
Singapore Dollar	1.880290	1.875110	1.875010	1.879610	1.882780	1.876930	1.876830	1.880030	1.887150	1.885270	1.884000
South African Rand	13.033300	13.176500	13.197000	13.135500	13.126000	13.137000	13.212300	13.342200	13.402900	13.509300	13.596400
Sri Lanka Rupee	196.611000	195.294000	194.401000	194.558000	195.162000	194.439000	193.208000	193.556000	NA	194.098000	194.342000
Swedish Krona	9.936800	9.981430	9.975860	10.010500	9.973270	10.020300	10.045500	9.970190	9.939670	9.933350	10.049900
Swiss Franc	NA	1.413500	1.418460	1.415930	1.411200	1.415680	1.411450	1.407650	1.411550	1.425840	1.429760
Thai Baht	46.933200	46.570300	46.427000	46.511400	46.636600	46.477700	46.495600	46.483300	46.602400	46.341100	46.046200
Trinidad And Tobago Dollar	NA	9.828590	9.773640	9.755620	9.790290	9.765050	9.798350	9.849500	9.868060	9.900500	9.847460
Tunisian Dinar	NA	2.373220	2.381280	2.398120	2.406140	2.391660	2.402800	2.409550	2.392150	NA	2.390220
U.A.E. Dirham	5.656430	5.632090	5.600170	5.608900	5.626580	5.612740	5.618420	5.639970	5.652530	5.654250	5.649080
Peso Uruguayo	29.880000	29.777600	29.575300	NA	29.696400	29.621900	29.648700	29.757700	29.830300	29.854800	29.832000
Bolivar Fuerte	6.606420	6.578000	6.540740	NA	6.571550	6.555400	6.562020	6.587180	6.601880	6.603890	6.597830

Currency units per SDR for January 2013 Continued

Currency	January 17, 2013	January 18, 2013	January 22, 2013	January 23, 2013	January 24, 2013	January 25, 2013	January 28, 2013	January 29, 2013	January 30, 2013	January 31, 2013
Chinese Yuan	9.657360	9.642090	9.652040	9.646740	9.632890	9.647760	9.649340	9.657170	9.676230	9.678860
Euro	1.150970	1.153210	1.154190	1.153060	1.149390	1.140510	1.142570	1.143840	1.137760	1.137520
Japanese Yen	136.398000	138.365000	137.027000	136.258000	135.864000	139.022000	139.860000	139.363000	140.091000	140.369000
U.K. Pound Sterling	0.959896	0.963883	0.968701	0.969368	0.969678	0.974469	0.978081	0.976248	0.976696	0.976582
U.S. Dollar	1.538610	1.536530	1.537040	1.537040	1.534320	1.536150	1.536070	1.536520	1.540650	1.541340
Algerian Dinar	119.750000	119.520000	119.720000	119.656000	NA	119.381000	119.329000	119.318000	119.368000	119.336000
Australian Dollar	1.464230	1.460860	1.456910	1.458700	1.459170	1.470000	NA	1.471060	1.470790	1.482910
Bahrain Dinar	0.578516	0.577737	0.577928	0.577924	0.576904	0.577594	0.577564	0.577734	0.579284	0.579542
Botswana Pula	12.182200	12.292300	12.247300	12.325900	12.363600	12.338600	12.347900	12.401300	12.404600	12.330700
Brazilian Real	3.140150	3.136210	3.138630	3.146460	3.129090	3.125150	3.115920	3.110080	3.067740	3.067260
Brunei Dollar	1.884490	1.882410	1.887640	1.887020	1.882460	1.891150	1.897510	1.901600	1.902540	1.909560
Canadian Dollar	1.515990	1.526850	1.526900	1.534880	1.538310	1.548130	1.546670	1.540980	1.545730	1.540100
Chilean Peso	731.561000	726.871000	725.516000	724.638000	722.632000	723.034000	723.474000	NA	728.311000	726.586000
Colombian Peso	2,731.260000	2,716.250000	2,717.090000	2,731.250000	2,729.080000	2,733.940000	2,733.060000	2,734.770000	2,736.330000	2,733.160000
Czech Koruna	29.392100	29.561300	29.558900	29.515700	29.416000	29.205300	29.363600	29.350600	29.193800	29.135800
Danish Krone	8.589150	8.606440	8.614530	8.605260	8.576700	8.511220	8.524130	8.532500	8.488820	8.487380
Hungarian Forint	336.878000	336.947000	339.147000	339.024000	339.729000	339.950000	339.135000	339.971000	336.031000	332.312000
Icelandic Krona	197.957000	198.136000	197.079000	198.093000	198.142000	197.672000	197.432000	198.150000	198.189000	195.364000
Indian Rupee	84.073900	82.890600	82.249000	82.648000	82.625500	NA	82.780100	82.513700	82.529400	82.136200
Indonesian Rupiah	14,909.100000	14,881.300000	14,817.100000	14,809.300000	NA	14,813.100000	14,853.900000	14,873.500000	14,928.900000	14,947.900000
Iranian Rial	18,863.400000	NA	18,844.100000	18,844.100000	18,810.700000	NA	18,832.300000	18,837.800000	18,888.300000	18,896.800000
Israeli New Sheqel	5.728260	5.711280	NA	5.720860	5.706130	5.705260	5.732630	5.729710	5.738910	5.746100
Kazakhstani Tenge	232.022000	231.479000	231.663000	231.662000	231.360000	231.498000	231.579000	231.462000	232.345000	232.449000
Korean Won	1,629.230000	1,625.960000	1,629.260000	1,636.020000	1,634.660000	1,641.220000	1,646.360000	1,663.290000	1,676.220000	NA
Kuwaiti Dinar	0.433120	0.432533	0.432754	0.432752	NA	0.432504	0.432404	0.432532	0.433461	0.433039
Libyan Dinar	1.932400	1.932400	1.932400	1.932400	1.932400	1.932400	1.932400	1.932400	1.932400	1.932400
Malaysian Ringgit	4.649370	4.629570	4.667230	4.670280	NA	4.690320	NA	4.729430	4.742100	4.777370
Mauritian Rupee	46.896200	46.780100	46.797400	46.892200	46.805100	46.895500	46.833600	46.807500	46.914900	46.858800
Mexican Peso	NA	19.445600	19.492300	19.461300	19.376300	19.508000	19.631300	19.534400	19.629100	19.589400
Nepalese Rupee	134.813000	133.371000	132.339000	131.954000	131.951000	131.878000	131.918000	132.295000	132.788000	131.800000
New Zealand Dollar	1.828630	1.837960	1.838570	1.826980	1.821370	1.833550	1.838070	1.842790	1.836510	1.843920
Norwegian Krone	8.523410	8.602890	8.589440	8.534390	8.521010	8.467110	8.503110	8.477020	8.459230	8.457450
Rial Omani	0.591597	0.590797	0.590992	0.590989	0.589946	0.590650	0.590622	0.590793	0.592378	0.592642
Pakistani Rupee	150.237000	150.120000	150.237000	150.204000	149.870000	NA	150.132000	150.108000	150.483000	150.647000
Nuevo Sol	3.918850	3.922770	3.925600	3.922520	3.918650	3.926400	NA	3.935040	3.942520	3.973570
Philippine Peso	62.524600	62.407900	62.534400	62.471100	62.333300	62.424700	62.498400	62.599400	62.870500	62.659800
Polish Zloty	4.747080	4.751720	4.817230	4.794780	4.833560	4.790650	4.773200	4.798420	4.766440	4.758710
Qatar Riyal	5.600550	5.592970	5.594810	5.594810	5.584910	5.591590	5.591310	5.592940	5.607960	5.610480
Russian Ruble	46.686200	46.413200	46.411000	46.463400	46.282400	46.153800	46.202400	46.328300	46.262000	46.264800
Saudi Arabian Riyal	5.769770	5.762000	5.763890	5.763890	5.753710	5.760570	5.760270	5.761960	5.777440	5.780010
Singapore Dollar	1.884490	1.882410	1.887640	1.887020	1.882460	1.891150	1.897510	1.901600	1.902540	1.909560
South African Rand	13.512700	13.678200	13.604200	13.765300	13.853400	13.827400	13.808100	13.928400	13.938300	13.801300
Sri Lanka Rupee	194.800000	194.689000	194.623000	194.750000	194.798000	NA	195.093000	195.254000	195.198000	194.904000
Swedish Krona	10.002400	9.982730	10.002400	10.029600	9.999200	9.964130	9.939370	9.872350	9.803250	9.802860
Swiss Franc	1.431830	1.432350	1.427600	1.426830	1.427070	1.418940	1.423480	1.420210	1.412930	1.405080
Thai Baht	45.861500	45.774800	45.769900	45.780600	45.754900	45.892400	46.016200	45.877500	45.872800	45.921100
Trinidad And Tobago Dollar	9.849110	9.848720	9.850080	9.833230	9.826850	9.836130	9.835940	9.831010	9.862710	9.854840
Tunisian Dinar	2.398850	2.387770	2.398550	2.396090	NA	NA	2.382600	2.380530	2.385380	2.378430
U.A.E. Dirham	5.650550	5.642930	5.644770	5.644770	5.634790	5.641530	5.641240	5.642900	5.658030	5.660560
Peso Uruguayo	29.782900	29.658200	29.618700	29.618700	29.593900	29.633800	NA	29.562700	29.529500	29.505700
Bolivar Fuerte	6.599570	6.590650	6.592830	6.592830	6.581160	6.589000	6.588700	6.590610	6.608290	6.611260

Notes:


The value of the U.S. dollar in terms of the SDR is the reciprocal of the sum of the dollar values, based on market exchange rates, of specified quantities of the SDR basket currencies. See SDR Valuation.

These rates are the official rates used by the Fund to conduct operations with member countries. The rates are derived from the currency's representative exchange rate, as reported by the central bank, normally against the U.S. dollar at spot market rates and rounded to six significant digits. See Representative Exchange Rates for Selected Currencies.

The value in terms of each national currency of the SDR (shown above) is the reciprocal of the value in terms of the SDR of each national currency, rounded to six significant digits.

Exchange rates are published daily except on IMF holidays or whenever the IMF is closed for business.
