Currency units per SDR for February 2013
Currency	February 01, 2013	February 04, 2013	February 05, 2013	February 06, 2013	February 07, 2013	February 08, 2013	February 11, 2013	February 12, 2013	February 13, 2013	February 14, 2013	February 15, 2013
Chinese Yuan	9.699790	9.670240	9.667070	9.654190	9.667810	9.626310	NA	NA	NA	NA	NA
Euro	1.131700	1.135160	1.136230	1.135830	1.134700	1.146270	1.142420	1.138910	1.136960	1.144750	1.145560
Japanese Yen	142.334000	142.561000	141.938000	144.012000	143.531000	143.613000	NA	144.247000	143.040000	142.614000	141.198000
U.K. Pound Sterling	0.975296	0.978359	0.976706	0.980402	0.978091	0.973596	0.975210	0.980315	0.984281	0.983632	0.985319
U.S. Dollar	1.544090	1.538370	1.538120	1.535310	1.537070	1.533020	1.529820	1.530470	1.532630	1.525610	1.526460
Algerian Dinar	119.289000	NA	119.207000	119.035000	119.383000	119.126000	118.998000	118.905000	118.959000	118.858000	118.930000
Australian Dollar	1.486130	1.475230	1.478960	1.482960	1.489690	1.490250	1.485120	1.492990	1.479510	1.473730	1.472570
Bahrain Dinar	NA	0.578429	0.578332	0.577277	0.577938	0.576415	0.575212	0.575457	0.576269	0.573628	0.573951
Botswana Pula	12.352700	12.297100	12.275500	12.282500	12.286700	12.283800	12.248400	12.312700	12.221900	12.224400	12.172700
Brazilian Real	3.070110	3.052590	3.059790	3.052340	3.056300	3.033690	3.003950	3.005220	3.009460	3.000880	3.001940
Brunei Dollar	NA	1.905730	1.903580	1.899480	1.903660	1.898640	NA	NA	1.897090	1.884280	1.884880
Canadian Dollar	1.542080	1.534830	1.533810	1.529170	1.535990	1.536080	NA	1.534910	1.535690	1.526830	1.537150
Chilean Peso	727.945000	725.558000	726.406000	725.263000	727.384000	724.533000	722.914000	723.469000	723.709000	718.061000	718.706000
Colombian Peso	2,741.750000	2,732.460000	2,746.960000	2,746.810000	2,753.260000	2,752.090000	2,739.310000	2,731.440000	2,732.980000	2,712.110000	2,721.970000
Czech Koruna	29.007200	29.141400	29.150400	29.233800	28.677000	28.932700	28.835600	28.831000	28.894600	29.053700	29.073000
Danish Krone	8.442740	8.468120	8.475800	8.473070	8.465390	8.551470	8.524420	8.497910	8.483560	8.540370	8.544670
Hungarian Forint	330.203000	331.043000	332.881000	333.055000	333.313000	334.168000	332.430000	333.948000	329.791000	333.987000	334.600000
Icelandic Krona	194.879000	194.296000	194.880000	194.953000	194.931000	195.981000	196.995000	196.435000	195.793000	196.742000	197.127000
Indian Rupee	82.336400	81.492300	81.973300	81.502900	81.686700	82.122700	82.119300	82.581800	82.532100	82.186800	82.411000
Indonesian Rupiah	14,977.600000	14,880.700000	14,915.200000	14,871.000000	14,948.000000	14,847.300000	14,775.000000	14,744.500000	14,780.700000	14,745.000000	14,782.300000
Iranian Rial	NA	18,860.500000	18,857.400000	18,822.900000	18,844.400000	NA	18,755.600000	18,763.500000	18,790.000000	18,704.000000	NA
Israeli New Sheqel	5.685340	5.668900	5.677210	5.674500	5.667170	5.664500	5.661870	5.658120	5.650800	5.614260	5.623470
Kazakhstani Tenge	232.972000	232.110000	231.687000	231.095000	NA	230.781000	230.391000	230.381000	230.615000	229.604000	229.656000
Korean Won	1,681.360000	1,681.290000	1,675.010000	1,668.570000	1,673.560000	1,669.920000	NA	1,674.030000	1,677.000000	1,657.420000	1,655.750000
Kuwaiti Dinar	NA	0.432360	0.432904	0.432113	0.432839	0.431699	0.431256	0.431822	0.431742	0.430145	0.430385
Libyan Dinar	1.932400	1.932400	1.932400	1.932400	1.932400	1.932400	1.932400	1.932400	1.932400	1.932400	1.932400
Malaysian Ringgit	NA	4.770490	4.761250	4.750230	4.763380	4.749290	NA	NA	4.745790	4.708790	4.722860
Mauritian Rupee	NA	46.613100	46.550800	46.564300	46.681200	46.585500	46.569000	46.638700	46.731200	46.441000	46.533500
Mexican Peso	19.513700	NA	19.425500	19.446800	19.536900	19.516400	NA	NA	19.482200	19.372500	NA
Nepalese Rupee	131.448000	130.915000	130.679000	130.655000	130.620000	130.613000	130.952000	131.008000	132.419000	131.416000	131.657000
New Zealand Dollar	1.839950	1.814330	1.824150	NA	1.830930	1.840360	1.828610	1.832890	1.823470	1.803110	1.792460
Norwegian Krone	8.405690	8.431350	8.423960	8.431280	8.436470	8.472060	8.430490	8.413120	8.380540	8.425950	8.470770
Rial Omani	0.593701	0.591502	0.591408	0.590326	0.591003	0.589445	0.588215	0.588464	0.589296	0.586596	NA
Pakistani Rupee	150.917000	150.425000	150.400000	150.173000	150.543000	150.174000	149.974000	150.074000	150.371000	149.676000	149.800000
Nuevo Sol	3.968300	3.964380	3.962200	3.954960	NA	3.952120	NA	NA	3.938850	3.916240	NA
Philippine Peso	62.792000	62.664100	62.452400	62.390400	62.477000	62.371000	62.242100	62.266900	62.387300	62.028200	62.020100
Polish Zloty	4.747140	4.701720	4.742190	4.739180	4.747390	4.760930	4.741070	4.768790	4.752990	4.761270	4.792780
Qatar Riyal	5.620470	5.599670	5.598760	5.588530	5.594910	5.580200	5.568550	5.570910	5.578770	5.553210	5.556330
Russian Ruble	46.317300	46.035900	46.333000	45.997500	46.188300	46.232100	46.137800	46.176200	46.084900	45.886300	45.967700
Saudi Arabian Riyal	5.790320	5.768910	5.767940	5.757420	5.763990	5.748810	5.736810	5.739240	5.747360	5.721020	5.724230
Singapore Dollar	1.916980	1.905730	1.903580	1.899480	1.903660	1.898640	NA	NA	1.897090	NA	1.884880
South African Rand	13.825400	13.726600	13.651100	13.682100	13.680400	13.658800	13.609600	13.735300	13.577700	13.588600	13.461400
Sri Lanka Rupee	195.255000	NA	194.162000	194.183000	194.114000	193.270000	193.257000	193.391000	193.459000	192.704000	193.139000
Swedish Krona	9.769920	9.712510	9.735680	9.747820	9.744400	9.827720	9.842520	9.803730	9.726680	9.631130	9.667530
Swiss Franc	1.396930	1.402380	1.397230	1.402500	1.396120	1.405010	1.404680	1.403750	1.406030	1.407220	1.409530
Thai Baht	46.140400	45.748200	45.757600	45.703000	45.780000	45.679400	45.600900	45.750300	45.681500	45.470900	45.564900
Trinidad And Tobago Dollar	9.876250	9.857560	9.854160	9.832840	9.819130	9.807480	NA	NA	9.803150	9.773930	9.796050
Tunisian Dinar	2.376350	2.357400	2.366240	2.372820	2.378770	NA	2.368770	2.384930	2.380170	2.358130	2.380820
U.A.E. Dirham	5.670670	5.649690	5.648760	5.638410	5.644870	5.630000	5.618260	5.620630	5.628570	5.602810	5.605920
Peso Uruguayo	29.567700	29.430500	29.398100	29.341800	NA	29.231600	NA	NA	29.241000	29.105600	NA
Bolivar Fuerte	6.623040	6.598530	6.597480	6.585400	6.592960	6.575570	NA	NA	9.631310	9.587270	9.592600

Currency units per SDR for February 2013 Continued

Currency	February 19, 2013	February 20, 2013	February 21, 2013	February 22, 2013	February 25, 2013	February 26, 2013	February 27, 2013	February 28, 2013
Chinese Yuan	9.581480	9.577630	9.534710	9.531980	9.548180	9.508780	9.516110	9.509950
Euro	1.142560	1.140620	1.150580	1.149800	1.141150	1.156830	1.156210	1.153800
Japanese Yen	143.065000	142.924000	141.793000	141.454000	143.089000	139.933000	139.209000	140.092000
U.K. Pound Sterling	0.986106	0.996741	0.994659	0.993789	1.003690	0.999061	1.001120	0.997128
U.S. Dollar	1.525210	1.525010	1.517150	1.516120	1.518190	1.512780	1.514290	1.514830
Algerian Dinar	118.804000	118.731000	118.686000	118.684000	118.455000	118.790000	118.807000	118.696000
Australian Dollar	1.476490	1.472010	1.481450	1.469960	1.476550	1.472300	1.482570	1.474290
Bahrain Dinar	0.573480	0.573401	0.570451	0.570060	0.570838	0.568806	0.569376	0.569577
Botswana Pula	12.231000	12.200000	12.205600	12.158100	12.145500	12.112000	12.143500	12.216400
Brazilian Real	3.001000	2.988550	2.969070	2.989790	2.991590	2.976550	3.001030	3.000430
Brunei Dollar	1.889580	1.886130	1.881270	1.876500	1.882100	1.874190	1.874090	1.872790
Canadian Dollar	1.543210	1.549860	1.545220	1.550080	1.558420	1.555140	1.552150	1.558000
Chilean Peso	719.730000	720.124000	717.355000	718.035000	718.375000	715.579000	716.928000	716.969000
Colombian Peso	NA	2,736.820000	2,717.720000	2,726.300000	2,733.800000	2,732.260000	2,753.800000	2,751.570000
Czech Koruna	29.062800	28.965900	29.332700	29.323300	29.132500	29.565900	29.642300	29.577000
Danish Krone	8.523480	8.509550	8.582810	8.576990	8.514620	8.628650	8.621510	8.602740
Hungarian Forint	332.312000	330.408000	336.383000	335.776000	337.386000	338.864000	342.820000	342.049000
Icelandic Krona	197.240000	196.131000	197.291000	192.714000	191.929000	192.078000	191.225000	190.626000
Indian Rupee	NA	82.428000	82.654900	82.517800	82.045200	81.788200	81.522200	81.457800
Indonesian Rupiah	14,814.400000	14,798.700000	14,720.900000	14,726.100000	14,746.200000	14,681.600000	14,664.400000	14,643.900000
Iranian Rial	18,699.100000	18,696.600000	18,600.300000	NA	18,613.000000	18,546.700000	18,565.200000	18,571.800000
Israeli New Sheqel	5.617350	5.586090	5.572520	5.624800	NA	5.647230	5.645280	5.617000
Kazakhstani Tenge	229.544000	229.391000	228.028000	227.767000	228.123000	227.371000	227.825000	227.785000
Korean Won	1,651.190000	1,649.140000	1,635.190000	1,643.630000	1,649.360000	1,645.000000	1,647.550000	1,644.200000
Kuwaiti Dinar	0.430643	0.430204	0.429127	0.428835	NA	0.426530	0.429151	0.428925
Libyan Dinar	1.932400	1.932400	1.932400	1.932400	1.932400	1.932400	1.932400	1.932400
Malaysian Ringgit	4.726610	4.721410	4.713050	4.699230	4.710940	4.693400	4.693560	4.683860
Mauritian Rupee	46.576600	46.612200	46.409300	46.452000	46.587700	46.500200	46.609600	46.685600
Mexican Peso	19.350800	19.320900	19.373900	19.333100	19.285300	19.466500	19.431700	19.358800
Nepalese Rupee	132.312000	132.218000	131.219000	132.342000	131.612000	130.629000	131.153000	130.291000
New Zealand Dollar	1.804340	1.800910	1.815210	1.818110	1.816230	1.816720	1.837070	1.829500
Norwegian Krone	8.474360	8.447940	8.601190	8.585460	8.521590	8.629390	8.633420	8.638490
Rial Omani	0.586441	0.586366	0.583345	0.582948	0.583744	0.581666	0.582245	0.582452
Pakistani Rupee	149.786000	149.762000	148.809000	148.821000	149.088000	148.599000	148.645000	148.742000
Nuevo Sol	3.938090	3.939090	3.921850	3.914630	3.919950	3.907520	3.906880	3.915840
Philippine Peso	61.972500	61.950200	61.631400	61.745500	61.817700	61.576400	61.686100	61.708200
Polish Zloty	4.783060	4.727820	4.799200	4.767150	4.768920	4.800510	4.821670	4.798830
Qatar Riyal	5.551760	5.551020	5.522450	5.518670	5.526210	5.506550	5.512040	5.513990
Russian Ruble	45.951000	45.826800	45.869200	46.028900	46.057100	46.274400	46.368000	46.221200
Saudi Arabian Riyal	5.719550	5.718760	5.689320	5.685470	5.693200	5.672950	5.678590	5.680620
Singapore Dollar	1.889580	1.886130	1.881270	1.876500	1.882100	1.874190	1.874090	1.872790
South African Rand	13.573300	13.537000	13.523600	13.446400	13.415300	13.340800	13.443400	13.555500
Sri Lanka Rupee	193.517000	193.497000	193.398000	192.826000	NA	192.572000	193.063000	193.119000
Swedish Krona	9.655680	9.598400	9.665760	9.695180	9.706660	9.792980	9.758380	9.748200
Swiss Franc	1.409750	1.406360	1.413680	1.412110	1.405390	1.407190	1.408750	1.410000
Thai Baht	45.573200	45.498600	45.325000	45.231900	NA	45.171800	45.159200	45.137400
Trinidad And Tobago Dollar	9.726300	9.771830	9.706570	9.719590	9.714770	9.680170	9.715250	9.694620
Tunisian Dinar	2.377190	2.377640	2.355080	2.381370	2.383700	2.369770	2.391980	2.393580
U.A.E. Dirham	5.601330	5.600580	5.571740	5.567960	5.575530	5.555710	5.561240	5.563220
Peso Uruguayo	29.183400	29.214600	29.029200	28.992800	29.021700	28.927500	28.956300	28.954500
Bolivar Fuerte	9.584700	9.583410	9.534070	9.527620	9.540620	9.506610	9.516110	9.519460

Notes:


The value of the U.S. dollar in terms of the SDR is the reciprocal of the sum of the dollar values, based on market exchange rates, of specified quantities of the SDR basket currencies. See SDR Valuation.

These rates are the official rates used by the Fund to conduct operations with member countries. The rates are derived from the currency's representative exchange rate, as reported by the central bank, normally against the U.S. dollar at spot market rates and rounded to six significant digits. See Representative Exchange Rates for Selected Currencies.

The value in terms of each national currency of the SDR (shown above) is the reciprocal of the value in terms of the SDR of each national currency, rounded to six significant digits.

Exchange rates are published daily except on IMF holidays or whenever the IMF is closed for business.
