Currency units per SDR for July 2013
Currency	July 01, 2013	July 02, 2013	July 03, 2013	July 08, 2013	July 09, 2013	July 10, 2013	July 11, 2013	July 12, 2013	July 15, 2013	July 16, 2013	July 17, 2013
Chinese Yuan	9.284360	9.272650	9.263550	9.201240	9.188810	9.176750	9.251210	9.252150	9.242400	9.279110	9.287550
Euro	1.152260	1.153170	1.156630	1.158530	1.157770	1.161690	1.151370	1.151770	1.151900	1.146590	1.146810
Japanese Yen	149.319000	149.508000	150.937000	150.881000	150.417000	150.559000	148.157000	148.666000	NA	150.334000	149.666000
U.K. Pound Sterling	0.986797	0.987947	0.982617	0.998732	1.001980	0.999041	0.993809	0.993591	0.995649	0.995827	0.989658
U.S. Dollar	1.502200	1.501080	1.498880	1.488710	1.488540	1.488470	1.501840	1.501220	1.498850	1.504100	1.506450
Algerian Dinar	120.313000	120.011000	119.754000	118.841000	117.469000	118.462000	118.731000	118.620000	117.121000	119.018000	119.401000
Australian Dollar	1.633890	1.636590	1.650200	1.644800	1.629140	1.619840	1.615750	1.637100	1.645820	1.635950	1.634780
Bahrain Dinar	0.564828	0.564407	0.563577	0.559754	0.559691	0.559666	0.564691	0.564458	0.563568	0.565540	0.566428
Botswana Pula	NA	12.895900	12.977300	12.990500	12.921400	12.909600	12.913500	12.952700	NA	NA	12.842700
Brazilian Real	3.328270	3.346970	3.359290	3.371180	3.361570	3.368110	3.408730	3.403560	3.397890	3.391440	3.367380
Brunei Dollar	1.903130	1.900970	1.907630	1.912400	1.900870	1.902120	1.895170	1.892440	1.894850	1.897870	1.899940
Canadian Dollar	NA	1.580640	1.577270	1.574460	1.567430	1.564530	1.560260	1.560070	1.560750	1.562460	1.570480
Chilean Peso	761.853000	758.029000	754.563000	754.717000	754.108000	755.624000	763.370000	759.209000	756.229000	754.438000	755.624000
Colombian Peso	2,897.740000	2,895.590000	2,876.980000	2,869.330000	2,868.180000	2,858.040000	2,883.900000	NA	2,855.680000	2,847.490000	NA
Czech Koruna	29.931300	29.969100	30.096000	30.058600	29.952500	30.119200	29.831100	29.920800	29.972500	29.752500	29.772000
Danish Krone	8.594830	8.602670	8.629020	8.641920	8.635500	8.664390	8.587380	8.589960	8.590330	8.550150	8.552130
Hungarian Forint	339.031000	338.674000	340.875000	342.120000	339.715000	340.458000	337.690000	336.619000	335.473000	336.482000	336.241000
Icelandic Krona	185.522000	186.044000	187.075000	187.711000	188.435000	188.128000	186.048000	184.575000	184.344000	183.034000	182.055000
Indian Rupee	NA	89.186200	90.083600	90.879300	89.423800	89.506300	89.572800	89.916700	90.007400	89.332000	89.426200
Indonesian Rupiah	14,922.800000	14,920.800000	14,900.400000	14,827.500000	14,825.900000	14,840.100000	14,986.900000	14,982.200000	15,024.500000	15,095.100000	15,124.800000
Iranian Rial	18,417.000000	18,403.300000	37,157.200000	36,885.800000	36,890.600000	36,897.800000	37,199.100000	37,183.700000	37,149.000000	37,282.000000	37,332.900000
Israeli New Sheqel	5.463500	5.447420	5.472410	5.450160	5.433190	5.426970	5.429150	5.414890	5.391360	NA	5.387090
Kazakhstani Tenge	228.049000	227.984000	227.755000	226.358000	226.601000	226.709000	228.656000	228.846000	228.740000	229.631000	230.126000
Korean Won	1,720.470000	1,706.580000	1,698.080000	1,699.660000	1,713.910000	1,703.850000	1,710.300000	1,688.720000	1,682.160000	1,688.500000	1,685.720000
Kuwaiti Dinar	0.428802	0.428333	0.428455	0.426962	0.426541	0.426894	0.428401	0.428223	0.427773	0.429269	0.429564
Libyan Dinar	1.932400	1.932400	1.932400	1.932400	1.932400	1.932400	1.932400	1.932400	1.932400	1.932400	1.932400
Malaysian Ringgit	4.753710	4.756920	4.769450	4.780980	4.749200	4.743020	4.739810	4.751360	4.773840	4.786040	4.806330
Mauritian Rupee	46.584400	46.523700	46.492200	46.355300	46.390400	46.430000	46.797900	46.784700	46.652900	46.816300	46.761100
Mexican Peso	19.398000	19.491500	19.541900	19.244100	19.150700	19.274800	19.313500	19.250700	19.093400	18.996600	18.899200
Nepalese Rupee	142.709000	142.453000	142.978000	143.437000	144.969000	143.697000	144.192000	143.727000	142.840000	144.228000	143.038000
New Zealand Dollar	1.942830	1.918310	1.933790	1.929380	1.907650	1.900260	1.894110	1.913110	1.923580	1.928820	1.911500
Norwegian Krone	9.101090	9.133170	9.178350	9.227650	9.146370	9.125090	9.129250	9.113940	9.135670	9.050590	9.034080
Rial Omani	0.577594	0.577167	0.576319	0.572410	0.572344	0.572318	0.577457	0.577221	0.576309	0.578326	0.579230
Pakistani Rupee	NA	149.539000	149.948000	149.044000	148.988000	148.937000	NA	150.367000	150.372000	150.943000	151.207000
Nuevo Sol	4.173100	4.180510	NA	4.138610	4.121770	4.137960	4.166110	4.153880	4.142830	4.149810	4.150270
Philippine Peso	64.980600	64.696400	64.900100	64.623300	64.991200	64.873600	65.192000	64.976000	65.000500	65.344100	65.259700
Polish Zloty	4.988800	4.986880	5.023640	4.998500	4.999730	5.019730	4.989870	4.984200	4.939470	4.923660	4.882410
Qatar Riyal	5.468010	5.463940	5.455920	5.418910	5.418290	5.418030	5.466690	5.464450	5.455810	5.474920	5.483480
Russian Ruble	49.349800	49.457000	49.793400	49.605400	49.247300	48.987400	48.940000	49.004200	48.895500	48.945900	48.888300
Saudi Arabian Riyal	5.633230	5.629050	5.620790	5.582660	5.582040	5.581760	5.631900	5.629580	5.620690	5.640350	5.649210
Singapore Dollar	1.903130	1.900970	1.907630	1.912400	1.900870	1.902120	1.895170	1.892440	1.894850	1.897870	1.899940
South African Rand	14.908300	14.923100	15.109900	15.150500	14.980300	14.941400	14.917400	15.063800	14.890800	14.717300	14.933100
Sri Lanka Rupee	195.743000	196.039000	195.753000	194.414000	194.396000	194.421000	196.114000	196.120000	196.221000	196.958000	197.844000
Swedish Krona	10.014100	10.007000	10.112000	10.176800	10.089900	10.131900	10.012600	9.992910	10.000600	10.033700	9.956790
Swiss Franc	1.419430	1.422430	1.425580	1.435560	1.440460	1.442780	1.425550	1.425410	1.425860	1.418210	1.414710
Thai Baht	NA	46.436000	46.559700	46.779700	46.673400	46.525300	46.659200	46.701500	46.698200	46.741200	46.796500
Trinidad And Tobago Dollar	9.650090	9.632610	9.602830	9.567820	9.545900	9.562060	9.643290	9.645810	9.603470	9.627700	9.645340
Tunisian Dinar	2.485840	2.487900	2.478100	2.489720	2.489140	2.489620	2.525800	2.501030	2.493340	2.506130	2.502220
U.A.E. Dirham	5.516820	5.512710	5.504640	5.467290	5.466660	5.466420	5.515510	5.513230	5.504520	5.523790	5.532440
Peso Uruguayo	30.856700	30.964400	NA	30.849100	30.934900	31.511000	32.119800	32.057000	31.675200	31.563500	31.542200
Bolivar Fuerte	9.440110	9.433070	9.419300	9.355320	9.354270	9.353840	9.437880	9.433960	9.419030	9.452060	9.466830

Currency units per SDR for July 2013 Continued

Currency	July 18, 2013	July 19, 2013	July 22, 2013	July 23, 2013	July 24, 2013	July 25, 2013	July 26, 2013	July 29, 2013	July 30, 2013	July 31, 2013
Chinese Yuan	9.282120	9.290490	9.313240	9.307870	9.323490	9.320270	9.351480	9.358300	9.356550	9.350080
Euro	1.148640	1.146470	1.146070	1.144550	1.140890	1.143110	1.142650	1.142890	1.140270	1.139930
Japanese Yen	149.940000	151.729000	150.817000	150.097000	150.397000	151.351000	150.454000	148.325000	148.626000	148.390000
U.K. Pound Sterling	0.988181	0.986368	0.984097	0.982869	0.984446	0.987518	0.983545	0.985455	0.989178	0.995827
U.S. Dollar	1.503910	1.504510	1.508920	1.508510	1.511220	1.509130	1.515150	1.516620	1.514740	1.513260
Algerian Dinar	118.936000	118.742000	119.377000	119.356000	119.791000	119.738000	120.044000	120.166000	119.965000	120.254000
Australian Dollar	1.638430	1.638720	1.636040	1.629420	1.633220	1.646800	1.634290	1.638350	1.669680	1.674510
Bahrain Dinar	0.565470	0.565694	0.567353	0.567202	0.568217	0.567434	0.569697	0.570249	0.569541	0.568984
Botswana Pula	12.853900	12.837100	12.852800	12.838400	12.763700	12.821800	12.829400	12.896400	12.891400	12.933800
Brazilian Real	3.364550	3.354600	3.374550	3.376960	3.365030	3.372600	3.408640	3.410570	3.424670	3.440240
Brunei Dollar	1.903650	1.907260	1.905310	1.903440	1.911090	1.912970	NA	1.920500	1.922200	1.927590
Canadian Dollar	1.563460	1.559120	1.559770	1.554370	1.556260	1.551840	1.559240	1.556200	1.559120	1.556690
Chilean Peso	748.632000	751.529000	758.035000	758.858000	762.184000	761.116000	765.802000	768.167000	772.350000	778.331000
Colombian Peso	NA	2,833.420000	2,842.820000	2,837.320000	2,850.250000	2,853.800000	2,859.700000	2,860.740000	2,861.260000	2,860.560000
Czech Koruna	29.777400	29.741100	29.765000	29.743400	29.589700	29.662000	29.648500	29.610500	29.473700	29.516100
Danish Krone	8.565680	8.549490	8.547300	8.536870	8.509050	8.523840	8.519990	8.521440	8.500580	8.497550
Hungarian Forint	337.373000	338.393000	337.772000	337.424000	338.982000	339.283000	338.167000	339.905000	341.604000	341.678000
Icelandic Krona	182.364000	182.557000	182.082000	182.168000	182.117000	182.982000	182.273000	181.827000	180.481000	180.486000
Indian Rupee	89.801300	89.962000	89.641900	90.039800	NA	88.950600	89.262600	89.931300	90.624000	92.483000
Indonesian Rupiah	15,127.800000	15,150.400000	15,191.800000	15,420.000000	15,508.100000	15,488.200000	15,553.000000	15,575.700000	15,566.900000	15,553.300000
Iranian Rial	37,292.400000	NA	37,404.700000	37,390.000000	37,460.100000	37,406.800000	NA	37,594.000000	37,547.300000	37,513.600000
Israeli New Sheqel	5.415590	5.389150	5.388370	5.386920	5.405640	5.423820	5.419700	5.450720	5.406110	5.396280
Kazakhstani Tenge	229.827000	230.009000	230.910000	231.059000	231.595000	231.335000	232.212000	232.407000	231.951000	232.239000
Korean Won	1,681.520000	1,688.510000	1,695.270000	1,687.270000	1,687.280000	1,681.320000	1,692.880000	1,686.030000	1,680.450000	1,685.160000
Kuwaiti Dinar	0.429140	0.429312	0.430119	0.429550	0.430320	0.429725	0.431440	0.431100	0.430791	0.430370
Libyan Dinar	1.932400	1.932400	1.932400	1.932400	1.932400	1.932400	1.932400	1.932400	1.932400	1.932400
Malaysian Ringgit	4.808760	4.814430	4.798370	4.781990	4.804920	4.826950	4.857580	4.883360	4.890330	4.916570
Mauritian Rupee	46.648800	46.615500	46.716700	46.629600	46.672000	46.543700	46.655300	46.692300	46.609400	46.596200
Mexican Peso	18.795300	18.881400	18.869700	18.870500	19.091300	19.085700	19.256200	19.309800	19.333300	19.439900
Nepalese Rupee	143.172000	143.379000	143.272000	143.671000	144.322000	142.764000	143.030000	143.245000	143.915000	145.863000
New Zealand Dollar	1.903440	1.902750	1.906170	1.890610	1.889020	1.892800	1.878680	1.873990	1.888460	1.893940
Norwegian Krone	9.020790	9.006570	8.965720	8.945820	8.881310	8.945340	8.985780	8.983680	8.976180	8.966040
Rial Omani	0.578255	0.578483	0.580181	NA	0.581064	0.580262	0.582577	0.583141	0.582415	0.581849
Pakistani Rupee	151.941000	151.742000	152.027000	152.085000	152.331000	152.479000	153.519000	154.362000	154.474000	154.111000
Nuevo Sol	4.159820	4.162970	4.176690	4.189150	4.204210	4.201420	NA	NA	NA	4.221990
Philippine Peso	65.149600	65.334700	65.527800	65.234100	65.240900	65.269900	65.706000	65.639200	65.637900	65.678400
Polish Zloty	4.866960	4.866770	4.849970	4.827400	4.805680	4.850790	4.822880	4.831800	4.816560	4.831690
Qatar Riyal	5.474230	5.476390	5.492480	5.491010	5.500850	5.493240	5.515140	5.520500	5.513650	5.508250
Russian Ruble	48.726300	48.789300	48.773800	48.741000	48.882300	49.103600	49.450100	49.829300	49.819900	49.987500
Saudi Arabian Riyal	5.639680	5.641910	5.658440	5.656940	5.667070	5.659250	5.681820	5.687310	5.680270	5.674720
Singapore Dollar	1.903650	1.907260	1.905310	1.903440	1.911090	1.912970	1.912730	1.920500	1.922200	1.927590
South African Rand	14.831600	14.819100	14.840100	14.807600	14.588000	14.820400	14.735500	14.908400	14.950300	14.990300
Sri Lanka Rupee	197.463000	197.616000	NA	198.240000	198.666000	198.476000	199.244000	199.587000	199.296000	199.145000
Swedish Krona	9.919160	9.858430	9.846780	9.743360	9.749910	9.803920	9.803830	9.820670	9.835650	9.941940
Swiss Franc	1.419390	1.418300	1.415970	1.417100	1.413750	1.414510	1.407880	1.406820	1.408550	1.405210
Thai Baht	46.734000	46.823300	NA	46.634200	46.732900	46.897700	47.133300	47.291200	47.338600	47.451200
Trinidad And Tobago Dollar	9.627330	9.621490	9.665100	9.664170	9.708550	9.667910	9.682420	9.705160	9.706850	9.707510
Tunisian Dinar	2.490780	2.500790	2.510240	2.500960	2.497600	NA	NA	2.474820	2.503860	2.502630
U.A.E. Dirham	5.523120	5.525290	5.541520	5.540010	5.549940	5.542280	5.564400	5.569790	5.562880	5.557440
Peso Uruguayo	NA	NA	31.777900	31.807000	31.935100	32.164100	NA	32.346400	32.306300	32.535000
Bolivar Fuerte	9.450900	NA	9.482360	9.479840	NA	9.483710	9.521540	9.530710	9.518910	9.509590

Notes:


The value of the U.S. dollar in terms of the SDR is the reciprocal of the sum of the dollar values, based on market exchange rates, of specified quantities of the SDR basket currencies. See SDR Valuation.

These rates are the official rates used by the Fund to conduct operations with member countries. The rates are derived from the currency's representative exchange rate, as reported by the central bank, normally against the U.S. dollar at spot market rates and rounded to six significant digits. See Representative Exchange Rates for Selected Currencies.

The value in terms of each national currency of the SDR (shown above) is the reciprocal of the value in terms of the SDR of each national currency, rounded to six significant digits.

Exchange rates are published daily except on IMF holidays or whenever the IMF is closed for business.
