Currency units per SDR for November 2013
Currency	November 01, 2013	November 04, 2013	November 05, 2013	November 06, 2013	November 07, 2013	November 08, 2013	November 11, 2013	November 12, 2013	November 13, 2013	November 14, 2013	November 15, 2013
Chinese Yuan	9.412920	9.414600	9.413630	9.422140	9.416640	9.383240	9.369700	9.349900	9.363030	9.363300	9.373650
Euro	1.134210	1.133780	1.135320	1.133890	1.146580	1.138670	1.139500	1.134440	1.137810	1.136550	1.135120
Japanese Yen	150.035000	NA	150.871000	151.031000	151.172000	150.181000	151.053000	151.585000	151.950000	152.219000	153.170000
U.K. Pound Sterling	0.960043	0.958727	0.954636	0.952744	0.952935	0.951375	0.954326	0.959739	0.956069	0.953289	0.950354
U.S. Dollar	1.531750	1.531280	1.532000	1.532680	1.532410	1.529340	1.526250	1.523770	1.526370	1.527070	1.527880
Algerian Dinar	124.469000	124.509000	124.021000	124.058000	123.656000	122.897000	122.660000	122.414000	122.564000	122.511000	122.576000
Australian Dollar	1.615600	1.615100	1.618250	1.610300	1.616980	1.615790	1.626790	1.632150	1.640200	1.633760	1.635140
Bahrain Dinar	0.575937	0.575762	0.576030	0.576289	0.576186	0.575033	0.573872	0.572938	0.573914	0.574181	0.574482
Botswana Pula	13.182000	13.200700	13.241100	13.235600	13.279100	13.252500	13.306500	13.331300	13.295900	13.290500	13.205500
Brazilian Real	3.373830	3.440480	3.435660	3.486400	3.491600	3.490720	3.536330	3.526320	3.565900	3.548000	3.558280
Brunei Dollar	1.901970	1.903680	1.903200	1.905590	1.903560	1.902350	1.902930	1.901670	1.906280	1.903340	1.906330
Canadian Dollar	1.599600	1.594830	1.600630	1.596900	1.600140	1.603820	NA	1.600270	1.597800	1.602970	1.597850
Chilean Peso	777.575000	777.339000	785.194000	789.179000	788.762000	788.221000	790.676000	792.362000	794.767000	797.238000	795.855000
Colombian Peso	2,893.720000	2,911.300000	2,912.670000	2,936.960000	2,937.320000	2,943.780000	NA	2,945.100000	2,944.310000	2,950.360000	2,947.640000
Czech Koruna	29.317700	29.291800	29.327000	29.237500	30.783100	30.704600	30.764700	30.638500	30.774700	30.877400	30.815800
Danish Krone	8.459380	8.456160	8.467470	8.458090	8.552050	8.492930	8.499070	8.460590	8.486800	8.477380	8.466760
Hungarian Forint	NA	335.718000	336.212000	336.715000	335.813000	337.404000	338.599000	340.319000	340.335000	338.522000	339.235000
Icelandic Krona	185.433000	186.173000	186.398000	186.375000	186.295000	187.130000	186.783000	187.424000	187.744000	187.662000	186.172000
Indian Rupee	NA	NA	94.659300	94.907300	95.889200	95.938000	96.605300	96.901100	97.160000	96.303900	NA
Indonesian Rupiah	17,391.500000	17,439.700000	NA	17,494.000000	17,452.600000	17,440.600000	17,530.500000	17,642.200000	17,773.100000	17,631.600000	17,663.800000
Iranian Rial	NA	38,223.800000	38,197.200000	38,189.900000	38,177.000000	NA	38,037.300000	37,913.000000	NA	NA	NA
Israeli New Sheqel	5.402490	5.410000	5.411020	5.411900	5.420140	5.407740	5.395290	5.385000	5.389620	5.393630	5.376600
Kazakhstani Tenge	236.272000	236.337000	236.065000	235.681000	235.470000	234.907000	233.822000	233.534000	233.703000	233.764000	234.040000
Korean Won	1,623.500000	1,627.140000	1,627.130000	1,627.710000	1,627.420000	1,622.170000	1,623.170000	1,628.150000	1,634.590000	1,638.400000	1,630.700000
Kuwaiti Dinar	0.432182	0.433428	NA	NA	0.433366	0.432498	0.432616	0.431913	0.432421	0.432391	0.432618
Libyan Dinar	1.932400	1.932400	1.932400	1.932400	1.932400	1.932400	1.932400	1.932400	1.932400	1.932400	1.932400
Malaysian Ringgit	4.851800	4.867170	NA	4.875480	4.872300	4.876310	4.877910	4.881860	4.897350	4.879760	4.887680
Mauritian Rupee	NA	46.169500	46.386900	46.569000	46.613500	46.591400	46.554300	46.557300	46.675100	46.688600	46.682700
Mexican Peso	20.033600	19.886600	20.121400	20.137600	20.214300	20.250300	20.194400	20.095400	20.000000	19.878400	19.789700
Nepalese Rupee	150.356000	151.275000	151.346000	151.245000	152.352000	152.965000	152.549000	154.251000	155.415000	155.181000	154.361000
New Zealand Dollar	1.854190	1.853400	1.849340	1.832040	1.828870	1.837490	1.847320	1.845210	1.856900	1.844290	1.846150
Norwegian Krone	9.125840	9.088930	9.141600	9.128340	9.191090	9.309080	9.351300	9.415220	9.487040	9.468620	9.368820
Rial Omani	0.588956	0.588776	0.589053	0.589317	0.589213	0.588031	0.586844	0.585892	0.586889	0.587161	0.587468
Pakistani Rupee	163.740000	163.899000	164.348000	164.478000	164.406000	164.207000	164.013000	163.833000	164.185000	164.261000	164.347000
Nuevo Sol	NA	NA	4.266610	4.274660	4.280020	4.285220	4.271970	4.261990	4.270780	4.271220	4.275000
Philippine Peso	NA	66.220300	NA	66.336300	66.316500	66.113500	65.987400	66.205000	66.667100	66.788200	66.530100
Polish Zloty	NA	4.743140	4.746290	4.735390	4.726570	4.761290	NA	4.791960	4.786380	4.756830	4.762700
Qatar Riyal	5.575570	5.573860	5.576470	5.578960	5.577960	5.566810	5.555560	5.546530	5.555990	5.558550	5.561460
Russian Ruble	49.292900	49.277800	49.561400	49.737400	49.619900	49.776800	49.850700	49.991300	50.092900	49.916100	49.932100
Saudi Arabian Riyal	5.744060	5.742310	5.744980	5.747560	5.746530	5.735030	5.723440	5.714160	5.723900	5.726520	5.729540
Singapore Dollar	1.901970	1.903680	1.903200	1.905590	1.903560	1.902350	1.902930	1.901670	1.906280	1.903340	1.906330
South African Rand	15.544300	15.586800	15.639100	15.657200	15.726400	15.695700	15.830300	15.838800	15.770500	15.786600	15.589400
Sri Lanka Rupee	200.450000	200.442000	200.826000	200.935000	200.851000	200.497000	200.092000	199.742000	200.082000	200.145000	200.304000
Swedish Krona	9.976560	9.986820	10.004200	9.971980	9.952430	10.011500	10.061700	10.087700	10.166100	10.163100	10.170600
Swiss Franc	1.394040	1.396530	1.396570	1.396890	1.397710	1.401800	1.404460	1.403240	1.401360	1.402470	1.403050
Thai Baht	47.775100	47.903000	47.953100	47.973100	47.944600	47.980000	48.308900	48.142000	48.221100	48.092200	48.267200
Trinidad And Tobago Dollar	9.849110	9.805840	9.834000	9.856390	9.857660	9.843880	9.795950	9.799410	9.820670	9.824240	9.804500
Tunisian Dinar	NA	2.537630	2.539900	NA	2.541040	2.540850	2.540900	2.545160	2.550870	2.553880	2.548960
U.A.E. Dirham	5.625340	5.623630	5.626260	5.628790	5.627780	5.616490	5.605160	5.596060	5.605600	5.608180	5.611140
Peso Uruguayo	33.076500	NA	33.098800	33.055400	33.020400	32.917600	32.844900	32.768700	32.730000	32.545000	NA
Bolivar Fuerte	9.625840	9.622880	9.627330	9.631680	9.630010	9.610670	NA	9.575700	9.592050	NA	NA

Currency units per SDR for November 2013 Continued

Currency	November 18, 2013	November 19, 2013	November 20, 2013	November 21, 2013	November 22, 2013	November 25, 2013	November 26, 2013	November 27, 2013
Chinese Yuan	9.389760	9.383770	9.394790	9.381040	9.396990	9.391260	9.400000	9.415400
Euro	1.132630	1.133440	1.132900	1.134720	1.132530	1.132870	1.130890	1.129160
Japanese Yen	153.495000	152.807000	153.401000	153.557000	154.979000	155.668000	155.499000	155.624000
U.K. Pound Sterling	0.950977	0.952018	0.949433	0.947795	0.945269	0.944751	0.946683	0.940751
U.S. Dollar	1.530970	1.530370	1.532470	1.528700	1.530960	1.530960	1.532010	1.535210
Algerian Dinar	122.560000	122.552000	122.650000	122.369000	NA	122.364000	122.389000	122.409000
Australian Dollar	1.629040	1.630480	1.629250	1.644470	1.668250	1.674280	1.666130	1.682790
Bahrain Dinar	0.575646	0.575420	0.576209	0.574789	0.575639	0.575642	0.576037	0.577237
Botswana Pula	13.141400	13.158800	13.165600	13.155700	13.152500	13.107600	13.161600	13.223100
Brazilian Real	3.565480	3.493520	3.472890	3.474120	3.531460	3.507900	3.503870	3.537120
Brunei Dollar	1.907900	1.907140	1.905630	1.908430	1.915220	1.917080	1.917010	1.922690
Canadian Dollar	1.596350	1.601680	1.600670	1.606050	1.612860	1.615780	1.615810	1.626550
Chilean Peso	797.226000	791.703000	795.691000	799.003000	800.275000	796.667000	797.474000	801.732000
Colombian Peso	2,939.300000	2,931.230000	2,941.120000	2,939.970000	2,958.450000	2,953.430000	2,952.170000	2,957.940000
Czech Koruna	30.720600	30.999200	30.957500	30.862900	30.873200	30.896400	30.903700	30.868400
Danish Krone	8.448090	8.453730	8.450370	8.463820	8.447020	8.449510	8.434620	8.421970
Hungarian Forint	336.860000	336.223000	336.760000	338.759000	337.852000	338.297000	337.425000	337.208000
Icelandic Krona	185.340000	185.802000	185.843000	186.623000	186.271000	186.487000	185.756000	185.514000
Indian Rupee	95.877300	95.236300	95.868100	96.139100	96.486000	95.802900	95.669100	95.739600
Indonesian Rupiah	17,800.600000	17,766.100000	17,824.200000	17,911.700000	17,921.400000	17,946.000000	18,024.100000	18,135.400000
Iranian Rial	37,980.400000	37,960.700000	38,006.900000	37,962.200000	NA	38,019.900000	38,065.800000	38,096.100000
Israeli New Sheqel	5.395140	5.389960	5.431090	5.455920	5.448670	5.454820	5.426380	5.436170
Kazakhstani Tenge	234.653000	234.253000	234.468000	233.646000	233.930000	233.885000	233.968000	235.470000
Korean Won	1,633.090000	1,623.260000	1,617.980000	1,614.760000	1,625.720000	1,625.270000	1,624.850000	1,627.780000
Kuwaiti Dinar	0.433341	NA	0.433383	0.433155	NA	0.433110	0.433405	0.434003
Libyan Dinar	1.932400	1.932400	1.932400	1.932400	1.932400	1.932400	1.932400	1.932400
Malaysian Ringgit	4.892990	4.878050	4.872490	4.897950	4.922790	4.938130	4.933840	4.949510
Mauritian Rupee	46.742100	46.692800	46.671800	46.570100	46.652500	46.653300	46.672900	46.674400
Mexican Peso	NA	19.721700	19.875700	19.967400	19.936600	19.943400	20.030300	20.099700
Nepalese Rupee	154.582000	152.945000	152.021000	152.931000	153.922000	154.015000	153.278000	153.352000
New Zealand Dollar	1.831960	1.835640	1.830910	1.850720	1.865650	1.870910	1.864900	1.872200
Norwegian Krone	9.365140	9.326530	9.321400	9.312030	9.294110	9.374970	9.350780	9.318970
Rial Omani	0.588658	0.588426	0.589237	0.587782	0.588651	0.588654	0.589057	0.590287
Pakistani Rupee	164.713000	164.628000	164.973000	164.638000	164.821000	165.161000	165.779000	166.349000
Nuevo Sol	4.285190	4.286570	4.292450	4.283410	4.289730	4.288240	4.294220	4.300110
Philippine Peso	66.715100	66.744100	66.769900	66.614700	67.042100	67.140200	67.231000	67.216000
Polish Zloty	4.738820	4.732670	4.742550	4.773660	4.757760	4.748900	4.740800	4.743630
Qatar Riyal	5.572740	5.570530	5.578210	5.564460	5.572680	5.572710	5.576530	5.588150
Russian Ruble	49.857400	49.904900	50.175900	50.474500	50.376800	50.174900	50.537700	50.668100
Saudi Arabian Riyal	5.741150	5.738880	5.746760	5.732600	5.741090	5.741120	5.745050	5.757020
Singapore Dollar	1.907900	1.907140	1.905630	1.908430	1.915220	1.917080	1.917010	1.922690
South African Rand	15.464900	15.468100	15.539300	15.524500	15.482600	15.388000	15.508000	15.598900
Sri Lanka Rupee	200.711000	200.586000	200.907000	200.412000	200.708000	200.709000	200.863000	201.343000
Swedish Krona	10.158800	10.116700	10.151900	10.176400	10.103500	10.082500	10.030100	10.083500
Swiss Franc	1.397780	1.398150	1.395160	1.397690	1.394240	1.393640	1.392600	1.389050
Thai Baht	48.352900	48.350500	48.539400	48.594200	48.713500	48.894500	49.074900	49.249400
Trinidad And Tobago Dollar	9.836810	9.813060	9.843200	9.831390	9.835450	9.876840	9.850570	9.870010
Tunisian Dinar	2.548150	2.554190	2.550800	2.551090	2.576600	2.568500	2.567800	2.568860
U.A.E. Dirham	5.622490	5.620280	5.628000	5.614130	5.622430	5.622460	5.626320	5.638060
Peso Uruguayo	32.070800	32.087300	32.339700	32.705000	32.367500	32.361500	32.417300	32.478800
Bolivar Fuerte	9.620940	9.617140	9.630390	9.606610	9.620840	9.620840	NA	9.647570

Notes:


The value of the U.S. dollar in terms of the SDR is the reciprocal of the sum of the dollar values, based on market exchange rates, of specified quantities of the SDR basket currencies. See SDR Valuation.

These rates are the official rates used by the Fund to conduct operations with member countries. The rates are derived from the currency's representative exchange rate, as reported by the central bank, normally against the U.S. dollar at spot market rates and rounded to six significant digits. See Representative Exchange Rates for Selected Currencies.

The value in terms of each national currency of the SDR (shown above) is the reciprocal of the value in terms of the SDR of each national currency, rounded to six significant digits.

Exchange rates are published daily except on IMF holidays or whenever the IMF is closed for business.
