Currency units per SDR for June 2013
Currency	June 03, 2013	June 04, 2013	June 05, 2013	June 06, 2013	June 07, 2013	June 10, 2013	June 11, 2013	June 12, 2013	June 13, 2013	June 14, 2013	June 17, 2013
Chinese Yuan	9.273080	9.286690	9.291610	9.311590	9.365840	NA	NA	NA	9.401770	9.391520	9.401150
Euro	1.153410	1.149010	1.151410	1.149770	1.146260	1.146360	1.144020	1.145420	1.146050	1.145920	1.144340
Japanese Yen	150.711000	150.037000	150.891000	149.771000	146.674000	148.773000	149.037000	146.603000	144.586000	144.287000	144.456000
U.K. Pound Sterling	0.983642	0.983642	0.979518	0.976286	0.975819	0.974345	0.977135	0.971062	0.973757	0.974383	0.971619
U.S. Dollar	1.500350	1.504280	1.504550	1.508270	1.519940	1.514230	1.518460	1.520780	1.525970	1.524420	1.526210
Algerian Dinar	118.634000	118.702000	118.605000	118.689000	119.209000	118.977000	119.105000	119.076000	119.454000	119.321000	119.347000
Australian Dollar	1.557190	1.545550	1.564470	1.597240	1.599260	NA	1.614190	1.614760	1.612570	1.591090	1.585680
Bahrain Dinar	0.564134	0.565611	0.565710	0.567109	0.571497	0.569350	0.570942	0.571814	0.573763	0.573184	0.573855
Botswana Pula	12.900700	12.737400	12.859400	12.935400	13.057900	13.110200	13.192600	12.998100	12.998000	12.940800	12.945000
Brazilian Real	3.198610	3.212400	3.201980	3.202810	3.229870	3.236210	3.265600	3.272870	3.268630	3.269430	3.261060
Brunei Dollar	1.890900	1.883210	1.879180	NA	1.887160	1.899300	1.912960	1.910250	1.919360	1.908120	1.914780
Canadian Dollar	1.544020	1.556630	1.556450	1.544170	1.551860	1.542550	1.547310	1.551500	1.551910	1.551410	1.553070
Chilean Peso	749.850000	755.133000	752.049000	757.874000	767.707000	759.417000	766.442000	765.849000	761.232000	757.197000	751.795000
Colombian Peso	2,862.320000	2,869.810000	2,850.210000	2,864.330000	2,899.860000	2,875.220000	2,883.260000	2,900.310000	2,895.570000	2,888.800000	2,872.910000
Czech Koruna	29.695000	29.617900	29.719300	29.631500	29.312000	29.429100	29.304900	29.398200	29.478700	29.476300	29.437600
Danish Krone	8.597790	8.565240	NA	8.571330	8.546350	8.547230	8.531480	8.541610	8.548470	8.546500	8.535190
Hungarian Forint	341.091000	337.185000	338.297000	340.944000	340.968000	340.384000	343.204000	339.955000	338.430000	333.239000	332.989000
Icelandic Krona	183.673000	183.718000	183.991000	183.345000	183.122000	183.055000	182.990000	183.619000	183.635000	183.571000	NA
Indian Rupee	84.881000	85.206500	84.892500	85.773600	86.248500	87.495200	89.476700	88.621800	89.137700	88.022000	88.109600
Indonesian Rupiah	14,720.000000	14,749.500000	14,755.100000	NA	14,880.200000	14,848.500000	14,912.800000	14,988.800000	15,087.300000	15,070.500000	15,080.500000
Iranian Rial	18,394.400000	NA	NA	18,491.400000	NA	18,564.400000	18,616.400000	18,644.800000	18,708.400000	NA	18,711.300000
Israeli New Sheqel	5.531800	5.529750	5.523180	5.503670	5.515870	5.499670	5.530240	5.515870	5.516390	5.489440	5.497410
Kazakhstani Tenge	227.139000	227.658000	227.713000	228.216000	230.012000	229.224000	229.987000	230.505000	231.199000	230.858000	230.900000
Korean Won	1,690.300000	1,696.980000	1,687.800000	NA	1,701.120000	1,682.920000	1,706.150000	1,724.110000	1,726.180000	1,729.920000	1,721.870000
Kuwaiti Dinar	0.428502	0.428947	0.429021	NA	NA	0.430495	0.431245	0.431293	0.432077	0.431641	0.432300
Libyan Dinar	1.932400	1.932400	1.932400	1.932400	1.932400	1.932400	1.932400	1.932400	1.932400	1.932400	1.932400
Malaysian Ringgit	4.633860	4.655020	4.642290	4.659050	4.689770	4.724400	4.779360	4.785120	4.804500	4.761540	4.782380
Mauritian Rupee	46.600700	46.665500	46.655500	46.697100	47.001800	46.758000	46.818700	46.883400	46.936500	46.850700	46.881700
Mexican Peso	19.186800	19.152100	19.283300	19.468600	19.329500	19.468700	19.564800	19.533200	19.503700	19.347400	19.439400
Nepalese Rupee	135.632000	136.514000	136.086000	136.649000	138.238000	138.234000	140.655000	142.178000	141.625000	141.802000	140.412000
New Zealand Dollar	NA	1.858290	1.875290	1.894340	1.901350	1.929200	1.924540	1.926500	1.919220	1.883860	1.893800
Norwegian Krone	8.762550	8.729660	8.756490	8.716420	8.746460	8.726080	8.792990	8.779630	8.798250	8.755340	8.736520
Rial Omani	0.576888	0.578396	0.578499	NA	0.584416	0.582221	0.583850	0.584741	0.586734	0.586139	0.586827
Pakistani Rupee	147.762000	148.203000	148.270000	148.514000	149.758000	149.210000	149.664000	149.899000	150.341000	150.181000	150.486000
Nuevo Sol	4.083970	4.073600	4.081830	4.117580	4.140310	4.159600	4.180340	4.177580	4.155220	4.146440	4.171130
Philippine Peso	63.426000	63.419200	63.158000	63.205500	64.054900	63.794600	64.625800	NA	65.882200	65.865700	65.390700
Polish Zloty	4.930920	4.892540	4.877880	4.911540	4.946650	4.877340	4.889620	4.866800	4.883100	4.825420	4.841000
Qatar Riyal	5.461290	5.475580	5.476540	5.490100	5.532560	5.511800	5.527210	5.535630	5.554540	5.548900	5.555400
Russian Ruble	48.084300	47.887900	48.117900	48.473600	49.002300	48.946900	49.190800	NA	49.360000	48.481100	48.348900
Saudi Arabian Riyal	5.626320	5.641080	5.642040	5.656010	5.699760	5.678370	5.694240	5.702910	5.722400	5.716570	5.723280
Singapore Dollar	1.890900	1.883210	1.879180	1.885940	1.887160	1.899300	1.912960	1.910250	1.919360	1.908120	1.914780
South African Rand	14.972900	14.611900	14.862600	15.014200	15.171200	15.373100	15.590100	15.221200	15.215200	15.002400	NA
Sri Lanka Rupee	189.745000	190.296000	190.313000	190.730000	192.218000	191.379000	192.379000	193.637000	194.467000	194.500000	196.143000
Swedish Krona	9.905800	9.846010	9.906680	NA	9.942240	9.969100	9.970190	9.948170	9.945990	9.892760	9.843780
Swiss Franc	1.435090	1.423050	1.425110	1.420340	1.408220	1.418990	1.408980	1.411130	1.405720	1.409630	1.409000
Thai Baht	45.672300	45.773900	45.924900	46.127400	46.578600	46.512500	46.907000	47.233800	47.294300	46.592500	46.779900
Trinidad And Tobago Dollar	NA	9.690110	9.643570	9.689730	9.762860	9.719870	9.725640	9.762000	9.745640	9.769440	9.775650
Tunisian Dinar	2.458330	2.467030	2.458580	2.467680	2.473550	2.448960	2.457940	2.471110	2.474510	2.472160	2.473990
U.A.E. Dirham	5.510070	5.524500	5.525440	NA	5.581980	5.560990	5.576560	5.585060	5.604120	5.598450	5.605000
Peso Uruguayo	30.446700	30.549000	30.554300	30.877300	31.468800	31.076600	31.436800	31.296100	31.520400	31.595200	31.682700
Bolivar Fuerte	NA	9.453230	9.454830	9.478310	9.551650	9.515740	9.542350	9.556850	9.589470	9.579740	9.591040

Currency units per SDR for June 2013 Continued

Currency	June 18, 2013	June 19, 2013	June 20, 2013	June 21, 2013	June 24, 2013	June 25, 2013	June 26, 2013	June 27, 2013	June 28, 2013
Chinese Yuan	9.409640	9.419390	9.337070	9.355240	9.322710	9.332450	9.298520	9.292820	9.292470
Euro	1.141230	1.139210	1.146480	1.149180	1.152650	1.150380	1.155660	1.153900	1.149820
Japanese Yen	144.706000	145.849000	146.841000	147.222000	148.423000	147.692000	147.713000	146.993000	148.696000
U.K. Pound Sterling	0.977192	0.976543	0.979326	0.978445	0.982386	0.978062	0.980027	0.983884	0.987430
U.S. Dollar	1.526270	1.527220	1.513360	1.514630	1.508360	1.510910	1.505130	1.503760	1.503960
Algerian Dinar	119.392000	119.300000	119.571000	119.878000	119.138000	119.573000	119.988000	119.896000	120.352000
Australian Dollar	1.604240	1.610140	1.637830	1.640450	1.639170	1.633070	1.623830	1.613830	1.621520
Bahrain Dinar	0.573878	0.574234	0.569022	0.569499	0.567144	0.568104	0.565928	0.565416	0.565489
Botswana Pula	13.089800	12.986600	13.148200	13.159200	13.003100	13.002700	12.986400	12.918900	12.942800
Brazilian Real	3.287290	3.314980	3.290640	3.411400	3.416140	3.401820	3.339130	3.304520	3.285550
Brunei Dollar	1.924330	1.923990	1.923170	1.931900	1.925420	1.927630	1.913920	1.907370	1.902810
Canadian Dollar	1.558170	1.555780	1.571920	1.585810	1.588610	1.588420	1.575720	1.575940	NA
Chilean Peso	752.298000	762.265000	757.708000	776.398000	775.873000	775.705000	765.451000	759.428000	757.782000
Colombian Peso	2,874.840000	2,905.490000	2,876.700000	NA	2,927.820000	2,935.660000	2,902.290000	2,890.020000	NA
Czech Koruna	29.301500	29.261500	29.578500	29.671600	29.820300	29.678900	29.884300	29.879800	29.840100
Danish Krone	8.512960	8.498050	8.551390	8.570820	8.597640	8.581110	8.621060	8.607260	8.576180
Hungarian Forint	332.239000	335.224000	342.155000	342.230000	345.626000	341.119000	343.139000	341.008000	340.165000
Icelandic Krona	182.985000	183.007000	185.886000	185.239000	186.071000	186.568000	186.606000	186.166000	185.423000
Indian Rupee	89.213200	89.715900	90.347300	89.894100	90.100600	NA	90.087700	91.110400	89.786000
Indonesian Rupiah	15,137.600000	15,134.700000	15,023.100000	15,085.700000	14,979.500000	15,030.600000	14,959.500000	14,942.900000	14,932.800000
Iranian Rial	18,712.100000	18,723.700000	18,553.700000	NA	NA	18,523.800000	18,452.900000	18,436.100000	NA
Israeli New Sheqel	5.485430	5.490340	5.493480	5.495050	5.481370	5.446830	5.442530	5.485730	5.441320
Kazakhstani Tenge	231.002000	231.038000	228.940000	229.526000	228.426000	228.858000	228.268000	228.211000	228.075000
Korean Won	1,721.640000	1,725.600000	1,714.630000	1,733.640000	1,743.060000	1,748.280000	1,744.590000	1,734.440000	1,729.100000
Kuwaiti Dinar	0.432165	0.432432	0.429793	NA	0.429657	0.430082	0.428811	0.428723	0.428778
Libyan Dinar	1.932400	1.932400	1.932400	1.932400	1.932400	1.932400	1.932400	1.932400	1.932400
Malaysian Ringgit	4.813870	4.829820	4.844260	4.861190	4.851640	4.853050	4.805130	4.794760	4.780340
Mauritian Rupee	46.865000	46.839300	46.439300	46.558600	46.490200	46.660700	46.565300	46.570800	46.642700
Mexican Peso	19.658400	19.654600	20.281300	20.302200	20.206900	20.008100	19.850200	19.584300	NA
Nepalese Rupee	140.951000	143.177000	142.180000	144.934000	143.023000	144.368000	143.303000	145.068000	145.132000
New Zealand Dollar	1.910230	1.911170	1.926130	1.949330	1.941510	1.946300	1.945620	1.932610	1.931870
Norwegian Krone	8.780020	8.745160	8.999930	9.089010	9.267410	9.180040	9.184000	9.093890	9.065690
Rial Omani	0.586851	0.587216	0.581886	0.582374	0.579966	0.580946	0.578720	0.578198	0.578272
Pakistani Rupee	150.577000	150.655000	149.391000	149.703000	149.185000	149.505000	148.968000	148.753000	149.064000
Nuevo Sol	4.188100	4.184570	4.193510	4.215210	4.199280	4.203360	4.185760	4.180460	NA
Philippine Peso	65.458700	65.827600	65.392000	66.119600	NA	66.193200	65.623700	65.248200	65.131700
Polish Zloty	4.835540	4.853050	4.947600	4.959330	4.998250	4.961840	5.002900	4.998650	4.989370
Qatar Riyal	5.555650	5.559080	5.508610	5.513230	5.490430	5.499730	5.478670	5.473690	5.474410
Russian Ruble	48.661300	49.054500	49.492900	49.593800	49.639600	49.428100	49.500000	49.438600	49.193000
Saudi Arabian Riyal	5.723540	5.727080	5.675080	5.679850	5.656360	5.665910	5.644230	5.639110	5.639840
Singapore Dollar	1.924330	1.923990	1.923170	1.931900	1.925420	1.927630	1.913920	1.907370	1.902810
South African Rand	15.347000	15.196400	15.472900	15.465600	15.322700	15.101600	15.185500	15.005900	15.032400
Sri Lanka Rupee	196.268000	196.357000	194.361000	194.546000	194.308000	194.647000	193.953000	194.418000	195.455000
Swedish Krona	9.882300	9.808540	9.799310	NA	10.113700	10.170300	10.086500	10.134800	10.097000
Swiss Franc	1.403110	1.407030	1.412870	1.405270	1.410020	1.411800	1.416630	1.422110	1.420940
Thai Baht	46.940600	47.181800	46.962500	47.225900	46.934300	46.830700	46.759800	46.777500	46.828800
Trinidad And Tobago Dollar	9.748490	9.802580	NA	9.709020	9.681570	9.682980	9.670430	9.654280	9.661840
Tunisian Dinar	2.472570	2.460040	2.447400	2.477020	2.466920	2.485600	2.473070	2.477900	2.491460
U.A.E. Dirham	5.605260	5.608710	5.557810	5.562480	5.539460	5.548840	5.527580	5.522570	5.523280
Peso Uruguayo	31.790700	NA	32.060400	31.878300	31.601700	31.484500	30.933400	30.797100	NA
Bolivar Fuerte	9.591410	9.597390	9.510220	9.518190	9.478850	9.494870	9.458500	9.449920	9.451170

Notes:


The value of the U.S. dollar in terms of the SDR is the reciprocal of the sum of the dollar values, based on market exchange rates, of specified quantities of the SDR basket currencies. See SDR Valuation.

These rates are the official rates used by the Fund to conduct operations with member countries. The rates are derived from the currency's representative exchange rate, as reported by the central bank, normally against the U.S. dollar at spot market rates and rounded to six significant digits. See Representative Exchange Rates for Selected Currencies.

The value in terms of each national currency of the SDR (shown above) is the reciprocal of the value in terms of the SDR of each national currency, rounded to six significant digits.

Exchange rates are published daily except on IMF holidays or whenever the IMF is closed for business.
