Currency units per SDR for September 2013
Currency	September 03, 2013	September 04, 2013	September 05, 2013	September 06, 2013	September 09, 2013	September 10, 2013	September 11, 2013	September 12, 2013	September 13, 2013	September 16, 2013	September 17, 2013
Chinese Yuan	9.330360	9.336630	9.335850	9.311590	9.330360	9.336280	9.341950	9.357690	9.353660	9.378140	9.381660
Euro	1.147720	1.148370	1.146190	1.150020	1.147210	1.144520	1.142990	1.143510	1.142530	1.140650	1.140840
Japanese Yen	150.663000	150.616000	150.866000	150.547000	150.864000	151.079000	152.304000	151.212000	151.444000	NA	151.182000
U.K. Pound Sterling	0.970638	0.968814	0.969067	0.969152	0.965754	0.965065	0.961585	0.961178	0.960661	0.956773	0.958130
U.S. Dollar	1.511770	1.512520	1.513200	1.508480	1.513630	1.515340	1.516520	1.519720	1.519000	1.523570	1.523710
Algerian Dinar	123.284000	123.339000	123.898000	123.564000	124.193000	124.258000	124.242000	124.528000	124.433000	124.509000	124.604000
Australian Dollar	1.673610	1.662660	1.651780	1.652050	1.646860	1.633790	1.632600	1.643120	1.644820	1.634030	1.636110
Bahrain Dinar	0.568427	0.568705	0.568964	0.567189	0.569126	0.569768	0.570213	0.571416	0.571141	0.572859	0.572915
Botswana Pula	13.214800	13.175200	13.192700	13.037900	12.981400	13.018400	12.961700	12.966900	12.960700	12.857100	12.912800
Brazilian Real	3.574280	3.614470	3.561770	3.516880	3.478180	3.465280	3.454480	3.487300	3.458600	3.471440	3.451050
Brunei Dollar	1.924030	1.933300	1.930240	1.930410	1.929430	1.922660	1.926280	1.925180	1.928210	1.922890	1.925810
Canadian Dollar	1.592350	1.585420	1.588860	1.567310	1.569030	1.569440	1.567630	1.568350	1.570790	1.571710	1.568050
Chilean Peso	770.624000	771.956000	769.550000	768.510000	767.365000	769.396000	768.575000	765.820000	762.503000	768.090000	765.574000
Colombian Peso	2,925.930000	2,943.780000	2,934.080000	2,944.730000	2,948.540000	2,948.940000	2,935.310000	2,923.400000	2,915.330000	2,924.550000	2,921.000000
Czech Koruna	29.520400	29.603100	29.484700	29.623700	29.630900	29.570300	29.459900	29.519100	29.450300	29.388100	29.342000
Danish Krone	8.560840	8.564800	8.548690	8.577870	8.557030	8.536360	8.525290	8.528200	8.520210	8.505280	8.507450
Hungarian Forint	345.440000	345.929000	346.023000	346.091000	344.715000	342.785000	341.657000	344.475000	343.885000	341.385000	341.432000
Icelandic Krona	182.455000	183.015000	183.294000	184.201000	183.891000	183.795000	184.212000	184.403000	185.181000	185.052000	185.115000
Indian Rupee	101.119000	101.382000	99.936000	99.499500	NA	97.309400	96.911400	96.756700	96.895500	95.198200	96.568000
Indonesian Rupiah	16,603.800000	16,778.400000	16,834.400000	16,895.000000	16,934.500000	16,941.500000	17,346.000000	17,467.600000	17,308.900000	17,403.700000	17,448.000000
Iranian Rial	37,522.200000	37,563.300000	37,572.800000	NA	37,613.800000	37,509.200000	37,524.900000	37,597.800000	NA	37,670.200000	37,766.600000
Israeli New Sheqel	5.490760	NA	NA	NA	5.486910	5.461290	5.406400	5.416270	NA	5.382770	5.389350
Kazakhstani Tenge	231.740000	231.612000	231.626000	230.813000	231.722000	232.408000	232.892000	233.080000	232.847000	233.685000	233.630000
Korean Won	1,669.150000	1,657.570000	1,664.220000	1,649.980000	1,658.030000	1,648.990000	1,645.270000	1,652.090000	1,645.380000	1,653.530000	1,648.960000
Kuwaiti Dinar	0.430250	0.430689	0.430658	0.429315	0.430780	0.430736	0.431298	0.431600	0.431395	0.432160	0.432504
Libyan Dinar	1.932400	1.932400	1.932400	1.932400	1.932400	1.932400	1.932400	1.932400	1.932400	1.932400	1.932400
Malaysian Ringgit	4.930650	4.995080	4.963300	5.010420	5.018440	4.958200	4.975690	4.962660	4.998250	NA	4.967290
Mauritian Rupee	46.667300	46.746400	46.814700	46.713700	46.926300	NA	47.015200	47.039600	46.945900	47.002600	47.023000
Mexican Peso	20.317300	20.126300	20.288800	19.974300	19.899900	19.869000	19.857000	19.886100	19.829000	NA	19.692600
Nepalese Rupee	159.885000	164.456000	162.714000	160.141000	157.978000	158.156000	155.747000	153.583000	154.710000	154.779000	152.660000
New Zealand Dollar	1.934200	1.937880	1.916660	1.911890	1.895120	1.890870	1.881770	1.869500	1.868380	1.857560	1.863630
Norwegian Krone	9.182820	9.191010	9.224500	9.202510	9.202850	8.997010	8.972470	8.982790	8.991110	9.001950	8.973280
Rial Omani	0.581277	0.581564	0.581825	0.580013	0.581991	0.582649	0.583104	0.584331	0.584054	0.585809	0.585864
Pakistani Rupee	158.708000	158.801000	158.653000	158.062000	158.574000	158.864000	158.982000	159.329000	159.540000	160.091000	160.248000
Nuevo Sol	4.243550	4.245640	4.249060	4.229800	4.232110	4.233860	4.228060	4.212650	4.210650	4.208080	4.219140
Philippine Peso	67.367700	67.056000	67.400900	66.981000	67.377700	67.167300	66.616000	66.553100	66.477400	66.895000	66.535800
Polish Zloty	4.903110	4.898600	4.912290	4.937560	4.897660	4.876530	4.846040	4.829980	4.814610	4.789320	4.807600
Qatar Riyal	5.502850	5.505580	5.508060	5.490890	5.509610	5.515840	5.520130	5.531770	5.529140	5.545790	5.546280
Russian Ruble	50.446700	50.617300	50.526000	50.434500	50.440600	50.097200	49.989000	49.653900	49.732700	49.197100	49.251900
Saudi Arabian Riyal	5.669130	5.671960	5.674500	5.656810	5.676110	5.682530	5.686960	5.698950	5.696220	5.713370	5.713890
Singapore Dollar	1.924030	1.933300	1.930240	1.930410	1.929430	1.922660	1.926280	1.925180	1.928210	1.922890	1.925810
South African Rand	15.613600	15.511900	15.569800	15.272400	15.120700	15.163300	15.049000	15.102400	15.129000	14.848500	14.982800
Sri Lanka Rupee	201.066000	201.165000	201.251000	200.560000	201.262000	201.389000	201.515000	201.247000	200.896000	201.258000	201.467000
Swedish Krona	10.007600	10.015100	10.023600	10.052100	10.043900	9.945300	9.929010	9.911790	9.917780	9.920830	9.890410
Swiss Franc	1.414410	1.416470	1.419530	1.425970	1.418120	1.416540	1.417490	1.414250	1.415250	1.413260	1.410040
Thai Baht	48.416100	48.712100	48.737200	48.880900	48.888800	48.653000	48.727200	48.208600	48.367800	48.260500	48.476900
Trinidad And Tobago Dollar	9.659600	9.750870	9.718550	9.677540	9.698470	9.729050	9.753050	9.734730	9.749820	9.791060	9.804020
Tunisian Dinar	NA	2.510630	2.512370	2.507400	2.518380	2.510310	2.509230	2.514380	2.496160	2.522720	2.499190
U.A.E. Dirham	5.551980	5.554720	5.557220	5.539920	5.558800	5.565080	5.569420	5.581170	5.578520	5.595280	5.595810
Peso Uruguayo	34.235600	34.155700	34.264900	33.993700	33.884200	33.827000	33.880600	33.961200	33.986000	33.713500	33.675500
Bolivar Fuerte	9.500290	9.504980	9.509230	9.479660	9.511940	9.522720	9.530160	9.550190	9.545630	9.574420	9.575240

Currency units per SDR for September 2013 Continued

Currency	September 18, 2013	September 19, 2013	September 20, 2013	September 23, 2013	September 24, 2013	September 25, 2013	September 26, 2013	September 27, 2013	September 30, 2013
Chinese Yuan	9.383150	NA	NA	9.418770	9.407960	9.423290	9.419030	9.424890	9.431560
Euro	1.141630	1.132520	1.133830	1.134240	1.135700	1.134710	1.134990	1.132180	1.135940
Japanese Yen	151.257000	150.761000	152.490000	NA	151.100000	151.163000	151.603000	151.623000	149.957000
U.K. Pound Sterling	0.954718	0.953916	0.956224	0.954481	0.957405	0.955311	0.954180	0.952653	0.949722
U.S. Dollar	1.524310	1.534000	1.532260	1.532130	1.530130	1.532320	1.532120	1.532630	1.534080
Algerian Dinar	124.653000	124.627000	124.592000	124.713000	124.670000	124.735000	124.737000	124.668000	124.756000
Australian Dollar	1.630280	1.615410	1.620750	1.624390	1.625890	1.633430	1.634090	1.637600	1.647960
Bahrain Dinar	0.573141	0.576781	0.576130	0.576080	0.575328	0.576153	0.576077	0.576269	0.576814
Botswana Pula	12.906900	12.826100	12.941400	12.951200	12.978200	12.996800	13.061600	13.133100	NA
Brazilian Real	3.447530	3.449810	3.376480	3.378800	3.371330	3.375850	3.404990	3.415480	3.462580
Brunei Dollar	1.921240	1.909210	1.909190	1.913930	1.917400	NA	NA	1.924370	1.928650
Canadian Dollar	1.571870	1.570350	1.576240	1.575490	1.575260	1.577520	1.581300	1.578610	1.577800
Chilean Peso	767.077000	771.950000	NA	771.010000	759.694000	761.853000	766.489000	NA	771.599000
Colombian Peso	2,917.710000	2,931.920000	2,891.840000	2,894.370000	2,896.360000	2,893.230000	2,900.950000	2,910.620000	2,937.240000
Czech Koruna	29.467900	29.144400	29.286100	29.389300	29.461100	29.357700	29.292600	29.089400	29.230400
Danish Krone	8.514190	8.446020	8.454730	8.458730	8.468910	8.462380	8.464390	8.442950	8.471850
Hungarian Forint	340.271000	335.009000	337.955000	338.002000	339.366000	340.681000	NA	340.321000	339.124000
Icelandic Krona	184.609000	183.052000	183.120000	183.947000	185.145000	186.284000	186.061000	185.740000	185.731000
Indian Rupee	96.251000	94.721200	95.372500	95.788200	95.875400	96.073500	95.338000	94.733800	96.304800
Indonesian Rupiah	17,517.400000	17,300.400000	17,394.200000	17,519.900000	17,650.000000	17,727.400000	17,731.200000	17,674.300000	17,815.300000
Iranian Rial	37,749.500000	37,935.700000	NA	37,892.600000	37,898.200000	37,997.000000	37,982.800000	NA	38,063.600000
Israeli New Sheqel	5.391470	NA	5.369040	5.385440	5.395230	5.453510	NA	5.473030	5.426050
Kazakhstani Tenge	233.905000	234.655000	234.558000	234.446000	233.956000	235.134000	235.441000	235.443000	235.958000
Korean Won	NA	NA	NA	1,662.670000	1,646.260000	1,647.090000	1,649.790000	1,646.660000	1,650.060000
Kuwaiti Dinar	0.432522	0.433890	NA	0.433668	0.433103	0.433952	0.433437	NA	0.433839
Libyan Dinar	1.932400	1.932400	1.932400	1.932400	1.932400	1.932400	1.932400	1.932400	1.932400
Malaysian Ringgit	4.932670	4.851260	4.841180	4.860670	4.905590	4.960120	4.929610	4.940440	4.997280
Mauritian Rupee	47.005100	47.196100	46.992500	46.860800	46.743200	46.815600	46.790400	46.762800	46.739500
Mexican Peso	19.768300	19.509200	19.564600	19.587600	19.701000	19.848100	19.935800	20.146500	20.211100
Nepalese Rupee	153.940000	154.918000	151.265000	152.554000	153.303000	153.538000	153.304000	152.451000	153.408000
New Zealand Dollar	1.851910	1.832510	1.827820	1.831590	1.828540	1.859610	1.858470	1.848330	1.855000
Norwegian Krone	9.009250	8.881230	9.078030	9.040940	9.108210	9.228670	9.150890	9.174060	9.216930
Rial Omani	0.586098	0.589821	0.589154	0.589102	0.588332	0.589178	0.589102	0.589296	0.589856
Pakistani Rupee	161.455000	162.303000	161.994000	162.051000	162.271000	163.258000	164.905000	162.174000	162.617000
Nuevo Sol	4.220820	NA	4.198400	4.205690	4.217020	4.235330	4.234780	4.253060	4.266280
Philippine Peso	66.673300	66.803800	66.017500	65.988700	66.070700	66.436800	66.621400	66.450500	66.439400
Polish Zloty	4.830380	4.729760	4.773290	4.789430	4.795110	4.786040	4.792000	4.801440	4.790490
Qatar Riyal	5.548500	5.583750	5.577430	5.576930	5.569670	5.577650	5.576930	5.578770	5.584070
Russian Ruble	49.151400	48.457800	48.622500	48.891100	48.683600	48.933500	49.293900	49.573200	49.833100
Saudi Arabian Riyal	5.716150	5.752480	5.745970	5.745480	5.737960	5.746200	5.745440	5.747360	5.752810
Singapore Dollar	1.921240	1.909210	1.909190	1.913930	1.917400	1.925970	1.922660	1.924370	1.928650
South African Rand	14.964700	14.795600	15.043300	15.051400	NA	15.150400	15.313900	15.498000	15.415600
Sri Lanka Rupee	201.590000	NA	202.641000	202.453000	202.068000	202.508000	202.214000	202.249000	202.470000
Swedish Krona	9.859500	9.746210	9.703840	9.735770	9.755340	9.826170	9.836320	9.853870	9.863680
Swiss Franc	1.412120	1.395780	1.393280	1.397760	1.395780	1.395940	1.393920	1.389030	1.388650
Thai Baht	48.312900	47.601400	47.513800	47.681300	47.882200	48.117900	47.906300	47.881000	48.147300
Trinidad And Tobago Dollar	9.801130	NA	9.890410	9.842520	9.823380	NA	9.848820	9.859600	9.867970
Tunisian Dinar	2.514650	NA	2.498660	2.511620	2.512920	2.518980	2.524930	2.533130	2.533080
U.A.E. Dirham	5.598040	5.633610	5.627210	5.626730	5.619400	5.627430	5.626700	5.628600	5.633930
Peso Uruguayo	33.510400	NA	33.012600	32.893200	32.903800	33.167100	33.243900	33.687300	33.808100
Bolivar Fuerte	9.579090	9.639950	9.628990	9.628160	9.615660	9.629370	9.628160	9.631410	9.640510

Notes:


The value of the U.S. dollar in terms of the SDR is the reciprocal of the sum of the dollar values, based on market exchange rates, of specified quantities of the SDR basket currencies. See SDR Valuation.

These rates are the official rates used by the Fund to conduct operations with member countries. The rates are derived from the currency's representative exchange rate, as reported by the central bank, normally against the U.S. dollar at spot market rates and rounded to six significant digits. See Representative Exchange Rates for Selected Currencies.

The value in terms of each national currency of the SDR (shown above) is the reciprocal of the value in terms of the SDR of each national currency, rounded to six significant digits.

Exchange rates are published daily except on IMF holidays or whenever the IMF is closed for business.
