Currency units per SDR for March 2014
Currency	March 03, 2014	March 04, 2014	March 05, 2014	March 06, 2014	March 07, 2014	March 10, 2014	March 11, 2014	March 12, 2014	March 13, 2014	March 14, 2014	March 17, 2014
Chinese Yuan	NA	9.468170	9.459750	9.462710	9.496950	9.494240	9.489380	9.499470	9.527530	9.513840	NA
Euro	1.123770	1.123030	1.124580	1.124010	1.116860	1.115570	1.117210	1.115130	1.114430	1.117010	1.115150
Japanese Yen	156.732000	156.999000	157.871000	158.590000	159.832000	159.807000	159.840000	159.350000	159.663000	157.908000	157.274000
U.K. Pound Sterling	0.925583	0.926355	0.924548	0.923574	0.925600	0.930934	0.931567	0.933332	0.929610	0.934807	0.933611
U.S. Dollar	1.547210	1.546180	1.544270	1.544960	1.551760	1.548520	1.547340	1.548590	1.553740	1.550850	1.550720
Algerian Dinar	NA	119.842000	119.868000	119.857000	119.801000	119.574000	119.552000	119.531000	119.801000	119.711000	NA
Australian Dollar	NA	1.731450	1.723520	1.714330	1.707490	1.713530	1.713740	1.727560	1.712680	1.721250	NA
Bahrain Dinar	NA	0.581365	0.580646	0.580902	0.583465	0.582245	0.581798	0.582269	0.584208	0.583121	NA
Botswana Pula	NA	13.731600	13.666100	13.611900	13.635900	13.703700	13.729700	13.802000	13.713500	13.712200	NA
Brazilian Real	NA	3.607870	3.603410	3.590470	3.583640	3.620750	3.622320	3.633140	3.674440	3.642320	NA
Brunei Dollar	NA	1.964120	1.962150	1.958540	1.960650	1.964300	1.959090	1.964850	1.967970	1.964150	NA
Canadian Dollar	NA	1.718430	1.706570	1.694200	1.720750	1.719630	1.715220	1.723890	1.717970	1.719430	NA
Chilean Peso	NA	868.214000	862.136000	869.346000	868.274000	869.573000	881.422000	883.767000	890.670000	885.285000	NA
Colombian Peso	NA	3,173.560000	3,162.290000	3,159.650000	3,150.110000	3,153.090000	3,160.880000	3,164.680000	3,181.430000	3,170.680000	NA
Czech Koruna	NA	30.728900	30.757300	30.753900	30.524800	30.499600	30.553800	30.496400	30.481300	30.556400	NA
Danish Krone	NA	8.380750	8.392360	8.388210	8.335140	8.325150	8.337360	8.321960	8.317530	8.336600	NA
Hungarian Forint	NA	350.659000	348.481000	347.662000	346.260000	347.844000	349.791000	350.801000	347.464000	350.089000	NA
Icelandic Krona	NA	174.394000	174.333000	174.209000	173.549000	173.481000	174.076000	174.681000	174.299000	174.595000	NA
Indian Rupee	NA	95.715800	95.521000	94.742700	94.634200	94.764300	93.922300	94.602900	94.802000	95.403500	NA
Indonesian Rupiah	NA	18,008.400000	17,882.700000	17,850.400000	17,682.300000	17,729.000000	17,614.900000	17,703.400000	17,692.500000	17,712.300000	NA
Iranian Rial	NA	38,578.800000	38,529.600000	38,557.500000	NA	38,632.400000	38,632.400000	38,688.300000	38,811.000000	NA	NA
Israeli New Sheqel	NA	5.393070	5.384880	5.368720	NA	NA	NA	NA	NA	NA	NA
Kazakhstani Tenge	NA	282.117000	280.718000	281.321000	282.545000	281.955000	281.724000	282.044000	282.937000	282.409000	NA
Korean Won	NA	1,657.350000	1,655.460000	1,654.030000	1,656.350000	1,645.460000	1,649.310000	1,648.940000	1,661.260000	1,655.380000	NA
Kuwaiti Dinar	NA	0.435405	0.435021	0.435214	0.437132	0.435366	0.435267	0.435618	0.436601	0.435789	NA
Libyan Dinar	NA	1.932400	1.932400	1.932400	1.932400	1.932400	1.932400	1.932400	1.932400	1.932400	NA
Malaysian Ringgit	NA	5.077660	5.055940	5.044290	5.054100	5.084560	5.072180	5.087890	5.095490	5.090660	NA
Mauritian Rupee	NA	46.528300	46.415800	46.464700	46.640500	46.530500	46.452200	NA	46.598100	46.490900	NA
Mexican Peso	NA	20.525900	20.464500	20.312400	20.451500	20.478900	20.491400	20.543400	20.580300	20.523900	NA
Nepalese Rupee	NA	153.490000	152.821000	152.672000	151.731000	151.352000	150.664000	151.003000	152.189000	151.797000	NA
New Zealand Dollar	NA	1.847290	1.841710	1.835080	1.830990	1.828240	1.826630	1.828750	1.823640	1.815350	NA
Norwegian Krone	NA	9.263380	9.255920	9.246670	9.245390	9.239070	9.204200	9.241200	9.202510	9.279540	NA
Rial Omani	NA	0.594506	0.593771	0.594036	0.596652	0.595405	0.594951	0.595433	0.597414	0.596303	NA
Pakistani Rupee	NA	162.265000	161.604000	160.939000	160.641000	157.873000	155.263000	152.456000	152.565000	154.268000	NA
Nuevo Sol	NA	4.329300	4.320870	4.322790	4.348030	4.340500	4.332550	4.343780	4.359810	NA	NA
Philippine Peso	NA	69.159200	69.206500	69.150600	69.269300	68.809900	68.875300	68.887100	69.345200	69.115200	NA
Polish Zloty	NA	4.714160	4.706480	4.700840	4.683990	4.686760	4.711490	4.724420	4.705350	4.727150	NA
Qatar Riyal	NA	5.628100	5.621170	5.623630	5.648410	5.636600	5.632310	5.636850	5.655630	5.645090	NA
Russian Ruble	NA	56.158600	55.724900	55.811700	56.269900	NA	56.325300	56.502600	56.644100	56.821700	NA
Saudi Arabian Riyal	NA	5.798180	5.791030	5.793570	5.819130	5.806960	5.802520	5.807200	5.826520	5.815680	NA
Singapore Dollar	NA	1.964120	1.962150	1.958540	1.960650	1.964300	1.959090	1.964850	1.967970	1.964150	NA
South African Rand	NA	16.735800	16.593700	16.431100	16.502700	16.657300	16.709200	16.877500	16.740700	16.713500	NA
Sri Lanka Rupee	NA	201.984000	201.691000	201.771000	202.606000	202.157000	202.012000	202.095000	202.868000	202.596000	NA
Swedish Krona	NA	9.973770	9.971080	9.932850	9.919360	9.887870	9.876150	9.892960	9.854160	9.897850	NA
Swiss Franc	NA	1.367440	1.371000	1.370220	1.360120	1.360220	1.360730	1.357650	1.353310	1.355290	NA
Thai Baht	NA	50.298800	50.011300	49.903700	50.080100	50.179900	50.022300	50.177400	50.283900	50.138900	NA
Trinidad And Tobago Dollar	NA	NA	NA	9.950450	9.930680	9.929600	9.934040	9.949160	9.991010	9.991010	NA
Tunisian Dinar	NA	2.444360	2.443660	2.446750	2.453490	2.434580	2.429010	2.436700	2.445280	NA	NA
U.A.E. Dirham	NA	5.678370	5.671350	5.673860	5.698850	5.686920	5.682590	5.687180	5.706130	5.695510	NA
Peso Uruguayo	NA	NA	NA	34.307300	34.576400	34.612500	34.891000	35.027500	35.167400	NA	NA
Bolivar Fuerte	NA	9.716570	9.704500	9.708830	9.751630	9.731220	9.723750	9.731600	9.764000	9.745830	NA

Currency units per SDR for March 2014 Continued

Currency	March 18, 2014	March 19, 2014	March 20, 2014	March 21, 2014	March 24, 2014	March 25, 2014	March 26, 2014	March 27, 2014	March 28, 2014	March 31, 2014
Chinese Yuan	9.524810	9.528350	9.490010	9.498030	9.484160	9.493250	9.493520	9.497220	9.492530	9.508870
Euro	1.116930	1.116290	1.121990	1.121210	1.120480	1.120800	1.120420	1.123090	1.121990	1.121000
Japanese Yen	158.102000	157.515000	157.960000	NA	157.946000	157.948000	158.148000	157.450000	157.694000	158.968000
U.K. Pound Sterling	0.934160	0.932618	0.934903	0.936093	0.935874	0.936540	0.933864	0.928738	0.928462	0.928695
U.S. Dollar	1.552760	1.553090	1.544090	1.545030	1.543350	1.545480	1.545170	1.545140	1.543750	1.545630
Algerian Dinar	119.948000	120.040000	NA	120.692000	120.794000	120.951000	120.733000	120.788000	121.176000	121.305000
Australian Dollar	1.709520	1.703140	1.711850	1.705140	1.699540	1.691630	1.680440	1.672410	1.665320	1.676200
Bahrain Dinar	0.583839	0.583962	0.580578	0.580929	0.580299	0.581098	0.580983	0.580973	0.580450	0.581155
Botswana Pula	13.717000	13.707800	13.811200	13.794900	13.743100	13.701000	13.637800	13.661700	13.565500	13.558100
Brazilian Real	3.651780	3.653180	3.603590	3.618460	3.587520	3.592920	3.573040	3.572210	3.524380	3.493580
Brunei Dollar	1.963310	1.964820	1.965630	1.973000	1.962520	1.959200	1.960200	1.954450	1.947290	1.948270
Canadian Dollar	1.721390	1.736200	1.737250	1.729500	1.731180	1.727220	1.721780	1.708460	1.708010	1.708380
Chilean Peso	885.614000	886.674000	879.608000	878.333000	867.227000	869.641000	864.626000	858.716000	851.274000	850.912000
Colombian Peso	3,160.120000	3,160.330000	3,115.010000	3,087.890000	3,077.210000	3,081.450000	3,057.310000	3,048.610000	3,034.460000	3,037.660000
Czech Koruna	30.612700	30.648800	30.843200	30.780000	30.720400	30.724000	30.748800	30.780800	30.763800	30.759600
Danish Krone	8.336600	NA	8.374860	8.369390	8.364000	8.366450	8.364000	8.384830	8.376400	8.369250
Hungarian Forint	348.828000	346.744000	348.872000	349.562000	350.695000	349.107000	349.393000	351.010000	348.239000	345.262000
Icelandic Krona	175.338000	175.577000	176.026000	175.840000	175.541000	175.674000	175.345000	174.694000	174.505000	174.192000
Indian Rupee	94.633300	94.889300	94.391300	94.318300	93.685600	93.491100	92.976600	92.908300	92.779000	NA
Indonesian Rupiah	17,518.300000	17,570.200000	17,613.400000	17,661.200000	17,569.500000	17,552.000000	17,627.200000	17,673.300000	17,604.900000	NA
Iranian Rial	38,854.700000	38,985.700000	38,759.700000	38,783.300000	38,741.200000	39,094.400000	39,204.000000	NA	NA	39,327.000000
Israeli New Sheqel	NA	5.376810	5.379610	5.375160	5.383200	5.393710	5.391070	5.414190	5.400030	5.389620
Kazakhstani Tenge	282.696000	282.725000	281.055000	NA	280.921000	281.307000	281.344000	281.293000	281.024000	281.397000
Korean Won	1,661.300000	1,658.550000	1,653.260000	1,661.370000	1,667.280000	1,668.650000	1,666.000000	1,661.030000	1,656.140000	1,651.970000
Kuwaiti Dinar	0.436327	0.436420	0.434507	0.434771	0.434529	0.434896	0.434809	0.434957	0.434565	0.435326
Libyan Dinar	1.932400	1.932400	1.932400	1.932400	1.932400	1.932400	1.932400	1.932400	1.932400	1.932400
Malaysian Ringgit	5.072250	5.092580	5.086240	5.114040	5.098610	5.099310	5.103680	5.089710	5.058090	5.051880
Mauritian Rupee	46.542400	46.568600	46.290700	46.362000	46.369700	46.443200	46.425700	46.432600	46.450300	NA
Mexican Peso	NA	20.453500	NA	20.425300	20.375100	20.299700	20.283900	20.216200	20.198600	20.178000
Nepalese Rupee	152.031000	152.064000	150.595000	151.644000	150.384000	150.298000	149.541000	148.689000	148.972000	148.164000
New Zealand Dollar	1.813550	1.801310	1.808700	1.811070	1.808050	1.808840	1.802570	1.797510	1.780360	1.783970
Norwegian Krone	9.276180	9.284710	9.391610	9.384030	9.355500	9.347540	9.335240	9.282900	9.251380	9.253860
Rial Omani	0.597036	0.597165	0.593701	0.594064	0.593419	0.594237	0.594117	0.594106	0.593570	0.594294
Pakistani Rupee	153.921000	152.709000	151.550000	151.806000	151.017000	151.422000	151.505000	151.339000	151.325000	151.811000
Nuevo Sol	4.360150	4.368850	4.340430	4.339980	4.333730	4.344330	4.343460	4.341840	4.336400	4.338580
Philippine Peso	69.390000	69.342400	69.220000	69.634500	69.814900	69.873900	69.612700	69.559400	69.414600	69.547300
Polish Zloty	4.719760	4.697330	4.709470	4.700750	4.704600	4.689290	4.684630	4.697390	4.688980	4.690060
Qatar Riyal	5.652050	5.653260	5.620470	5.623890	5.617790	5.625530	5.624390	5.624330	5.619240	5.626100
Russian Ruble	56.596000	56.232800	55.754100	56.242300	55.817300	55.531500	54.775300	54.977700	55.091900	55.032400
Saudi Arabian Riyal	5.822860	5.824110	5.790320	5.793840	5.787570	5.795520	5.794380	5.794280	5.789080	5.796090
Singapore Dollar	1.963310	1.964820	1.965630	1.973000	1.962520	1.959200	1.960200	1.954450	1.947290	1.948270
South African Rand	16.664900	16.668000	16.906100	NA	16.727400	16.649200	16.509000	16.533200	16.350600	16.351500
Sri Lanka Rupee	202.765000	202.783000	201.643000	201.854000	201.636000	201.916000	201.943000	201.929000	201.755000	202.006000
Swedish Krona	9.890810	9.845330	9.886210	9.912470	9.910120	9.897560	9.933050	10.012200	10.014900	10.057100
Swiss Franc	1.356490	1.357560	1.367440	1.364260	1.367720	1.365270	1.369630	1.368840	1.369150	1.366330
Thai Baht	49.936800	49.893200	49.956000	50.069600	50.083400	50.244900	50.367700	50.317500	50.198000	50.132300
Trinidad And Tobago Dollar	9.973670	10.009700	9.920040	9.969590	9.925260	9.911880	9.937890	9.944510	9.938090	9.947970
Tunisian Dinar	2.443890	2.440840	NA	NA	NA	NA	2.439660	NA	NA	2.451680
U.A.E. Dirham	5.702520	5.703730	5.670670	5.674110	5.667970	5.675760	5.674630	5.674530	5.669420	5.676340
Peso Uruguayo	35.227500	35.315800	35.342700	35.317700	35.288700	35.209000	35.055100	34.782700	34.810100	34.983800
Bolivar Fuerte	9.757910	9.759910	9.703370	9.709300	9.698760	9.712040	9.710150	9.709960	9.701200	9.713080

Notes:


The value of the U.S. dollar in terms of the SDR is the reciprocal of the sum of the dollar values, based on market exchange rates, of specified quantities of the SDR basket currencies. See SDR Valuation.

These rates are the official rates used by the Fund to conduct operations with member countries. The rates are derived from the currency's representative exchange rate, as reported by the central bank, normally against the U.S. dollar at spot market rates and rounded to six significant digits. See Representative Exchange Rates for Selected Currencies.

The value in terms of each national currency of the SDR (shown above) is the reciprocal of the value in terms of the SDR of each national currency, rounded to six significant digits.

Exchange rates are published daily except on IMF holidays or whenever the IMF is closed for business.
