Currency units per SDR for February 2014
Currency	February 03, 2014	February 04, 2014	February 05, 2014	February 06, 2014	February 07, 2014	February 10, 2014	February 11, 2014	February 12, 2014	February 13, 2014	February 14, 2014	February 18, 2014
Chinese Yuan	NA	NA	NA	NA	9.369440	9.388170	9.396290	9.381920	9.416730	9.429870	9.428800
Euro	1.134550	1.133360	1.131260	1.135290	1.129910	1.126960	1.125060	1.131700	1.127010	1.126510	1.124350
Japanese Yen	156.603000	155.134000	155.612000	155.628000	156.472000	157.507000	NA	157.476000	157.957000	157.885000	157.735000
U.K. Pound Sterling	0.937620	0.938844	0.941425	0.939346	0.938932	0.937682	0.936251	0.929480	0.926758	0.924172	0.925403
U.S. Dollar	1.531420	1.532190	1.532070	1.532080	1.533740	1.536950	1.538640	1.536050	1.541190	1.544110	1.543850
Algerian Dinar	120.029000	120.120000	120.025000	119.869000	119.964000	120.169000	120.154000	120.172000	NA	120.090000	119.842000
Australian Dollar	1.749200	1.725430	1.722980	1.709140	1.715590	1.720530	1.707890	1.697300	1.725090	1.716440	1.704590
Bahrain Dinar	0.575815	0.576103	0.576060	0.576060	0.576685	0.577894	0.578526	0.577557	0.579488	0.580585	0.580487
Botswana Pula	13.871600	13.891100	13.864900	13.890100	13.867500	13.896500	13.811800	13.825900	13.897100	13.786700	13.747600
Brazilian Real	3.715690	3.691030	3.704090	3.693230	3.687260	3.660560	3.682870	3.698200	3.712120	3.742610	3.685170
Brunei Dollar	1.957000	1.947560	1.945580	1.944050	1.945400	1.949160	1.952680	1.943110	1.953160	1.953760	1.947870
Canadian Dollar	1.696200	1.693830	1.700750	1.695400	1.689870	1.698030	1.696350	1.688580	1.692230	1.695580	1.690980
Chilean Peso	848.162000	NA	854.204000	856.795000	852.973000	850.181000	854.482000	851.832000	852.144000	848.392000	844.473000
Colombian Peso	3,095.160000	3,125.430000	3,127.480000	3,138.840000	3,143.430000	3,144.690000	3,151.980000	3,136.030000	3,131.320000	3,139.160000	3,122.720000
Czech Koruna	31.227300	31.198400	31.150100	31.252800	31.076700	31.044900	30.971300	31.154200	31.027300	30.910000	30.796700
Danish Krone	8.466180	8.457520	8.442020	8.471630	8.431700	8.409720	8.395390	8.444950	8.409650	8.405970	8.389750
Hungarian Forint	353.131000	352.020000	348.132000	348.640000	348.665000	349.549000	348.670000	347.072000	351.808000	348.428000	347.227000
Icelandic Krona	177.369000	177.274000	177.445000	177.277000	176.917000	176.550000	176.005000	175.571000	175.095000	175.179000	174.872000
Indian Rupee	96.003400	96.039300	95.681900	95.761600	95.575800	95.587700	96.070700	95.427100	95.973900	96.162200	95.906700
Indonesian Rupiah	18,761.400000	18,766.200000	18,648.400000	18,628.500000	18,674.800000	18,698.600000	18,731.400000	18,609.300000	18,606.800000	18,353.300000	18,257.600000
Iranian Rial	38,124.700000	38,130.000000	38,119.500000	38,108.900000	NA	38,231.700000	NA	38,203.200000	38,358.700000	NA	38,392.400000
Israeli New Sheqel	5.392140	5.410140	5.421990	5.437350	5.418700	5.417760	5.409850	5.411520	5.414210	5.413660	5.421990
Kazakhstani Tenge	238.121000	238.454000	238.513000	238.176000	238.497000	239.089000	252.183000	283.402000	NA	284.904000	284.856000
Korean Won	1,640.310000	1,658.130000	1,663.980000	1,653.880000	1,650.920000	1,652.380000	1,649.260000	1,646.650000	1,640.910000	1,642.780000	1,637.250000
Kuwaiti Dinar	0.433163	0.433379	0.433193	0.433195	0.433665	0.433958	0.434203	0.433704	0.435002	NA	0.435057
Libyan Dinar	1.932400	1.932400	1.932400	1.932400	1.932400	1.932400	1.932400	1.932400	1.932400	1.932400	1.932400
Malaysian Ringgit	NA	5.113680	5.094890	5.088800	5.095850	5.118050	5.141040	5.105840	5.123690	5.124130	5.091620
Mauritian Rupee	46.325700	46.467100	46.577100	NA	46.603100	46.672000	46.670300	46.515300	46.619400	46.697800	46.579000
Mexican Peso	NA	20.520300	20.484600	20.255700	20.442500	20.462100	20.450900	20.438100	20.547200	20.455900	20.419100
Nepalese Rupee	153.602000	153.372000	153.284000	152.886000	153.052000	153.173000	NA	152.930000	153.118000	154.226000	152.764000
New Zealand Dollar	1.889240	1.895570	1.857280	NA	1.859530	1.854880	1.861400	1.846660	1.853060	1.851450	1.845390
Norwegian Krone	9.589750	9.656140	9.568280	9.536430	9.504710	9.419210	9.414420	9.429340	9.395410	9.411940	9.380420
Rial Omani	0.588831	0.589126	0.589081	0.589084	0.589723	0.590957	0.591607	0.590612	0.592589	0.593708	0.593609
Pakistani Rupee	161.618000	161.791000	NA	161.553000	161.711000	162.086000	162.213000	NA	162.037000	162.065000	162.094000
Nuevo Sol	4.323200	4.325370	4.326570	4.321990	4.325150	4.331140	4.332790	4.323990	4.340000	NA	4.332040
Philippine Peso	69.437700	69.544400	69.565200	69.433800	69.383300	69.230500	69.118500	69.141000	69.298100	69.318300	68.737000
Polish Zloty	4.804070	4.778740	4.747440	4.741790	4.732650	4.715820	4.705310	4.692940	4.705570	4.683910	4.677860
Qatar Riyal	5.574380	5.577150	5.576750	5.576750	5.582820	5.594500	5.600640	5.591250	5.609940	5.620570	5.619620
Russian Ruble	53.959300	54.316200	53.559900	53.207100	53.074000	53.429900	53.538900	53.392600	53.727600	54.439000	54.403100
Saudi Arabian Riyal	5.742840	5.745710	5.745280	5.745280	5.751520	5.763590	5.769870	5.760200	5.779480	5.790420	5.789450
Singapore Dollar	1.957000	1.947560	1.945580	1.944050	1.945400	1.949160	1.952680	1.943110	1.953160	1.953760	1.947870
South African Rand	17.034200	17.086400	16.992700	17.038400	17.014800	17.106800	16.930900	16.905200	17.114700	16.830100	16.776600
Sri Lanka Rupee	200.242000	NA	200.285000	200.169000	200.379000	200.854000	201.122000	200.916000	201.643000	NA	201.961000
Swedish Krona	10.010300	10.031500	10.014500	10.012900	9.976260	9.963630	9.929700	9.892470	9.922510	9.961150	9.982430
Swiss Franc	1.385170	1.385400	1.385910	1.385300	1.382970	1.379110	1.378770	1.383220	1.377520	1.377810	1.374950
Thai Baht	50.397600	50.350700	50.219700	50.264400	50.334200	50.399700	50.467300	50.166000	50.207400	NA	50.040800
Trinidad And Tobago Dollar	9.815470	9.820580	9.833040	9.834580	9.866120	9.885720	9.868650	9.872350	9.894620	9.920440	9.911200
Tunisian Dinar	2.455940	2.464210	NA	2.456990	2.458890	NA	2.454740	NA	2.458050	NA	2.449320
U.A.E. Dirham	5.624140	5.626960	5.626540	5.626540	5.632660	5.644460	5.650640	5.641140	5.660050	5.670730	5.669800
Peso Uruguayo	33.850600	33.904300	33.915400	33.915600	33.929400	34.108000	34.160800	34.152700	34.465600	34.549500	34.823100
Bolivar Fuerte	9.623810	9.628530	9.627880	9.627880	9.638370	9.658480	9.669120	9.652880	9.685140	9.703460	9.701860

Currency units per SDR for February 2014 Continued

Currency	February 19, 2014	February 20, 2014	February 21, 2014	February 24, 2014	February 25, 2014	February 26, 2014	February 27, 2014	February 28, 2014
Chinese Yuan	9.441360	9.434410	9.438860	9.446880	9.452690	9.452600	9.436810	9.472300
Euro	1.124160	1.125730	1.125630	1.124050	1.123290	1.125420	1.128710	1.120250
Japanese Yen	157.962000	157.378000	158.179000	158.372000	158.421000	157.842000	157.789000	157.526000
U.K. Pound Sterling	0.927248	0.926406	0.925780	0.927876	0.925797	0.925497	0.926243	0.927257
U.S. Dollar	1.545160	1.542920	1.542910	1.543890	1.544970	1.544750	1.541360	1.547400
Algerian Dinar	119.850000	119.786000	119.814000	119.838000	119.829000	119.934000	119.792000	119.914000
Australian Dollar	1.713610	1.723170	1.715860	1.721550	1.710170	1.714290	1.724120	1.729520
Bahrain Dinar	0.580980	0.580141	0.580134	0.580501	0.580909	0.580825	0.579552	0.581825
Botswana Pula	13.820800	13.900200	13.862600	13.809400	13.672300	13.694600	13.676700	13.669600
Brazilian Real	3.705760	3.700850	3.671960	3.647440	3.613830	3.609610	3.615110	3.626500
Brunei Dollar	1.951070	1.951490	1.952700	1.956570	1.950210	1.953330	1.952130	1.960870
Canadian Dollar	1.706630	1.713260	1.716940	1.707230	1.712440	1.717300	1.717080	1.713750
Chilean Peso	846.919000	852.355000	856.883000	857.016000	857.611000	859.912000	861.653000	871.680000
Colombian Peso	3,134.420000	NA	3,166.750000	3,155.650000	3,155.860000	3,159.710000	3,164.590000	3,179.760000
Czech Koruna	30.815100	30.827700	30.810300	30.765100	30.707700	30.759000	30.856500	30.624700
Danish Krone	8.388700	8.400750	8.400040	8.388140	8.382370	8.398140	8.422900	8.359880
Hungarian Forint	351.262000	353.052000	350.286000	348.394000	348.946000	347.507000	351.784000	349.759000
Icelandic Krona	174.758000	175.415000	175.274000	174.722000	175.184000	174.958000	175.361000	174.083000
Indian Rupee	NA	96.100300	95.909500	95.903900	95.751500	95.678200	NA	96.050400
Indonesian Rupiah	18,310.200000	18,163.300000	18,193.900000	18,106.700000	17,952.500000	18,025.700000	17,995.400000	18,002.500000
Iranian Rial	38,414.300000	38,380.200000	NA	38,432.000000	38,463.500000	38,453.400000	38,376.800000	NA
Israeli New Sheqel	5.425050	5.426470	5.415590	5.411340	5.433660	5.439070	5.420970	5.409730
Kazakhstani Tenge	285.144000	285.133000	285.360000	284.863000	285.000000	285.346000	283.703000	284.846000
Korean Won	1,644.200000	1,646.450000	1,653.840000	1,656.750000	1,662.850000	1,653.810000	1,649.100000	1,652.160000
Kuwaiti Dinar	0.435117	0.434488	0.434482	0.434991	NA	NA	NA	NA
Libyan Dinar	1.932400	1.932400	1.932400	1.932400	1.932400	1.932400	1.932400	1.932400
Malaysian Ringgit	5.102590	5.097050	5.093910	5.093280	5.061320	5.064450	5.052570	5.073150
Mauritian Rupee	46.587300	46.476600	46.469700	46.517900	46.568600	46.500600	NA	46.561700
Mexican Peso	20.506400	20.507500	NA	20.393200	20.431900	20.543900	20.510300	20.484400
Nepalese Rupee	153.790000	153.567000	153.642000	153.462000	153.446000	153.084000	NA	153.471000
New Zealand Dollar	1.860070	1.865690	1.856240	1.864150	1.854480	1.855330	1.853490	1.847420
Norwegian Krone	9.351300	9.413800	9.418240	9.304840	9.309860	NA	9.338380	9.269990
Rial Omani	0.594114	0.593254	0.593246	0.593627	0.594039	0.593955	0.592652	0.594976
Pakistani Rupee	162.130000	161.890000	161.884000	162.092000	162.355000	162.243000	161.791000	162.410000
Nuevo Sol	4.337270	4.332530	4.329400	4.330620	4.335180	4.337640	4.318890	NA
Philippine Peso	68.838300	68.860600	69.034100	68.937900	68.962700	68.855300	68.798500	69.100900
Polish Zloty	4.679680	4.704380	4.688740	4.671040	4.675690	4.674400	4.725050	4.681520
Qatar Riyal	5.624390	5.616240	5.616180	5.619750	5.623660	5.622870	5.610570	5.632530
Russian Ruble	54.985500	55.185800	55.055200	54.825500	54.949600	55.282200	55.566400	55.992300
Saudi Arabian Riyal	5.794350	5.785970	5.785900	5.789580	5.793640	5.792800	5.780110	5.802750
Singapore Dollar	1.951070	1.951490	1.952700	1.956570	1.950210	1.953330	1.952130	1.960870
South African Rand	16.932200	17.112700	17.031300	16.894100	16.613000	16.630400	16.625000	16.577300
Sri Lanka Rupee	202.107000	201.892000	201.887000	202.156000	202.419000	202.392000	NA	202.711000
Swedish Krona	10.025200	10.077500	10.129500	10.061400	10.039400	10.050300	10.052500	10.043900
Swiss Franc	1.372410	1.374440	1.373340	1.371750	1.371000	1.371430	1.372430	1.364500
Thai Baht	50.347400	50.313200	50.215400	50.330700	50.237600	50.300000	50.229800	50.496400
Trinidad And Tobago Dollar	9.932160	9.911390	9.904030	9.901580	9.897660	9.923790	9.886600	9.928910
Tunisian Dinar	2.446140	2.438740	2.443660	2.448140	2.448620	2.443020	2.442440	2.458980
U.A.E. Dirham	5.674600	5.666400	5.666330	5.669930	5.673890	5.673080	5.660660	5.682850
Peso Uruguayo	34.846500	34.769800	34.684500	34.436400	34.500600	34.596200	34.827100	NA
Bolivar Fuerte	9.710060	9.696030	9.695940	9.702140	9.708930	9.707510	9.686260	9.724220

Notes:


The value of the U.S. dollar in terms of the SDR is the reciprocal of the sum of the dollar values, based on market exchange rates, of specified quantities of the SDR basket currencies. See SDR Valuation.

These rates are the official rates used by the Fund to conduct operations with member countries. The rates are derived from the currency's representative exchange rate, as reported by the central bank, normally against the U.S. dollar at spot market rates and rounded to six significant digits. See Representative Exchange Rates for Selected Currencies.

The value in terms of each national currency of the SDR (shown above) is the reciprocal of the value in terms of the SDR of each national currency, rounded to six significant digits.

Exchange rates are published daily except on IMF holidays or whenever the IMF is closed for business.
