Currency units per SDR for June 2014
Currency	June 02, 2014	June 03, 2014	June 04, 2014	June 05, 2014	June 06, 2014	June 09, 2014	June 10, 2014	June 11, 2014	June 12, 2014	June 13, 2014	June 16, 2014
Chinese Yuan	9.502630	9.500290	9.499650	9.501910	9.498660	9.474900	9.447690	9.455190	9.456710	9.468530	9.476610
Euro	1.131630	1.128260	1.129980	1.134970	1.129900	1.132430	1.134890	1.134780	1.136360	1.137520	1.138030
Japanese Yen	157.045000	157.615000	158.063000	157.923000	157.748000	157.985000	157.387000	157.341000	156.832000	156.723000	157.001000
U.K. Pound Sterling	0.919337	0.919439	0.919735	0.918468	0.916800	0.916775	0.916288	0.916145	0.913684	0.908273	0.907581
U.S. Dollar	1.540260	1.539510	1.539830	1.539810	1.541410	1.541010	1.537440	1.537290	1.537270	1.539520	1.539980
Algerian Dinar	121.926000	121.802000	121.887000	122.013000	122.101000	122.169000	122.044000	122.062000	122.055000	122.239000	122.158000
Australian Dollar	1.663350	1.660750	1.660370	1.659640	1.651750	NA	1.641150	1.638030	1.636960	1.634660	1.636190
Bahrain Dinar	0.579139	0.578854	0.578975	0.578968	0.579572	0.579421	0.578075	0.578018	0.578015	0.578861	0.579035
Botswana Pula	13.594600	13.636100	13.650900	13.614600	13.556900	13.577200	13.617700	13.652600	13.616200	13.672500	13.652300
Brazilian Real	3.448660	3.485450	3.488320	3.511080	3.498240	3.458810	3.434020	3.427530	3.429190	3.434050	3.441400
Brunei Dollar	1.934420	1.933630	1.937260	1.936470	1.931240	1.927650	1.922870	1.922220	1.921440	1.921170	1.925910
Canadian Dollar	1.678120	1.680380	1.684110	1.683630	1.685690	1.681250	1.678110	NA	1.668090	1.673150	1.670880
Chilean Peso	848.256000	847.084000	847.953000	850.933000	850.290000	846.927000	845.423000	850.304000	852.282000	852.021000	854.387000
Colombian Peso	NA	2,926.060000	2,925.270000	2,922.100000	NA	2,906.490000	2,896.160000	2,897.740000	2,897.190000	2,889.960000	2,891.120000
Czech Koruna	31.093400	30.991900	31.018200	31.159600	31.031700	31.083800	31.154600	31.142400	31.159000	31.218400	31.220100
Danish Krone	8.446520	8.421120	8.433620	NA	8.431350	NA	8.467540	8.467190	8.477450	8.484640	8.486370
Hungarian Forint	343.001000	344.249000	345.921000	344.794000	343.180000	NA	344.893000	347.150000	347.870000	348.317000	350.085000
Icelandic Krona	174.651000	174.519000	174.570000	174.522000	174.396000	NA	175.222000	175.835000	175.849000	175.690000	175.805000
Indian Rupee	91.088800	91.158500	91.366800	91.306700	91.246700	91.013300	91.115300	91.199300	91.203400	91.568400	92.407800
Indonesian Rupiah	18,082.700000	18,175.500000	18,185.400000	18,283.700000	18,224.100000	18,168.500000	18,151.000000	18,144.600000	18,159.800000	18,137.100000	18,193.400000
Iranian Rial	39,409.200000	39,403.700000	NA	NA	NA	39,436.100000	39,356.800000	39,362.200000	39,357.200000	NA	39,434.400000
Israeli New Sheqel	5.353950	NA	NA	NA	NA	5.333450	5.322600	5.320540	5.320510	5.314430	5.326800
Kazakhstani Tenge	282.654000	282.485000	282.574000	282.570000	282.865000	282.791000	282.134000	282.107000	282.105000	282.518000	282.602000
Korean Won	1,571.690000	1,575.840000	1,576.170000	1,577.230000	NA	1,575.840000	1,564.190000	1,562.650000	1,562.640000	1,566.470000	1,567.710000
Kuwaiti Dinar	0.434124	0.434218	0.434309	0.434303	NA	0.434335	0.433557	0.433900	0.433742	0.434377	0.434277
Libyan Dinar	1.932400	1.932400	1.932400	1.932400	1.932400	1.932400	1.932400	1.932400	1.932400	1.932400	1.932400
Malaysian Ringgit	4.965050	4.969540	4.979040	4.978220	4.966430	4.927390	4.922860	4.924700	4.940780	4.941860	4.963370
Mauritian Rupee	46.574700	46.573100	46.643300	46.683400	46.709500	46.659000	46.576400	46.647400	46.746900	46.849800	46.819800
Mexican Peso	19.886100	19.928500	19.944900	19.843200	19.881300	20.019600	20.061400	NA	19.956100	20.039000	20.069600
Nepalese Rupee	145.663000	145.715000	146.314000	146.190000	146.342000	145.903000	145.641000	145.842000	145.795000	145.962000	147.253000
New Zealand Dollar	NA	1.823420	1.824870	1.828320	1.814920	1.812320	1.809380	1.802210	1.785860	1.773850	1.776430
Norwegian Krone	9.234630	9.230880	9.226790	9.234120	9.208100	NA	9.180210	9.201410	9.214210	9.243000	9.239750
Rial Omani	0.592231	0.591940	0.592063	0.592059	0.592673	0.592519	0.591142	0.591086	0.591079	0.591947	0.592126
Pakistani Rupee	151.772000	151.891000	151.759000	151.826000	151.944000	151.997000	151.609000	151.589000	151.508000	151.467000	151.756000
Nuevo Sol	4.266540	4.275220	4.286880	4.286840	4.288220	4.293260	4.286360	4.298250	4.296680	4.296810	4.301190
Philippine Peso	67.512800	67.506000	67.506000	67.594500	67.535600	67.292900	66.967600	67.116300	NA	67.365000	67.432700
Polish Zloty	4.684410	4.687660	4.695080	4.661790	4.658460	4.633360	4.658900	4.678120	4.669320	4.677380	4.720680
Qatar Riyal	5.606580	5.603810	5.604970	5.604910	5.610760	5.609280	5.596250	5.595720	5.595660	5.603870	5.605540
Russian Ruble	53.737700	53.900500	54.109000	53.746100	53.421400	52.903300	52.838800	52.763800	NA	NA	53.230300
Saudi Arabian Riyal	5.776010	5.773170	5.774340	5.774310	5.780310	5.778810	5.765380	5.764820	5.764790	5.773210	5.774940
Singapore Dollar	1.934420	1.933630	1.937260	1.936470	1.931240	1.927650	1.922870	1.922220	1.921440	1.921170	1.925910
South African Rand	16.373300	16.509700	16.527700	16.441600	16.421100	16.317800	16.431300	16.536500	16.443400	16.604500	NA
Sri Lanka Rupee	200.829000	200.679000	200.719000	200.663000	200.822000	200.727000	200.267000	200.247000	NA	200.527000	200.579000
Swedish Krona	10.301700	10.297500	10.274300	10.239000	NA	10.230500	10.264700	10.287700	10.284800	10.262100	10.267100
Swiss Franc	1.382540	1.382480	1.379840	1.379520	1.376790	1.379050	1.383850	1.384020	1.383700	1.382650	1.384600
Thai Baht	50.637800	50.419000	50.303100	50.327100	50.224000	50.005800	49.929800	49.934100	49.919900	49.891200	49.852400
Trinidad And Tobago Dollar	NA	9.880930	9.887190	9.908050	9.892370	9.854160	9.869910	9.864170	9.880930	9.827720	9.758000
Tunisian Dinar	NA	NA	2.513460	NA	2.517740	2.531730	2.525190	2.540200	2.546820	2.546170	2.561300
U.A.E. Dirham	5.656620	5.653840	5.655020	5.654960	5.660850	5.659370	5.646240	5.645700	5.645630	5.653900	5.655600
Peso Uruguayo	35.332200	35.336400	35.392800	35.346400	35.344700	35.353900	35.273400	35.294500	35.260400	35.252000	35.301100
Bolivar Fuerte	9.679320	9.674550	9.676610	9.676510	9.686540	9.684010	9.661560	9.660620	9.660530	9.674640	9.677540

Currency units per SDR for June 2014 Continued

Currency	June 17, 2014	June 18, 2014	June 19, 2014	June 20, 2014	June 23, 2014	June 24, 2014	June 25, 2014	June 26, 2014	June 27, 2014	June 30, 2014
Chinese Yuan	9.481550	9.482180	9.500740	9.491450	9.494960	9.500190	9.495050	9.500470	9.502990	9.511580
Euro	1.135760	1.135690	1.133660	1.135350	1.134500	1.133510	1.132970	1.134670	1.133720	1.131860
Japanese Yen	157.074000	157.361000	157.308000	157.126000	157.455000	157.202000	157.169000	157.101000	156.744000	156.599000
U.K. Pound Sterling	0.907268	0.909025	0.907252	0.905190	0.906002	0.908389	0.908926	0.906643	0.906972	0.907482
U.S. Dollar	1.541000	1.540340	1.544050	1.542720	1.542470	1.543620	1.542540	1.543840	1.544120	1.545890
Algerian Dinar	122.309000	122.192000	122.426000	122.409000	122.407000	122.464000	122.302000	122.487000	122.498000	122.503000
Australian Dollar	1.647770	1.649710	1.642430	1.640320	1.634140	1.638310	1.648360	1.641330	1.636250	1.641070
Bahrain Dinar	0.579415	0.579166	0.580562	0.580063	0.579969	0.580400	0.579993	0.580484	0.580592	0.581257
Botswana Pula	13.709900	13.667600	13.616000	13.664500	13.566100	13.552400	13.542900	13.638100	NA	13.596200
Brazilian Real	3.438420	3.463600	NA	3.476360	3.452040	3.426070	3.427050	3.404460	3.410820	3.397100
Brunei Dollar	1.930100	1.931740	1.927590	1.927320	1.925770	1.928130	1.929710	1.927630	1.927990	1.930820
Canadian Dollar	1.672290	1.674350	1.671900	1.660890	1.655220	1.657850	NA	1.652990	1.648510	1.650390
Chilean Peso	857.964000	861.097000	863.312000	858.819000	859.372000	853.803000	849.380000	849.250000	849.300000	851.165000
Colombian Peso	2,907.270000	2,926.490000	2,927.400000	2,902.380000	NA	2,909.040000	2,910.530000	NA	2,912.230000	NA
Czech Koruna	31.169700	31.215000	31.101800	31.144400	31.153200	31.114700	31.077500	31.153000	31.132700	31.072400
Danish Krone	8.468550	8.468050	8.453090	8.465390	8.457660	8.450090	8.446300	8.460090	8.454230	8.438890
Hungarian Forint	349.236000	349.626000	346.192000	346.819000	347.363000	346.389000	346.948000	347.950000	349.682000	351.119000
Icelandic Krona	NA	175.691000	175.728000	175.577000	175.749000	175.664000	175.587000	175.040000	174.996000	174.469000
Indian Rupee	93.026700	92.611500	92.647500	92.993000	92.845300	92.779000	92.981700	92.879800	92.795400	92.898000
Indonesian Rupiah	18,280.800000	18,450.200000	18,398.900000	18,461.700000	18,464.900000	18,523.400000	18,552.100000	18,666.500000	18,688.500000	18,502.800000
Iranian Rial	39,455.700000	39,452.700000	39,544.800000	NA	39,499.500000	39,566.000000	39,536.800000	39,568.500000	NA	39,653.600000
Israeli New Sheqel	5.321050	5.326490	5.319260	5.311580	5.326150	5.299250	5.307860	NA	5.302540	5.314770
Kazakhstani Tenge	282.788000	282.667000	283.349000	283.104000	283.042000	283.239000	283.071000	283.294000	283.362000	283.702000
Korean Won	1,571.050000	1,574.380000	1,579.720000	1,570.950000	1,572.700000	1,572.020000	1,570.300000	1,575.640000	1,570.370000	1,568.150000
Kuwaiti Dinar	0.434407	0.434375	0.435267	0.434892	0.434822	0.435146	0.434841	0.435208	NA	0.435633
Libyan Dinar	1.932400	1.932400	1.932400	1.932400	1.932400	1.932400	1.932400	1.932400	1.932400	1.932400
Malaysian Ringgit	4.975870	4.982210	4.972300	4.966010	4.959800	4.961200	4.980080	4.967290	4.953560	4.963070
Mauritian Rupee	46.809900	46.745100	46.860100	46.765900	46.705000	46.737300	46.715000	46.734000	46.725300	46.746000
Mexican Peso	20.188100	20.127900	20.054900	20.074500	NA	20.100700	NA	20.119800	NA	20.052100
Nepalese Rupee	148.336000	147.980000	149.202000	148.317000	148.540000	148.697000	148.423000	148.533000	148.591000	148.622000
New Zealand Dollar	1.775960	1.779090	1.770910	1.771210	1.772340	1.771430	1.778340	1.768630	1.757880	1.761500
Norwegian Krone	9.233610	9.278070	9.425340	9.471040	9.443580	9.412030	9.469970	9.481910	9.486950	9.511580
Rial Omani	0.592512	0.592259	0.593687	0.593176	0.593078	0.593521	0.593106	0.593606	0.593715	0.594396
Pakistani Rupee	151.911000	151.561000	151.718000	151.691000	152.174000	152.335000	152.158000	152.562000	152.517000	152.748000
Nuevo Sol	4.316340	4.314490	4.321800	4.328870	4.323540	4.326760	4.323730	4.328910	4.322010	4.320770
Philippine Peso	67.617400	67.699300	67.964300	67.682400	67.538400	NA	67.652600	67.804000	67.686900	67.679100
Polish Zloty	4.699270	4.711740	NA	4.704530	4.724110	4.712050	4.697170	4.687240	4.707260	4.710800
Qatar Riyal	5.609220	5.606830	5.620350	5.615490	5.614570	5.618770	5.614820	5.619560	5.620630	5.627050
Russian Ruble	53.641200	53.639400	52.964700	53.098800	52.875400	52.454100	52.302900	52.105600	51.930000	52.318200
Saudi Arabian Riyal	5.778740	5.776270	5.790190	5.785200	5.784260	5.788580	5.784530	5.789380	5.790460	5.797100
Singapore Dollar	1.930100	1.931740	1.927590	1.927320	1.925770	1.928130	1.929710	1.927630	1.927990	1.930820
South African Rand	16.576700	16.568800	16.435000	16.502700	16.362800	16.303500	16.340900	16.451800	16.386500	16.390300
Sri Lanka Rupee	200.692000	200.598000	201.094000	200.963000	200.972000	201.094000	200.978000	201.184000	201.255000	201.433000
Swedish Krona	10.231600	10.226000	10.232700	NA	10.361700	10.346300	10.384700	10.392600	10.416500	10.420200
Swiss Franc	1.384280	1.383530	1.378990	1.380580	1.381740	1.379530	1.379490	1.379260	1.379830	1.376310
Thai Baht	49.977500	50.059600	50.055100	50.087400	50.045300	50.095200	50.093900	50.122300	50.150200	50.161000
Trinidad And Tobago Dollar	9.771160	9.784350	NA	NA	NA	9.798250	9.827040	9.849010	9.854450	9.867870
Tunisian Dinar	2.564570	2.545950	2.573500	2.544440	2.581780	2.570750	2.584520	NA	2.603090	2.608070
U.A.E. Dirham	5.659310	5.656910	5.670540	5.665630	5.664700	5.668930	5.664950	5.669740	5.670800	5.677270
Peso Uruguayo	35.348900	35.321500	NA	35.366800	35.285400	35.256300	35.168300	35.204100	35.258600	35.369900
Bolivar Fuerte	9.683920	9.679790	9.703090	9.694710	9.693210	9.700450	9.693590	9.701770	9.703560	9.714680

Notes:


The value of the U.S. dollar in terms of the SDR is the reciprocal of the sum of the dollar values, based on market exchange rates, of specified quantities of the SDR basket currencies. See SDR Valuation.

These rates are the official rates used by the Fund to conduct operations with member countries. The rates are derived from the currency's representative exchange rate, as reported by the central bank, normally against the U.S. dollar at spot market rates and rounded to six significant digits. See Representative Exchange Rates for Selected Currencies.

The value in terms of each national currency of the SDR (shown above) is the reciprocal of the value in terms of the SDR of each national currency, rounded to six significant digits.

Exchange rates are published daily except on IMF holidays or whenever the IMF is closed for business.
