Currency units per SDR for August 2014
Currency	August 01, 2014	August 04, 2014	August 05, 2014	August 06, 2014	August 07, 2014	August 08, 2014	August 11, 2014	August 12, 2014	August 13, 2014	August 14, 2014	August 15, 2014
Chinese Yuan	9.443760	9.447690	9.442780	9.433700	9.443410	9.430760	9.420720	9.405130	9.406010	9.410260	9.409460
Euro	1.143010	1.141560	1.144480	1.146070	1.145480	1.144250	1.143940	1.145560	1.144170	1.143350	1.142110
Japanese Yen	157.546000	157.296000	157.121000	156.920000	156.435000	156.393000	156.390000	156.403000	156.362000	156.876000	156.728000
U.K. Pound Sterling	0.909397	0.911046	0.907795	0.908752	0.908010	0.911585	0.912450	0.911178	0.914511	0.916506	0.916095
U.S. Dollar	1.531060	1.532200	1.531550	1.529430	1.531270	1.531920	1.531280	1.528860	1.528610	1.529010	1.529050
Algerian Dinar	122.234000	122.255000	122.372000	122.238000	122.414000	122.331000	122.263000	122.192000	121.997000	122.062000	122.113000
Australian Dollar	1.647370	NA	1.639420	1.643490	1.652220	1.656840	1.650090	1.651750	1.644020	1.644630	1.638510
Bahrain Dinar	0.575679	0.576110	0.575861	0.575066	0.575758	0.576000	0.575762	0.574851	0.574759	0.574908	0.574924
Botswana Pula	13.573300	13.583400	13.601600	13.619200	13.599200	13.617000	13.563200	13.541700	13.479800	13.459600	13.471800
Brazilian Real	3.471540	3.463850	3.457770	3.480370	3.489770	3.493070	3.519800	3.482600	3.480650	3.469620	3.471410
Brunei Dollar	1.911380	1.909430	1.907540	1.908730	1.913170	1.921330	1.913340	1.911690	1.910920	1.908200	1.904280
Canadian Dollar	1.671770	NA	1.680100	1.671060	1.672460	1.682350	1.674460	1.673190	1.670620	1.668300	1.668200
Chilean Peso	877.516000	877.355000	875.664000	881.959000	884.095000	882.675000	882.231000	878.025000	880.832000	881.461000	NA
Colombian Peso	2,876.480000	2,870.820000	2,877.280000	2,894.220000	NA	2,893.040000	2,896.550000	2,876.740000	2,869.810000	2,879.630000	2,871.210000
Czech Koruna	31.593500	31.557300	31.666200	31.903900	31.896400	31.847000	31.858300	31.898200	31.854700	31.835500	31.845600
Danish Krone	8.521880	8.511070	8.532860	8.544740	8.540220	8.530310	8.528780	8.540660	8.530390	8.524200	8.515130
Hungarian Forint	359.065000	357.233000	357.830000	361.159000	361.672000	360.675000	358.901000	358.977000	359.300000	358.813000	356.607000
Icelandic Krona	176.409000	NA	176.204000	176.619000	176.709000	176.890000	177.246000	177.547000	177.349000	177.258000	176.896000
Indian Rupee	93.167100	93.492900	93.223600	93.809500	94.038900	94.301400	93.586500	93.542700	93.620700	93.358500	NA
Indonesian Rupiah	NA	17,998.800000	17,969.600000	17,980.000000	18,017.000000	18,110.300000	17,958.900000	17,852.500000	17,858.700000	17,838.900000	17,879.200000
Iranian Rial	NA	40,379.700000	40,360.800000	40,398.300000	40,445.500000	NA	40,523.900000	40,516.300000	40,525.000000	40,543.100000	NA
Israeli New Sheqel	5.228570	5.238590	NA	5.241360	5.282900	5.324960	5.316600	5.325040	5.339430	5.305660	5.301240
Kazakhstani Tenge	278.776000	278.938000	278.802000	278.356000	278.692000	278.809000	278.693000	278.253000	278.207000	278.279000	278.288000
Korean Won	1,571.180000	1,583.840000	1,580.100000	1,576.540000	1,583.800000	1,584.620000	1,588.550000	1,575.650000	1,571.870000	1,571.970000	NA
Kuwaiti Dinar	NA	0.433766	0.433580	0.433287	0.433809	0.433992	0.433811	0.433127	0.433056	0.433398	0.433411
Libyan Dinar	1.932400	1.932400	1.932400	1.932400	1.932400	1.932400	1.932400	1.932400	1.932400	1.932400	1.932400
Malaysian Ringgit	4.908290	4.904580	4.886850	4.889590	4.908510	4.928170	4.896270	4.885480	4.877030	4.861470	4.851680
Mauritian Rupee	46.697300	46.787800	46.746700	46.681400	46.753200	46.827900	46.826300	46.738600	46.713500	46.760900	NA
Mexican Peso	20.199600	20.219300	20.326100	20.277200	20.297200	20.276400	20.212600	20.118300	20.042000	19.986700	19.992100
Nepalese Rupee	148.345000	150.003000	149.326000	148.905000	150.677000	150.067000	149.805000	149.645000	149.406000	149.766000	148.655000
New Zealand Dollar	1.800190	1.800470	1.795900	1.812340	1.807030	1.810130	1.809810	1.808660	1.812440	1.803920	1.801430
Norwegian Krone	9.645810	9.621580	9.598220	9.639110	9.587640	9.565900	9.470680	9.442250	9.425070	9.405210	9.388700
Rial Omani	0.588692	0.589133	0.588880	0.588066	0.588776	0.589022	0.588779	0.587848	0.587751	0.587903	0.587921
Pakistani Rupee	NA	151.435000	151.374000	151.160000	151.335000	151.437000	151.597000	151.824000	152.500000	NA	152.858000
Nuevo Sol	4.279320	4.291700	4.306710	4.297690	4.299820	4.290910	4.270750	4.263990	4.269420	4.270510	4.275240
Philippine Peso	66.547800	66.998500	66.933100	66.635600	66.950500	67.321500	67.644400	67.156900	67.070900	67.190800	66.904000
Polish Zloty	4.789160	4.767310	4.766330	4.798900	4.807740	4.826910	4.804850	4.810560	4.806260	4.783500	NA
Qatar Riyal	5.573080	5.577210	5.574820	5.567120	5.573830	5.576190	5.573860	5.565050	5.564150	5.565570	5.565760
Russian Ruble	54.700700	54.639100	54.827300	55.228200	55.508100	55.832200	55.198900	55.175200	55.369800	55.104600	55.048200
Saudi Arabian Riyal	5.741480	5.745770	5.743300	5.735360	5.742280	5.744680	5.742310	5.733220	5.732300	5.733780	5.733940
Singapore Dollar	1.911380	1.909430	1.907540	1.908730	1.913170	1.921330	1.913340	1.911690	1.910920	1.908200	1.904280
South African Rand	16.377600	16.366300	16.371500	16.443500	16.419200	16.419600	16.326800	16.303600	16.168800	16.135800	16.109000
Sri Lanka Rupee	199.354000	199.539000	199.446000	199.148000	199.362000	199.434000	199.329000	198.997000	199.010000	199.123000	199.029000
Swedish Krona	10.546600	10.529100	10.523900	10.554000	10.578800	10.593500	10.559100	10.519600	10.526500	10.516500	10.482000
Swiss Franc	NA	1.388790	1.392480	1.393460	1.391010	1.387300	1.387340	1.391420	1.388740	1.385590	1.385020
Thai Baht	49.335500	49.255700	49.190100	49.227900	49.386600	49.399800	NA	NA	48.901700	48.749300	48.760000
Trinidad And Tobago Dollar	NA	NA	9.702520	9.684390	9.701960	9.707890	9.706950	9.702140	9.700450	9.695090	9.709680
Tunisian Dinar	2.630950	2.626530	2.622700	2.622930	2.630080	2.633510	2.632670	2.630210	2.634090	NA	2.631270
U.A.E. Dirham	5.622840	5.627020	5.624610	5.616840	5.623600	5.625970	5.623630	5.614760	5.613810	5.615260	5.615450
Peso Uruguayo	35.690600	35.655800	35.749400	35.768800	35.960500	36.053700	35.956000	36.036800	36.228100	36.373600	36.263000
Bolivar Fuerte	9.621490	9.628720	9.624550	9.611230	9.622790	9.626860	9.622880	9.607720	9.606060	9.608550	9.608920

Currency units per SDR for August 2014 Continued

Currency	August 18, 2014	August 19, 2014	August 20, 2014	August 21, 2014	August 22, 2014	August 25, 2014	August 26, 2014	August 27, 2014	August 28, 2014	August 29, 2014
Chinese Yuan	9.414330	9.400000	9.381740	9.378140	9.378140	9.364000	9.365050	9.360230	9.357600	9.360400
Euro	1.143310	1.143680	1.146870	1.147370	1.147210	1.150630	1.151260	1.152070	1.152040	1.151340
Japanese Yen	156.558000	156.728000	156.845000	158.053000	158.212000	158.232000	157.783000	157.941000	157.509000	157.472000
U.K. Pound Sterling	0.914846	0.917440	0.915566	0.917313	0.918366	0.915893	0.916456	0.915667	0.915659	0.915131
U.S. Dollar	1.530090	1.527270	1.523510	1.521640	1.522010	1.518830	1.518750	1.518080	1.518160	1.518380
Algerian Dinar	122.174000	122.094000	122.021000	121.958000	121.947000	121.942000	121.934000	121.946000	121.969000	121.912000
Australian Dollar	1.640670	1.635540	1.641710	1.644300	1.632000	1.629470	1.634290	1.629020	1.623180	1.624110
Bahrain Dinar	0.575311	0.574254	0.572839	0.572135	0.572276	0.571079	0.571050	0.570799	0.570825	0.570913
Botswana Pula	13.528600	13.515700	13.542300	13.537700	13.553000	13.524800	13.512000	13.482100	13.506700	13.484800
Brazilian Real	3.471760	3.450860	3.441140	3.431300	3.436990	3.459590	3.463960	3.453340	3.429660	3.416210
Brunei Dollar	1.904810	1.899770	1.902100	1.904630	1.900680	1.900210	1.898890	1.895170	1.892380	1.896770
Canadian Dollar	1.666110	1.669150	1.667330	1.665890	1.666590	1.667670	1.663180	1.653340	1.648260	1.648660
Chilean Peso	882.083000	879.933000	881.407000	887.248000	886.965000	885.763000	885.630000	887.879000	893.695000	900.828000
Colombian Peso	2,883.920000	2,878.610000	2,885.940000	2,910.020000	2,922.000000	2,922.830000	2,934.810000	2,927.880000	2,925.360000	2,938.130000
Czech Koruna	31.902300	32.026900	32.031800	31.917900	31.933200	32.018400	32.041000	31.951000	31.996600	31.919500
Danish Krone	8.523990	8.527330	8.551170	8.554320	8.552780	8.578170	8.582290	8.587450	8.584870	8.579790
Hungarian Forint	359.188000	358.908000	NA	360.279000	359.711000	360.236000	360.611000	360.257000	360.258000	363.212000
Icelandic Krona	176.924000	177.041000	177.291000	177.149000	176.796000	177.126000	177.040000	177.418000	177.427000	177.028000
Indian Rupee	NA	92.744600	92.430000	92.465000	91.983600	91.778500	91.878000	91.795300	91.809700	NA
Indonesian Rupiah	17,872.900000	17,841.500000	17,835.700000	17,829.000000	17,737.400000	17,791.600000	17,792.100000	17,773.700000	17,735.100000	17,790.900000
Iranian Rial	40,579.500000	40,538.300000	40,450.600000	40,417.800000	NA	40,372.100000	40,382.000000	40,384.000000	40,384.500000	NA
Israeli New Sheqel	5.359890	5.380570	5.382570	5.380510	5.355930	5.381200	5.424960	5.421080	5.404650	5.417590
Kazakhstani Tenge	278.476000	277.963000	277.279000	276.938000	277.005000	276.427000	276.412000	276.291000	276.304000	276.346000
Korean Won	1,568.180000	1,554.300000	1,550.930000	1,553.440000	1,558.380000	1,548.450000	1,550.030000	1,545.410000	1,540.320000	1,539.030000
Kuwaiti Dinar	0.433702	0.432904	0.432371	0.432449	0.432554	0.431803	0.431781	0.431895	0.431764	0.431829
Libyan Dinar	1.932400	1.932400	1.932400	1.932400	1.932400	1.932400	1.932400	1.932400	1.932400	1.932400
Malaysian Ringgit	4.818230	4.815170	4.827230	4.827400	4.814870	4.811650	4.803050	4.785740	4.779160	4.793540
Mauritian Rupee	46.785400	46.709100	46.640900	46.657000	46.709300	46.712400	46.736400	46.795900	46.810600	46.849600
Mexican Peso	19.968400	19.935700	19.929600	19.927800	19.988200	19.954800	19.904600	19.858200	19.904400	19.854900
Nepalese Rupee	148.755000	148.481000	147.917000	147.568000	147.756000	146.947000	147.182000	146.798000	146.851000	146.979000
New Zealand Dollar	1.804350	1.804640	1.807670	1.817530	1.811910	1.818520	1.825200	1.820680	1.813370	1.812560
Norwegian Krone	9.411140	9.375320	9.408400	9.366010	9.349200	9.379370	9.378310	9.395670	9.391880	9.379370
Rial Omani	0.588318	0.587234	0.585789	0.585069	0.585209	0.583989	0.583959	0.583703	0.583730	0.583819
Pakistani Rupee	153.004000	153.038000	153.547000	153.930000	154.450000	156.156000	155.604000	153.825000	155.490000	154.718000
Nuevo Sol	4.307190	4.303830	4.305430	4.297100	4.301190	4.301320	4.301090	4.308320	4.317640	4.315260
Philippine Peso	66.820400	66.721800	66.557500	NA	66.637800	NA	66.534900	66.484500	66.328400	66.274300
Polish Zloty	4.795590	4.788910	4.794480	4.803650	4.797360	4.811650	4.812300	4.822040	4.832900	4.853520
Qatar Riyal	5.569510	5.559260	5.545570	5.538750	5.540100	5.528530	5.528250	5.525810	5.526080	5.526910
Russian Ruble	55.128000	55.148700	55.187600	55.283700	54.796300	54.860400	54.881100	54.863100	55.117100	56.076400
Saudi Arabian Riyal	5.737830	5.727250	5.713140	5.706130	5.707530	5.695600	5.695310	5.692820	5.693070	5.693950
Singapore Dollar	1.904810	1.899770	1.902100	1.904630	1.900680	1.900210	1.898890	1.895170	1.892380	1.896770
South African Rand	16.253400	16.230700	16.274700	16.294000	16.314400	16.239300	16.233000	16.157800	16.181900	16.134600
Sri Lanka Rupee	199.158000	198.777000	198.254000	198.129000	198.167000	197.716000	197.731000	197.630000	197.646000	197.688000
Swedish Krona	10.479700	10.479200	10.496800	10.500700	10.494400	10.534400	10.528100	10.540500	10.546600	10.587200
Swiss Franc	1.383960	1.384930	1.388980	1.388950	1.387610	1.391100	1.389810	1.390870	1.389110	1.388560
Thai Baht	48.688800	48.637400	48.613500	48.779100	48.553600	48.622300	48.495200	48.443500	48.415600	48.515400
Trinidad And Tobago Dollar	9.701860	9.696030	9.662120	9.645810	9.656330	9.640880	9.645900	9.621120	9.621490	9.634560
Tunisian Dinar	2.633390	2.626950	2.625920	2.631030	2.634700	2.629480	2.636060	2.633710	2.637970	2.639470
U.A.E. Dirham	5.619240	5.608900	5.595090	5.588220	5.589560	5.577900	5.577620	5.575160	5.575440	5.576250
Peso Uruguayo	36.309000	36.367300	36.376700	36.484200	36.684900	NA	36.407500	36.286700	36.107900	36.013100
Bolivar Fuerte	9.615380	9.597670	9.574050	9.562240	9.564620	9.544630	9.544080	9.539890	9.540440	9.541800

Notes:


The value of the U.S. dollar in terms of the SDR is the reciprocal of the sum of the dollar values, based on market exchange rates, of specified quantities of the SDR basket currencies. See SDR Valuation.

These rates are the official rates used by the Fund to conduct operations with member countries. The rates are derived from the currency's representative exchange rate, as reported by the central bank, normally against the U.S. dollar at spot market rates and rounded to six significant digits. See Representative Exchange Rates for Selected Currencies.

The value in terms of each national currency of the SDR (shown above) is the reciprocal of the value in terms of the SDR of each national currency, rounded to six significant digits.

Exchange rates are published daily except on IMF holidays or whenever the IMF is closed for business.
