Currency units per SDR for January 2015
Currency	January 05, 2015	January 06, 2015	January 07, 2015	January 08, 2015	January 09, 2015	January 12, 2015	January 13, 2015	January 14, 2015	January 15, 2015	January 16, 2015	January 20, 2015
Chinese Yuan	8.779940	8.778240	8.757720	8.743020	8.760330	8.747990	8.744240	8.748370	8.735530	8.704130	8.694060
Euro	1.203110	1.202820	1.208170	1.211950	1.209840	1.210300	1.212800	1.213890	1.219290	1.227580	1.226350
Japanese Yen	172.437000	170.962000	170.026000	170.333000	171.288000	NA	168.541000	167.950000	168.022000	165.596000	167.389000
U.K. Pound Sterling	0.939761	0.943227	0.945305	0.946898	0.943361	0.943619	0.943681	0.940867	0.937014	0.935690	0.937726
U.S. Dollar	1.433510	1.433040	1.429390	1.426220	1.429190	1.428640	1.428920	1.429360	1.427540	1.422520	1.419990
Algerian Dinar	126.209000	126.068000	125.999000	125.972000	125.681000	125.428000	125.520000	125.274000	125.570000	125.643000	125.522000
Australian Dollar	1.778330	1.763520	1.770360	1.759030	1.756190	1.732940	1.748550	1.764860	1.740060	1.726780	1.737000
Bahrain Dinar	0.538999	0.538822	0.537449	0.536259	0.537374	0.537167	0.537273	0.537438	0.536754	0.534868	0.533917
Botswana Pula	13.810300	13.792500	13.744100	13.687300	13.663400	13.632000	13.621700	13.638900	13.569800	13.625700	13.640700
Brazilian Real	3.860300	3.884540	3.862640	3.823270	3.847230	3.797750	3.797360	3.785660	3.743300	3.715910	3.726490
Brunei Dollar	1.914020	1.912670	1.908670	1.907570	1.910250	1.902660	1.905750	1.909630	1.904340	1.884280	1.899810
Canadian Dollar	1.689680	1.691560	1.693970	1.684650	1.694590	1.704360	1.707270	1.709230	1.703340	1.705040	1.716060
Chilean Peso	877.979000	883.837000	880.631000	876.785000	876.209000	877.224000	880.956000	882.675000	892.754000	887.185000	893.304000
Colombian Peso	3,416.580000	3,457.660000	3,505.020000	3,471.860000	3,437.240000	NA	3,438.990000	3,490.540000	3,481.470000	3,412.500000	3,385.140000
Czech Koruna	33.293300	33.316700	33.597900	33.772900	33.946100	34.237300	34.454100	34.268900	33.951200	34.107800	34.149500
Danish Krone	8.952390	8.950630	8.991270	9.016730	9.000410	9.003570	9.022910	9.029670	9.064870	9.126590	9.118100
Hungarian Forint	382.703000	384.284000	385.478000	384.423000	384.323000	384.518000	384.536000	389.287000	392.374000	393.000000	389.917000
Icelandic Krona	185.181000	185.607000	185.835000	186.364000	186.152000	186.309000	186.302000	186.531000	187.522000	187.446000	187.042000
Indian Rupee	90.868600	90.833100	90.693900	89.804500	89.174200	88.804400	88.739000	88.839100	88.163200	88.044400	87.823300
Indonesian Rupiah	18,046.400000	18,139.400000	18,199.000000	18,157.200000	18,064.900000	17,955.100000	18,015.800000	17,981.300000	18,011.300000	17,913.800000	17,975.700000
Iranian Rial	39,038.700000	39,024.500000	38,969.500000	38,927.300000	NA	38,990.300000	39,029.400000	39,090.100000	39,039.000000	NA	38,900.800000
Israeli New Sheqel	5.681010	5.690580	5.660400	5.667810	5.656720	5.651700	5.637070	5.630250	5.565980	5.567740	5.577740
Kazakhstani Tenge	262.117000	262.318000	261.650000	261.069000	261.613000	261.512000	262.278000	262.359000	262.382000	261.460000	260.995000
Korean Won	1,580.590000	1,588.810000	1,577.900000	1,568.410000	1,569.960000	1,560.360000	1,547.520000	1,545.850000	1,541.600000	1,542.160000	1,533.310000
Kuwaiti Dinar	0.420879	0.420741	0.419812	0.419238	0.420110	0.419805	0.419888	0.420161	0.419625	0.418151	0.417408
Libyan Dinar	1.932400	1.932400	1.932400	1.932400	1.932400	1.932400	1.932400	1.932400	1.932400	1.932400	1.932400
Malaysian Ringgit	5.074340	5.094450	5.105790	5.088750	5.080760	5.072380	5.109100	5.137110	5.098480	5.078410	5.109860
Mauritian Rupee	45.528600	45.666900	45.649600	45.674200	45.827200	45.866500	45.872600	45.923000	45.899100	45.867600	45.910700
Mexican Peso	21.426500	21.277600	21.145800	20.861900	20.838200	20.914900	20.799200	20.817800	20.816500	20.800600	20.800700
Nepalese Rupee	NA	NA	145.398000	144.162000	143.319000	142.478000	142.120000	142.121000	NA	NA	140.210000
New Zealand Dollar	1.867280	1.863750	1.842000	1.832720	1.827610	1.820150	1.835710	1.847200	1.848670	1.821410	1.824720
Norwegian Krone	10.957300	11.041300	11.054800	10.941500	10.961700	11.046900	11.054700	10.993100	10.868700	10.800900	10.793800
Rial Omani	0.551183	0.551004	0.549602	0.548381	0.549523	0.549312	0.549420	0.549589	0.548890	0.546959	0.545989
Pakistani Rupee	144.657000	144.640000	144.117000	143.760000	144.089000	143.994000	143.798000	143.856000	143.862000	143.398000	143.126000
Nuevo Sol	4.284770	4.271880	4.265300	4.258690	4.261830	4.267340	4.262470	4.275220	4.274050	4.277530	4.269930
Philippine Peso	64.135000	64.445000	64.293800	64.225700	64.404800	64.211600	64.107100	64.081200	NA	NA	63.446900
Polish Zloty	5.157060	NA	5.199400	5.203130	5.181110	5.174240	5.180110	5.220730	5.223080	5.288100	5.303100
Qatar Riyal	5.217980	5.216270	5.202970	5.191430	5.202240	5.200240	5.201260	5.202860	5.196260	5.177990	5.168790
Russian Ruble	NA	NA	NA	NA	NA	89.627400	92.654400	94.478700	92.553200	92.711100	92.279900
Saudi Arabian Riyal	5.375650	5.373890	5.360210	5.348340	5.359460	5.357390	5.358450	5.360090	5.353290	5.334470	5.324980
Singapore Dollar	1.914020	1.912670	1.908670	1.907570	1.910250	1.902660	1.905750	1.909630	1.904340	1.884280	1.899810
South African Rand	16.833400	16.831200	16.704400	16.602300	16.543500	16.441400	16.438800	16.462600	16.357200	16.441800	16.485000
Sri Lanka Rupee	NA	187.757000	187.272000	187.191000	187.581000	187.502000	187.503000	NA	NA	186.477000	187.021000
Swedish Krona	11.368000	NA	11.339800	11.355000	11.486000	11.526500	11.485200	11.550400	11.532000	11.530000	11.541300
Swiss Franc	1.446980	1.447510	1.452260	1.455460	1.452910	1.453640	1.455350	1.460950	1.249950	1.245130	1.238800
Thai Baht	47.333000	47.207200	47.021200	46.916900	46.977500	46.934900	46.947000	46.877300	46.751900	46.471000	46.448100
Trinidad And Tobago Dollar	9.120260	9.101910	9.072190	9.068730	9.097610	9.092150	9.107390	9.116600	9.105730	9.015260	8.992400
Tunisian Dinar	2.682240	2.698550	2.692400	2.696550	2.710590	2.701880	2.707720	2.712000	NA	2.711840	2.713990
U.A.E. Dirham	5.264570	5.262830	5.249430	5.237800	5.248680	5.246670	5.247690	5.249320	5.242660	5.224220	5.214930
Peso Uruguayo	34.613500	NA	34.571200	34.718500	34.929400	35.065900	35.284300	35.448200	35.403000	35.132100	34.823900
Bolivar Fuerte	9.008440	9.005520	8.982550	8.962660	8.981340	8.977870	8.979640	8.982390	8.970940	8.939430	8.923550

Currency units per SDR for January 2015 Continued

Currency	January 21, 2015	January 22, 2015	January 23, 2015	January 26, 2015	January 27, 2015	January 28, 2015	January 29, 2015	January 30, 2015
Chinese Yuan	8.702840	8.716340	8.595500	8.617200	8.632670	8.651640	8.641770	8.651940
Euro	1.225270	1.224950	1.251330	1.248500	1.244300	1.244510	1.245200	1.247060
Japanese Yen	167.330000	168.102000	166.046000	164.948000	166.847000	166.307000	165.889000	166.667000
U.K. Pound Sterling	0.939708	0.937576	0.935909	0.935008	0.932897	0.929100	0.931220	0.934763
U.S. Dollar	1.420460	1.423150	1.401240	1.403820	1.406800	1.411770	1.408940	1.409800
Algerian Dinar	125.477000	125.755000	128.233000	129.513000	129.959000	130.224000	130.202000	130.972000
Australian Dollar	1.729730	1.763290	1.754400	NA	1.771570	1.766700	1.790490	1.811850
Bahrain Dinar	0.534091	0.535103	0.526865	0.527835	0.528958	0.530828	0.529762	0.530085
Botswana Pula	13.605900	13.592600	13.447600	13.472300	13.540000	13.548700	13.599800	13.581900
Brazilian Real	3.728270	3.695630	3.608740	3.629710	3.652900	3.643650	3.634650	3.659850
Brunei Dollar	1.898440	1.899330	1.874010	1.888410	1.890600	1.908440	1.906720	1.904930
Canadian Dollar	1.757670	1.760580	1.737950	1.742280	1.745000	1.757800	1.781460	1.792850
Chilean Peso	890.956000	894.366000	877.101000	879.322000	880.196000	880.057000	876.978000	883.213000
Colombian Peso	3,371.370000	3,360.810000	3,321.980000	3,350.210000	3,357.020000	3,361.590000	3,328.510000	3,379.790000
Czech Koruna	34.238700	34.174000	34.833400	34.646200	34.667800	34.649200	34.606400	34.660000
Danish Krone	9.110540	9.120260	9.313590	9.295060	9.267840	9.264230	9.269300	9.283150
Hungarian Forint	387.657000	386.327000	388.381000	388.871000	388.573000	386.811000	388.544000	387.568000
Icelandic Krona	187.486000	187.542000	189.111000	189.389000	188.568000	187.695000	188.291000	187.419000
Indian Rupee	87.519700	87.795500	86.174200	NA	86.467800	86.697900	86.649900	87.065500
Indonesian Rupiah	17,836.700000	17,719.600000	17,437.000000	17,571.600000	17,575.200000	17,644.300000	17,632.900000	17,798.800000
Iranian Rial	38,948.800000	39,021.300000	NA	38,600.800000	38,681.400000	38,816.700000	38,788.100000	NA
Israeli New Sheqel	5.586650	5.600080	5.553120	5.612460	5.620190	5.569450	5.531490	5.532070
Kazakhstani Tenge	261.506000	262.002000	257.968000	258.934000	259.485000	260.402000	259.879000	260.038000
Korean Won	1,540.340000	1,546.680000	1,520.760000	1,521.880000	1,518.360000	1,527.680000	1,525.740000	1,537.810000
Kuwaiti Dinar	0.417544	0.418335	0.411894	0.414056	NA	0.416403	0.415567	0.415821
Libyan Dinar	1.932400	1.932400	1.932400	1.932400	1.932400	1.932400	1.932400	1.932400
Malaysian Ringgit	5.145590	5.139700	5.037450	5.063570	5.078570	5.116270	5.120090	5.108430
Mauritian Rupee	46.035600	46.070800	45.519300	45.825500	46.128900	46.278700	46.082100	46.020600
Mexican Peso	20.878300	20.795000	20.528000	20.479800	20.521300	20.735800	20.910700	21.130800
Nepalese Rupee	140.213000	140.351000	138.330000	137.967000	138.261000	138.693000	138.443000	139.542000
New Zealand Dollar	1.858750	1.881720	1.869060	1.889900	1.894170	1.893730	1.923470	1.939740
Norwegian Krone	10.813100	10.817500	10.893500	10.905000	10.966000	10.945500	10.986400	11.015900
Rial Omani	0.546165	0.547199	0.538776	0.539767	0.540915	0.542826	0.541738	0.542070
Pakistani Rupee	143.121000	143.399000	141.234000	141.794000	142.033000	142.471000	142.289000	142.673000
Nuevo Sol	4.274160	4.272280	4.216330	4.235310	4.251360	4.273430	4.286000	4.308360
Philippine Peso	63.464700	63.324400	62.160400	61.989700	62.014700	62.283200	62.190600	62.217300
Polish Zloty	5.306530	5.264790	5.280830	5.278490	5.254120	5.262520	5.271980	5.245020
Qatar Riyal	5.170470	5.180250	5.100510	5.109890	5.120750	5.138850	5.128550	5.131680
Russian Ruble	93.119400	93.073500	88.828900	92.081900	95.402600	94.801100	96.837300	97.176100
Saudi Arabian Riyal	5.326710	5.336810	5.254640	5.264320	5.275510	5.294140	5.283540	5.286750
Singapore Dollar	1.898440	1.899330	1.874010	1.888410	1.890600	1.908440	1.906720	1.904930
South African Rand	16.429900	16.344600	16.022000	16.120700	16.294600	16.309000	16.407000	16.338900
Sri Lanka Rupee	187.136000	187.713000	184.753000	NA	185.813000	186.492000	186.253000	186.376000
Swedish Krona	11.595300	11.596800	11.585100	11.658800	11.644500	11.564500	11.660400	11.653400
Swiss Franc	1.230120	1.216650	1.224540	1.250240	1.269080	1.273000	1.290730	1.302230
Thai Baht	46.410600	46.387600	45.670400	45.723700	45.823800	46.033700	45.965400	46.127400
Trinidad And Tobago Dollar	9.014780	9.009500	8.907100	8.932480	8.920850	8.940070	8.924270	8.925620
Tunisian Dinar	2.720370	2.726360	2.685560	2.731810	2.736020	2.733330	2.720890	2.732790
U.A.E. Dirham	5.216620	5.226520	5.146040	5.155520	5.166490	5.184730	5.174320	5.177510
Peso Uruguayo	34.743000	34.787400	34.345700	34.225000	34.078400	34.269300	34.262700	34.468300
Bolivar Fuerte	8.926420	8.943340	8.805680	8.821840	8.840640	8.871850	8.854100	8.859510

Notes:


The value of the U.S. dollar in terms of the SDR is the reciprocal of the sum of the dollar values, based on market exchange rates, of specified quantities of the SDR basket currencies. See SDR Valuation.

These rates are the official rates used by the Fund to conduct operations with member countries. The rates are derived from the currency's representative exchange rate, as reported by the central bank, normally against the U.S. dollar at spot market rates and rounded to six significant digits. See Representative Exchange Rates for Selected Currencies.

The value in terms of each national currency of the SDR (shown above) is the reciprocal of the value in terms of the SDR of each national currency, rounded to six significant digits.

Exchange rates are published daily except on IMF holidays or whenever the IMF is closed for business.
