Currency units per SDR for September 2015
Currency	September 01, 2015	September 02, 2015	September 03, 2015	September 04, 2015	September 08, 2015	September 09, 2015	September 10, 2015	September 11, 2015	September 14, 2015	September 15, 2015	September 16, 2015
Chinese Yuan	8.975450	8.951350	NA	NA	8.930880	8.924190	8.953350	8.972550	8.987630	8.979970	8.960330
Euro	1.252990	1.250130	1.251220	1.258450	1.257270	1.259060	1.255220	1.249680	1.247890	1.246020	1.252560
Japanese Yen	170.352000	169.223000	169.442000	168.115000	167.575000	168.632000	168.756000	170.076000	170.276000	170.148000	169.230000
U.K. Pound Sterling	0.916994	0.921073	0.919439	0.920505	0.912934	0.913059	0.912492	0.913250	0.914219	0.914244	0.911461
U.S. Dollar	1.407860	1.407030	1.404990	1.401660	1.403360	1.402460	1.403960	1.408150	1.410740	1.410500	1.406380
Algerian Dinar	149.161000	149.079000	149.521000	NA	149.022000	149.100000	148.926000	149.078000	149.232000	149.186000	148.864000
Australian Dollar	1.975670	2.004020	2.007130	2.010410	2.018350	1.987340	2.001650	1.993690	1.993410	1.982710	1.970540
Bahrain Dinar	0.529355	0.529042	0.528279	0.527023	0.527663	0.527326	0.527888	0.529462	0.530436	0.530346	0.528798
Botswana Pula	14.559100	14.595700	14.712000	14.707900	14.756700	14.700900	14.778500	14.683500	14.695200	14.646900	14.528700
Brazilian Real	5.134050	5.167290	5.242600	5.292660	5.330800	5.333280	5.316800	5.449230	5.459260	5.452000	5.428470
Brunei Dollar	1.982700	1.988130	1.989890	1.987970	2.001470	1.983080	NA	NA	1.989700	1.976250	1.970060
Canadian Dollar	1.855430	1.872890	1.854450	1.860420	1.851740	1.854480	1.855890	1.869450	1.872050	1.870740	1.853330
Chilean Peso	978.818000	973.492000	966.968000	964.916000	973.625000	965.353000	966.389000	973.075000	965.708000	971.336000	965.307000
Colombian Peso	4,336.170000	4,352.820000	4,414.970000	4,373.080000	4,369.430000	4,401.580000	NA	4,337.890000	4,250.490000	4,277.450000	4,254.690000
Czech Koruna	33.845100	33.750400	33.816800	34.011300	34.004800	34.068600	33.933600	33.825000	33.835100	33.741900	33.888100
Danish Krone	9.351560	9.330010	9.335930	9.388610	9.381040	9.393990	9.365230	9.323570	9.309690	9.296450	9.345360
Hungarian Forint	392.724000	392.700000	393.005000	394.372000	394.471000	392.368000	394.316000	393.309000	390.013000	390.411000	389.608000
Icelandic Krona	181.136000	180.957000	181.258000	181.725000	181.244000	181.016000	180.689000	179.820000	179.431000	179.542000	179.848000
Indian Rupee	93.285300	93.094300	93.050100	93.070900	93.471900	92.975700	93.481500	93.482400	93.632100	93.711100	93.524400
Indonesian Rupiah	19,824.100000	19,877.000000	19,894.700000	19,872.700000	20,047.000000	19,976.700000	20,107.500000	20,144.900000	20,204.600000	20,270.200000	20,310.900000
Iranian Rial	42,174.000000	42,147.500000	42,089.300000	NA	42,040.500000	42,012.200000	42,055.500000	NA	42,255.800000	42,251.500000	42,129.600000
Israeli New Sheqel	5.523060	5.529600	5.527240	5.504300	5.503970	5.442950	5.483870	5.443900	NA	NA	5.469410
Kazakhstani Tenge	330.763000	339.304000	336.861000	335.838000	343.852000	343.926000	355.202000	355.049000	385.907000	390.468000	399.383000
Korean Won	1,665.500000	1,654.100000	1,655.080000	1,664.610000	1,686.840000	1,687.310000	1,673.520000	1,683.860000	1,670.030000	1,665.800000	1,662.900000
Kuwaiti Dinar	0.425175	0.424923	0.424518	0.423512	0.423815	0.423894	0.424205	0.425470	0.425760	0.425688	0.424726
Libyan Dinar	1.932400	1.932400	1.932400	1.932400	1.932400	1.932400	1.932400	1.932400	1.932400	1.932400	1.932400
Malaysian Ringgit	5.851070	5.936230	5.941030	5.971750	6.094110	6.074080	NA	6.082470	6.089430	6.073600	NA
Mauritian Rupee	49.507600	49.430600	49.384200	49.385200	49.630300	49.593300	49.640800	49.770300	49.804800	49.669000	49.510300
Mexican Peso	23.749500	23.841200	23.592400	23.611500	23.573500	23.529600	23.600900	23.693600	23.724100	23.656300	NA
Nepalese Rupee	149.571000	149.398000	148.873000	148.450000	150.047000	149.475000	149.227000	149.770000	150.201000	149.767000	149.414000
New Zealand Dollar	2.210840	2.215790	2.208420	2.196610	2.235720	2.192380	2.238450	NA	2.228300	2.231450	2.210240
Norwegian Krone	11.723000	11.628100	11.602600	11.598500	11.597700	11.583400	11.517800	11.585800	11.551700	11.533800	11.571800
Rial Omani	0.541325	0.541003	0.540219	0.538938	0.539593	0.539246	0.539823	0.541433	0.542429	0.542335	0.540754
Pakistani Rupee	146.664000	146.598000	146.438000	146.094000	146.512000	146.447000	146.473000	147.014000	147.295000	147.189000	146.773000
Nuevo Sol	4.565710	4.575650	4.526890	NA	4.523020	NA	4.519350	4.518730	NA	4.523450	4.506050
Philippine Peso	65.752700	65.702600	65.637000	65.550100	65.835800	65.899200	65.726300	66.078600	66.051900	65.970500	65.738400
Polish Zloty	5.279910	5.294090	5.289100	5.319570	5.315640	5.278020	5.285610	5.247310	5.237220	5.252400	5.247910
Qatar Riyal	5.124630	5.121590	5.114170	5.102040	5.108240	5.104960	5.110410	5.125660	5.135080	5.134210	5.119230
Russian Ruble	92.003100	93.813900	94.148700	94.871300	96.541900	94.837100	96.165900	95.767100	95.869900	94.725700	92.718800
Saudi Arabian Riyal	5.279500	5.276350	5.268730	5.256210	5.262600	5.259230	5.264850	5.280560	5.290250	5.289350	5.273930
Singapore Dollar	1.982700	1.988130	1.989890	1.987970	2.001470	1.983080	1.995310	NA	1.989700	1.976250	1.970060
South African Rand	18.828600	18.903700	19.138600	19.098000	19.365000	19.206300	19.442100	19.071800	19.170600	18.986300	18.765000
Sri Lanka Rupee	189.358000	189.245000	188.972000	188.873000	192.960000	NA	194.841000	195.642000	196.141000	197.142000	196.879000
Swedish Krona	11.875200	11.904400	11.815000	11.812300	11.850400	11.808200	11.791400	11.707600	11.617500	11.639600	11.668300
Swiss Franc	1.355070	1.357640	1.363970	1.365780	1.372630	1.369370	1.371810	1.376180	1.367850	1.368180	1.371780
Thai Baht	50.321300	50.302600	50.343800	50.236900	50.796000	50.491500	50.812000	50.752400	50.856900	50.760900	50.601400
Trinidad And Tobago Dollar	NA	8.930800	8.917660	8.887780	8.884700	8.888970	8.892920	8.930170	8.951430	8.943820	8.920370
Tunisian Dinar	2.750420	2.739820	2.740440	2.756510	2.761960	2.755980	2.760880	2.761520	2.757230	2.751420	2.739910
U.A.E. Dirham	5.170390	5.167290	5.159850	5.147610	5.153840	5.150550	5.156050	5.171410	5.180920	5.180060	5.164920
Peso Uruguayo	40.257800	40.247900	40.222200	NA	40.190800	40.145500	40.455000	40.563000	NA	40.670200	40.493900
Bolivar Fuerte	8.847290	8.842050	8.829240	8.808320	8.818960	8.813370	8.822780	8.849090	8.865330	8.863830	8.837980

Currency units per SDR for September 2015 Continued

Currency	September 17, 2015	September 18, 2015	September 21, 2015	September 22, 2015	September 23, 2015	September 24, 2015	September 25, 2015	September 28, 2015	September 29, 2015	September 30, 2015
Chinese Yuan	8.986830	9.021200	8.979640	8.948390	8.945660	8.966920	8.939910	8.936150	8.942620	8.929610
Euro	1.247760	1.242030	1.253510	1.258900	1.258060	1.250480	1.256890	1.255330	1.253800	1.253000
Japanese Yen	170.209000	169.910000	NA	NA	NA	168.947000	168.678000	168.826000	168.219000	168.378000
U.K. Pound Sterling	0.908810	0.906939	0.907878	0.909521	0.915986	0.920607	0.920929	0.922688	0.924727	0.923574
U.S. Dollar	1.411470	1.418280	1.410200	1.404300	1.402740	1.405670	1.401560	1.402210	1.404750	1.403740
Algerian Dinar	149.169000	149.198000	149.662000	149.295000	149.042000	149.181000	148.977000	NA	149.070000	149.168000
Australian Dollar	1.963920	1.967370	1.966810	1.967080	1.995350	2.008670	1.998520	1.997450	2.021520	2.002480
Bahrain Dinar	0.530712	0.533271	0.530237	0.528017	0.527429	0.528533	0.526987	0.527232	0.528187	0.527805
Botswana Pula	14.581300	14.516700	14.598400	14.704700	14.688300	14.906400	14.768800	14.901200	14.865100	NA
Brazilian Real	5.415500	5.520070	5.502760	5.592060	5.670540	5.769010	5.879410	5.535780	5.632910	5.779440
Brunei Dollar	1.974360	1.986010	1.981340	1.984000	1.994550	NA	1.996250	1.999410	2.011470	2.000740
Canadian Dollar	1.861160	1.864610	1.868520	1.864630	1.867740	1.876710	1.867580	1.873490	1.884190	1.880160
Chilean Peso	960.025000	959.803000	954.344000	958.672000	976.963000	984.572000	989.394000	978.617000	990.756000	989.188000
Colombian Peso	4,218.930000	4,219.550000	4,209.320000	4,215.270000	4,300.430000	4,356.560000	4,394.140000	4,319.410000	4,350.490000	4,382.370000
Czech Koruna	33.828600	33.623100	33.911200	34.065500	34.073900	33.960900	34.180000	NA	34.115800	34.063100
Danish Krone	9.310640	9.266980	9.352170	9.391700	9.385000	9.330100	9.376030	9.364350	9.354270	9.347190
Hungarian Forint	388.718000	383.857000	387.142000	389.076000	391.321000	392.631000	394.848000	394.988000	393.386000	391.713000
Icelandic Krona	179.186000	178.504000	179.533000	180.509000	180.308000	180.347000	179.975000	179.623000	179.176000	178.766000
Indian Rupee	NA	93.500800	92.724800	92.157400	92.537800	92.913500	NA	92.658700	92.972200	92.284100
Indonesian Rupiah	20,398.500000	20,512.500000	20,378.800000	20,342.700000	20,512.200000	NA	20,589.000000	20,606.800000	20,689.200000	20,574.600000
Iranian Rial	42,280.400000	NA	42,241.100000	42,067.200000	42,021.800000	NA	NA	42,005.900000	42,079.400000	42,050.400000
Israeli New Sheqel	5.468010	5.478790	5.532230	NA	NA	5.539740	5.534770	NA	5.529110	5.506850
Kazakhstani Tenge	381.252000	383.914000	381.403000	379.105000	370.490000	371.266000	378.156000	378.583000	379.845000	380.258000
Korean Won	1,664.680000	1,658.960000	1,645.280000	1,647.250000	1,651.300000	1,669.230000	1,670.380000	NA	NA	1,676.760000
Kuwaiti Dinar	0.426263	0.428249	0.425599	0.424310	NA	NA	NA	0.423957	0.424376	0.424068
Libyan Dinar	1.932400	1.932400	1.932400	1.932400	1.932400	1.932400	1.932400	1.932400	1.932400	1.932400
Malaysian Ringgit	6.010740	6.026960	5.987020	6.027950	6.097000	NA	6.154260	6.173220	6.282750	6.240290
Mauritian Rupee	49.723800	NA	49.721300	49.587400	49.674900	49.980800	49.865400	49.915600	49.936300	49.870800
Mexican Peso	23.385200	23.456900	23.531300	23.692400	23.910100	24.057900	23.769800	23.847800	23.989100	23.730600
Nepalese Rupee	149.926000	150.820000	148.184000	147.564000	147.806000	148.340000	148.215000	148.438000	148.567000	148.178000
New Zealand Dollar	2.223130	2.231050	2.212080	2.220940	2.240070	2.233350	2.215210	2.197470	2.229410	2.202280
Norwegian Krone	11.499900	11.472600	11.558000	11.600100	11.620700	11.833300	11.956900	12.028600	11.938700	11.934100
Rial Omani	0.542708	0.545328	0.542223	0.539954	0.539351	0.540479	0.538901	0.539147	0.540129	0.539735
Pakistani Rupee	147.339000	148.043000	147.206000	146.580000	146.435000	NA	NA	146.510000	146.786000	146.710000
Nuevo Sol	4.506820	4.525730	4.499960	4.503590	4.516810	4.530460	4.508830	NA	NA	NA
Philippine Peso	65.915700	65.973900	65.564700	65.322300	65.300200	65.698300	NA	65.766500	65.767800	65.871800
Polish Zloty	5.240620	5.210480	5.229030	5.257430	5.302480	5.297540	5.300430	5.308900	5.309830	5.299670
Qatar Riyal	5.137740	5.162520	5.133130	5.111660	5.105950	5.116630	5.101700	5.104050	5.113310	5.109600
Russian Ruble	92.256900	93.102100	93.278400	92.929000	92.638100	93.498100	92.044600	91.910900	93.045800	92.276500
Saudi Arabian Riyal	5.292990	5.318530	5.288260	5.266120	5.260250	5.271260	5.255860	5.258290	5.267820	5.264020
Singapore Dollar	1.974360	1.986010	1.981340	1.984000	1.994550	NA	1.996250	1.999410	2.011470	2.000740
South African Rand	18.892800	18.740000	18.825200	19.225100	19.166600	NA	19.325300	19.690700	19.547400	19.482400
Sri Lanka Rupee	198.503000	199.678000	198.157000	197.773000	197.717000	NA	197.561000	197.651000	198.413000	198.255000
Swedish Krona	11.666200	11.602900	11.636900	11.718800	11.782800	11.803300	11.803500	11.841200	11.851900	11.774800
Swiss Franc	1.367150	1.354310	1.363950	1.367370	1.369070	1.369540	1.367360	1.374730	1.366540	1.366400
Thai Baht	50.520600	50.662200	50.395100	50.459400	50.703300	50.958300	50.792600	50.837000	51.230000	51.038400
Trinidad And Tobago Dollar	8.947260	8.989330	8.932800	8.894420	8.907340	8.928090	NA	8.880920	8.893630	8.898700
Tunisian Dinar	2.757160	2.762560	2.733590	2.751460	2.762130	NA	NA	2.767120	2.764840	2.754270
U.A.E. Dirham	5.183600	5.208630	5.178960	5.157300	5.151530	5.162330	5.147240	5.149600	5.158950	5.155220
Peso Uruguayo	40.624800	40.801000	40.602500	40.480400	40.477300	40.951400	40.503700	NA	NA	NA
Bolivar Fuerte	8.869970	8.912740	8.862030	8.824880	8.815080	8.833530	8.807700	8.811740	8.827760	8.821380

Notes:


The value of the U.S. dollar in terms of the SDR is the reciprocal of the sum of the dollar values, based on market exchange rates, of specified quantities of the SDR basket currencies. See SDR Valuation.

These rates are the official rates used by the Fund to conduct operations with member countries. The rates are derived from the currency's representative exchange rate, as reported by the central bank, normally against the U.S. dollar at spot market rates and rounded to six significant digits. See Representative Exchange Rates for Selected Currencies.

The value in terms of each national currency of the SDR (shown above) is the reciprocal of the value in terms of the SDR of each national currency, rounded to six significant digits.

Exchange rates are published daily except on IMF holidays or whenever the IMF is closed for business.
