Currency units per SDR for October 2015
Currency	October 01, 2015	October 02, 2015	October 05, 2015	October 06, 2015	October 07, 2015	October 08, 2015	October 09, 2015	October 13, 2015	October 14, 2015	October 15, 2015	October 16, 2015
Chinese Yuan	NA	NA	NA	NA	NA	8.948070	8.961860	8.925780	8.967080	8.989900	8.963140
Euro	1.255540	1.255340	1.250330	1.250250	1.248790	1.252030	1.242270	1.241090	1.239430	1.239550	1.243790
Japanese Yen	168.317000	167.905000	168.585000	169.053000	168.742000	169.112000	169.334000	169.182000	169.081000	168.705000	168.254000
U.K. Pound Sterling	0.925275	0.924787	0.924804	0.925463	0.918755	0.918291	0.920243	0.926072	0.920700	0.915558	0.914587
U.S. Dollar	1.400310	1.400960	1.404870	1.403280	1.406890	1.409030	1.411470	1.411620	1.414190	1.417920	1.412950
Algerian Dinar	148.718000	148.297000	149.043000	148.808000	149.197000	149.245000	148.943000	148.944000	148.822000	149.134000	149.145000
Australian Dollar	1.984840	1.990560	NA	1.968130	1.960000	1.964350	1.937770	1.929490	1.957090	1.937590	1.940860
Bahrain Dinar	0.526515	0.526759	0.528231	0.527632	0.528989	0.529796	0.530712	0.530769	0.531737	0.533140	0.531268
Botswana Pula	NA	14.778000	14.695300	14.694000	14.564000	14.631700	14.521300	14.643300	14.564300	14.527900	14.432600
Brazilian Real	5.563280	5.574980	5.620880	5.492570	5.425940	5.362760	5.436560	5.277460	5.409290	5.460010	5.417820
Brunei Dollar	1.996550	2.011210	2.011500	1.997850	2.003830	1.992370	1.978600	1.980500	1.970390	1.951490	1.954670
Canadian Dollar	1.854280	1.851220	1.838280	1.832120	1.834010	1.834280	1.827290	1.833120	1.835900	1.829690	1.827370
Chilean Peso	978.426000	974.412000	976.849000	962.408000	958.497000	956.151000	962.205000	953.362000	965.960000	965.708000	954.617000
Colombian Peso	4,322.400000	4,289.530000	4,263.650000	4,169.340000	4,099.300000	4,074.780000	4,075.210000	4,031.200000	4,116.290000	4,152.670000	NA
Czech Koruna	34.105800	34.090800	33.902400	33.894700	33.837100	33.936500	33.672100	33.671300	33.604000	33.572300	33.686100
Danish Krone	9.366890	9.364520	9.328100	9.328270	9.317840	9.341430	9.267330	9.259520	9.247700	9.248550	9.278250
Hungarian Forint	392.856000	392.758000	389.207000	391.080000	389.905000	390.230000	387.746000	386.077000	385.919000	384.314000	384.534000
Icelandic Krona	178.791000	178.622000	177.702000	178.020000	177.535000	177.313000	176.476000	176.198000	176.038000	175.950000	176.421000
Indian Rupee	91.795300	NA	91.724600	91.761600	91.809700	91.808000	91.441900	91.785200	92.081000	91.915100	91.798700
Indonesian Rupiah	20,520.100000	20,606.700000	20,516.800000	20,182.000000	19,787.800000	19,457.300000	19,084.500000	19,137.300000	NA	18,841.400000	19,122.800000
Iranian Rial	41,948.900000	NA	42,081.500000	42,036.600000	42,141.800000	42,210.300000	NA	42,283.500000	42,357.800000	42,466.800000	NA
Israeli New Sheqel	5.486400	5.495950	NA	5.436290	5.416500	5.421930	5.422880	5.457290	5.444640	5.417880	5.391820
Kazakhstani Tenge	379.343000	379.729000	381.423000	383.024000	384.826000	386.074000	387.322000	388.858000	390.303000	392.836000	390.114000
Korean Won	1,666.920000	1,651.730000	1,658.450000	1,644.780000	1,638.740000	1,641.800000	NA	1,619.690000	1,622.780000	1,630.750000	1,601.860000
Kuwaiti Dinar	0.423522	0.423720	0.424623	0.424351	0.424950	0.425597	0.426336	0.426025	NA	NA	NA
Libyan Dinar	1.932400	1.932400	1.932400	1.932400	1.932400	1.932400	1.932400	1.932400	1.932400	1.932400	1.932400
Malaysian Ringgit	6.174630	6.223740	6.182840	6.130910	6.094630	5.953870	5.830090	5.921710	NA	5.838290	5.899040
Mauritian Rupee	49.702000	NA	50.019500	49.986000	50.103000	50.155500	50.136900	50.019800	50.037300	50.042300	49.825600
Mexican Peso	23.604400	23.558800	23.453100	23.417600	23.320800	23.314400	23.173600	23.411400	23.447900	23.289400	23.166500
Nepalese Rupee	147.256000	147.100000	147.259000	146.685000	147.062000	146.750000	147.061000	146.455000	147.331000	147.606000	146.452000
New Zealand Dollar	2.186270	2.186940	2.177760	2.163550	2.151200	2.129410	2.117100	2.111620	2.124370	2.081510	2.068130
Norwegian Krone	11.873000	11.815800	11.736900	11.723000	11.561200	11.541800	11.415900	11.503700	11.452400	11.424900	11.443500
Rial Omani	0.538416	0.538668	0.540173	0.539561	0.540947	0.541773	0.542711	0.542767	0.543756	0.545191	0.543277
Pakistani Rupee	146.327000	146.384000	146.807000	146.627000	147.016000	147.197000	147.394000	147.452000	147.673000	148.068000	147.471000
Nuevo Sol	NA	4.516690	4.515260	4.515750	4.525950	NA	NA	4.562340	4.577730	4.584150	NA
Philippine Peso	65.577600	65.431800	65.734100	65.364600	65.286500	65.200100	65.104200	64.746700	65.028800	65.354800	64.707300
Polish Zloty	5.321870	5.327570	5.300600	5.317030	5.290450	5.289910	5.256600	5.251080	5.250750	5.238950	5.262240
Qatar Riyal	5.097100	5.099490	5.113730	5.107930	5.121060	5.128860	5.137770	5.138270	5.147660	5.161240	5.143130
Russian Ruble	91.067200	92.381300	92.194800	91.348400	88.220000	87.774700	86.518700	87.835600	89.270600	88.256600	86.696400
Saudi Arabian Riyal	5.251140	5.253590	5.268290	5.262300	5.275820	5.283880	5.293020	5.293550	5.303210	5.317230	5.298550
Singapore Dollar	1.996550	2.011210	2.011500	1.997850	2.003830	1.992370	1.978600	1.980500	1.970390	1.951490	1.954670
South African Rand	19.411000	19.452100	19.094600	19.235100	18.819900	18.979800	18.707200	19.002100	19.112800	18.639100	18.538600
Sri Lanka Rupee	197.770000	197.896000	198.452000	198.177000	NA	198.109000	198.376000	198.079000	198.667000	199.479000	199.129000
Swedish Krona	11.740700	11.761000	11.685000	11.679200	11.620300	11.580300	11.601500	11.481100	11.478100	11.506700	11.640300
Swiss Franc	1.369780	1.371820	1.365400	1.367920	1.361020	1.363380	1.355720	1.355010	1.351680	1.348160	1.348520
Thai Baht	50.961400	51.262300	51.155600	51.007700	50.763200	50.658800	50.328900	50.133600	50.334000	49.910900	49.878500
Trinidad And Tobago Dollar	8.885490	8.876900	8.880760	8.891340	8.932320	8.934080	8.954070	8.959370	8.983680	9.012580	8.932800
Tunisian Dinar	2.753140	2.756800	2.751610	2.752480	2.764100	2.767740	2.766090	2.751950	2.760220	NA	NA
U.A.E. Dirham	5.142630	5.145010	5.159400	5.153550	5.166780	5.174670	5.183630	5.184170	5.193620	5.207330	5.189060
Peso Uruguayo	NA	40.777700	40.939500	40.923700	40.958600	40.980200	NA	41.545300	41.609800	41.601800	NA
Bolivar Fuerte	8.799800	8.803900	8.828540	8.818500	8.841190	8.854650	8.869970	8.870910	8.887070	8.910510	8.879260

Currency units per SDR for October 2015 Continued

Currency	October 19, 2015	October 20, 2015	October 21, 2015	October 22, 2015	October 23, 2015	October 26, 2015	October 27, 2015	October 28, 2015	October 29, 2015	October 30, 2015
Chinese Yuan	8.971100	8.997660	8.967640	8.962580	8.905830	8.874930	8.881390	8.885100	8.859910	8.869420
Euro	1.246070	1.243660	1.244340	1.247680	1.263440	1.268330	1.264600	1.261560	1.274610	1.267930
Japanese Yen	168.487000	169.023000	169.398000	169.239000	169.364000	169.192000	168.930000	168.302000	168.140000	168.840000
U.K. Pound Sterling	0.911436	0.913701	0.914336	0.911885	0.910059	0.910225	0.912267	0.914553	0.912825	0.910075
U.S. Dollar	1.412180	1.414420	1.412830	1.411500	1.400400	1.396550	1.398780	1.398440	1.393150	1.396870
Algerian Dinar	149.177000	149.320000	149.192000	149.166000	149.409000	149.237000	149.356000	149.035000	148.882000	149.168000
Australian Dollar	1.941140	1.945550	1.942300	1.959600	1.931580	1.924950	1.934150	1.963820	1.961360	1.967710
Bahrain Dinar	0.530977	0.531819	0.531223	0.530724	0.526549	0.525105	0.525939	0.525812	0.523826	0.525224
Botswana Pula	14.483900	14.521700	14.671100	14.703200	14.633200	14.608300	14.708500	14.628000	14.726800	14.766100
Brazilian Real	5.428120	5.518340	5.461440	5.559350	5.511950	5.444870	5.396770	5.469860	5.405000	5.493630
Brunei Dollar	1.952610	1.964760	1.964540	1.965800	1.938850	1.946660	1.948360	1.953480	1.953900	1.958140
Canadian Dollar	1.835550	1.835060	1.853070	1.847370	1.844600	1.834230	1.852120	1.838670	1.834780	1.827530
Chilean Peso	951.683000	960.827000	966.669000	977.746000	968.542000	959.361000	959.058000	961.354000	957.607000	964.320000
Colombian Peso	4,066.910000	4,120.180000	4,138.440000	4,187.480000	4,096.660000	4,066.880000	4,081.930000	4,126.600000	4,077.410000	4,080.720000
Czech Koruna	33.748200	33.675800	33.698700	33.770200	34.239700	34.360800	34.275700	NA	34.554400	34.354700
Danish Krone	9.294630	9.277300	9.282290	9.307170	9.424980	9.462080	9.433870	9.411060	9.505610	9.456000
Hungarian Forint	384.451000	386.772000	387.228000	388.686000	NA	393.591000	394.987000	394.864000	395.307000	393.191000
Icelandic Krona	176.790000	176.477000	177.084000	177.680000	179.069000	179.639000	179.729000	179.266000	180.079000	179.401000
Indian Rupee	91.534000	91.782700	92.048000	NA	90.859500	90.720200	90.857900	90.955400	90.765500	91.108700
Indonesian Rupiah	19,153.300000	19,284.100000	19,350.100000	19,252.900000	18,892.700000	19,053.200000	19,059.700000	19,060.700000	18,893.900000	19,052.000000
Iranian Rial	42,294.700000	42,364.600000	42,314.300000	42,278.700000	NA	41,833.800000	41,897.600000	41,893.100000	41,738.800000	NA
Israeli New Sheqel	5.425580	5.458220	5.454940	5.441350	5.434930	5.438180	5.407690	5.414740	5.409620	5.401730
Kazakhstani Tenge	391.004000	391.934000	392.074000	392.694000	388.624000	389.010000	391.014000	389.912000	388.077000	389.979000
Korean Won	1,594.200000	1,591.640000	1,596.640000	1,596.830000	1,593.930000	1,574.480000	1,586.350000	1,581.910000	1,578.300000	1,595.650000
Kuwaiti Dinar	0.425983	0.426658	0.426179	0.425922	0.422569	0.422806	0.423340	0.423377	0.422263	0.423393
Libyan Dinar	1.932400	1.932400	1.932400	1.932400	1.932400	1.932400	1.932400	1.932400	1.932400	1.932400
Malaysian Ringgit	5.941030	6.004200	6.068110	6.061710	5.916810	5.948630	5.962280	5.982510	5.973140	6.012140
Mauritian Rupee	49.807200	49.971800	49.905700	49.849000	49.581300	49.672900	49.919600	50.071600	49.944100	50.087900
Mexican Peso	23.286600	23.425200	23.537700	23.329900	23.125800	23.042900	23.156100	23.004700	23.156800	23.082500
Nepalese Rupee	146.443000	146.604000	146.793000	147.163000	145.921000	144.865000	145.333000	145.354000	144.971000	145.582000
New Zealand Dollar	2.080710	2.080630	2.093080	2.098270	2.050360	NA	2.063700	2.070840	2.086180	2.075280
Norwegian Krone	11.445300	11.485800	11.525700	11.570900	11.689900	11.701600	11.840500	11.883900	11.939300	11.909600
Rial Omani	0.542982	0.543842	0.543233	0.542723	0.538451	0.536976	0.537831	0.537701	0.535667	0.537097
Pakistani Rupee	147.460000	147.688000	147.522000	147.428000	NA	145.895000	146.144000	147.578000	146.984000	147.369000
Nuevo Sol	4.585330	4.602500	4.605810	4.594450	4.569490	4.565330	4.583790	4.582680	4.570930	4.584550
Philippine Peso	64.924900	65.189000	65.249900	65.513600	65.157600	64.875700	65.192900	65.244300	65.158900	65.499500
Polish Zloty	5.262470	5.287790	5.316040	5.336320	5.349510	5.396970	5.408940	5.429590	5.429680	5.412600
Qatar Riyal	5.140330	5.148480	5.142680	5.137870	5.097440	5.083470	5.091550	5.090330	5.071070	5.084630
Russian Ruble	86.767100	87.922900	88.487000	88.626600	86.724300	87.289700	88.822600	91.340000	89.396700	89.922400
Saudi Arabian Riyal	5.295660	5.304050	5.298100	5.293130	5.251490	5.237080	5.245410	5.244140	5.224310	5.238290
Singapore Dollar	1.952610	1.964760	1.964540	1.965800	1.938850	1.946660	1.948360	1.953480	1.953900	1.958140
South African Rand	18.642100	18.706800	18.971400	19.020300	18.876000	18.998000	19.137400	19.056900	19.208300	19.280600
Sri Lanka Rupee	199.054000	199.386000	199.195000	199.039000	197.545000	196.983000	NA	197.332000	196.263000	196.756000
Swedish Krona	11.645800	11.707800	11.730200	11.755700	11.864800	11.848500	11.898600	11.897800	11.892600	11.898700
Swiss Franc	1.350320	1.344680	1.353630	1.358290	1.364270	1.371000	1.376680	1.377040	1.378940	1.381370
Thai Baht	49.863900	50.112800	50.022500	50.262100	NA	49.628000	49.659300	49.647500	49.614200	49.723000
Trinidad And Tobago Dollar	8.955440	8.949990	8.965960	8.943580	8.875950	8.841890	8.865560	8.869490	8.847600	8.845020
Tunisian Dinar	2.754500	2.768010	2.760390	2.759800	2.752530	2.782020	2.789170	2.780700	2.773740	2.791100
U.A.E. Dirham	5.186210	5.194430	5.188610	5.183740	5.142950	5.128840	5.137000	5.135760	5.116350	5.130020
Peso Uruguayo	41.478500	41.561200	41.556900	41.537700	41.245800	41.078200	41.140900	41.119800	41.010200	41.019200
Bolivar Fuerte	8.874370	8.888490	8.878470	8.870120	8.800340	8.776240	8.790200	8.788040	8.754880	8.778240

Notes:


The value of the U.S. dollar in terms of the SDR is the reciprocal of the sum of the dollar values, based on market exchange rates, of specified quantities of the SDR basket currencies. See SDR Valuation.

These rates are the official rates used by the Fund to conduct operations with member countries. The rates are derived from the currency's representative exchange rate, as reported by the central bank, normally against the U.S. dollar at spot market rates and rounded to six significant digits. See Representative Exchange Rates for Selected Currencies.

The value in terms of each national currency of the SDR (shown above) is the reciprocal of the value in terms of the SDR of each national currency, rounded to six significant digits.

Exchange rates are published daily except on IMF holidays or whenever the IMF is closed for business.
