Currency units per SDR for November 2015
Currency	November 02, 2015	November 03, 2015	November 04, 2015	November 05, 2015	November 06, 2015	November 09, 2015	November 10, 2015	November 11, 2015	November 12, 2015	November 13, 2015	November 16, 2015
Chinese Yuan	8.827680	8.832750	8.825500	8.809870	8.804130	8.784260	8.775240	8.777860	8.781560	8.810340	8.805530
Euro	1.267040	1.271100	1.274160	1.277210	1.277040	1.282150	1.288130	1.287670	1.286720	1.285840	1.288130
Japanese Yen	168.365000	NA	168.867000	168.897000	168.844000	170.371000	169.939000	169.557000	169.522000	169.633000	169.232000
U.K. Pound Sterling	0.903849	0.906010	0.903563	0.903171	0.916422	0.914754	0.913350	0.910142	0.908884	0.909322	0.909025
U.S. Dollar	1.397800	1.395160	1.393290	1.389990	1.387380	1.381650	1.379710	1.379860	1.380140	1.384080	1.381260
Algerian Dinar	149.049000	149.149000	149.219000	149.101000	149.725000	149.049000	148.990000	148.947000	148.853000	148.893000	148.974000
Australian Dollar	1.957710	1.937180	1.933790	1.944040	1.942020	1.957560	1.957870	1.952270	1.933240	1.939850	1.941330
Bahrain Dinar	0.525574	0.524582	0.523878	0.522635	0.521654	0.519499	0.518772	0.518828	0.518933	0.520413	0.519354
Botswana Pula	14.713700	14.763600	14.712700	14.740000	14.759300	14.888500	14.931900	14.853200	14.888200	14.963000	14.948700
Brazilian Real	5.393980	5.383780	5.312060	5.238430	5.257180	5.258430	5.232970	5.240840	5.151640	5.258950	5.251960
Brunei Dollar	1.957200	1.947510	1.942950	1.951820	1.951200	1.963460	NA	1.957890	1.956350	1.965530	1.967330
Canadian Dollar	1.830420	1.828500	1.834130	1.830190	1.846320	1.834140	1.829360	NA	1.836550	1.845260	1.844400
Chilean Peso	964.934000	965.344000	963.029000	957.616000	962.131000	963.104000	NA	969.631000	NA	972.328000	973.909000
Colombian Peso	NA	4,042.940000	3,936.400000	3,919.250000	3,958.620000	4,001.520000	4,030.340000	4,051.080000	4,051.900000	4,165.190000	NA
Czech Koruna	34.328600	34.445100	34.525900	34.545300	34.534600	34.665500	34.836300	34.797400	34.786400	34.750100	34.817400
Danish Krone	9.450280	9.480830	9.504530	9.526990	9.526710	9.564890	9.609560	9.606420	9.599140	9.593250	9.610670
Hungarian Forint	395.523000	398.221000	401.352000	402.012000	401.118000	404.174000	402.766000	400.436000	402.049000	401.813000	401.490000
Icelandic Krona	179.184000	179.348000	179.833000	180.517000	179.832000	180.457000	180.949000	180.693000	181.074000	180.844000	181.194000
Indian Rupee	91.527300	91.315000	91.355100	91.288400	91.276700	91.655700	91.543200	NA	NA	91.541600	91.396800
Indonesian Rupiah	19,124.700000	18,965.800000	18,755.100000	18,908.000000	18,798.900000	18,910.600000	18,790.300000	18,733.000000	18,735.400000	18,869.200000	18,967.400000
Iranian Rial	41,872.500000	41,796.200000	41,743.000000	41,648.100000	NA	41,399.600000	41,344.500000	41,347.600000	41,354.400000	NA	41,389.400000
Israeli New Sheqel	5.406690	5.410440	5.401780	5.404270	5.391330	5.406400	5.409850	5.396650	5.370110	5.382680	5.375850
Kazakhstani Tenge	391.902000	394.412000	396.085000	415.495000	426.659000	NA	NA	423.411000	423.108000	425.923000	425.925000
Korean Won	1,591.540000	1,590.620000	1,579.160000	1,569.990000	1,577.590000	1,573.150000	1,592.330000	1,598.160000	1,593.780000	1,597.920000	1,604.060000
Kuwaiti Dinar	0.423114	0.422315	0.422167	0.421512	0.420721	0.419882	0.419294	0.419203	0.419285	0.420484	0.419627
Libyan Dinar	1.932400	1.932400	1.932400	1.932400	1.932400	1.932400	1.932400	1.932400	1.932400	1.932400	1.932400
Malaysian Ringgit	6.000060	5.975460	5.938910	5.974140	5.967120	6.026060	NA	6.023810	6.028450	6.058810	6.067190
Mauritian Rupee	NA	50.073900	49.979800	49.900000	49.834100	49.751500	49.798300	NA	49.869300	49.979800	49.874600
Mexican Peso	NA	22.908000	23.009800	23.068100	23.360900	23.308400	23.132000	23.067600	23.104300	23.168800	NA
Nepalese Rupee	145.679000	146.394000	146.115000	145.809000	145.897000	145.377000	146.525000	146.762000	146.433000	146.851000	146.082000
New Zealand Dollar	2.065620	2.062930	2.096750	2.109550	2.100810	2.117790	2.113850	2.107950	2.099390	2.116330	2.116220
Norwegian Krone	11.830400	11.873400	11.884700	11.886300	11.840000	11.908000	11.949300	11.876200	11.997400	11.999400	11.986000
Rial Omani	0.537455	0.536440	0.535722	0.534451	0.533447	0.531245	0.530498	0.530557	0.530664	0.532178	0.531093
Pakistani Rupee	147.446000	147.199000	147.002000	146.722000	146.378000	145.793000	145.601000	145.606000	145.567000	145.978000	145.674000
Nuevo Sol	4.590380	4.583100	4.579760	4.585560	4.595000	4.567730	4.568230	NA	NA	NA	4.614780
Philippine Peso	65.499500	65.287800	65.203500	64.972200	65.076200	64.802100	65.058800	65.143200	65.047400	65.041900	64.963300
Polish Zloty	5.394120	5.396220	5.416560	5.410520	5.421170	5.472020	5.459530	NA	5.442440	5.451610	5.467170
Qatar Riyal	5.088000	5.078380	5.071590	5.059550	5.050050	5.029190	5.022150	5.022700	5.023710	5.038060	5.027780
Russian Ruble	89.179000	89.084500	NA	88.123600	88.352500	89.338400	88.840700	89.096400	90.335900	92.227100	91.799500
Saudi Arabian Riyal	5.241750	5.231850	5.224850	5.212430	5.202670	5.181190	5.173920	5.174480	5.175530	5.190300	5.179710
Singapore Dollar	1.957200	1.947510	1.942950	1.951820	1.951200	1.963460	NA	1.957890	1.956350	1.965530	1.967330
South African Rand	19.234300	19.332500	19.210900	19.307000	19.370100	19.706300	19.806600	19.629600	19.636800	19.844400	19.889300
Sri Lanka Rupee	197.044000	196.686000	196.522000	196.358000	196.400000	195.533000	NA	195.804000	195.882000	196.489000	196.222000
Swedish Krona	11.904000	11.896100	11.933000	11.981800	11.987900	12.021600	11.985700	11.957300	11.987700	11.987700	12.002300
Swiss Franc	1.379630	1.381490	1.379500	1.384700	1.381970	1.385520	1.386060	1.388830	1.387040	1.386020	1.389130
Thai Baht	49.733700	49.604900	49.475800	49.409800	49.354400	49.559700	49.511100	49.468000	49.444700	49.666500	49.689400
Trinidad And Tobago Dollar	8.883050	8.877450	8.884780	8.861710	8.841340	8.836730	8.828460	NA	8.853470	8.897830	8.862180
Tunisian Dinar	2.785170	2.779580	2.785760	2.788770	2.790720	2.784850	2.786190	2.799740	2.791470	2.811480	2.805100
U.A.E. Dirham	5.133420	5.123740	5.116870	5.104720	5.095150	5.074110	5.066990	5.067550	5.068550	5.083030	5.072670
Peso Uruguayo	NA	40.896300	40.869500	40.876700	40.856800	40.686800	40.618700	40.601100	40.663000	40.779200	40.703000
Bolivar Fuerte	8.784100	8.767470	8.755720	8.734920	8.718550	8.682590	8.670390	8.671300	8.673100	8.697850	8.680100

Currency units per SDR for November 2015 Continued

Currency	November 17, 2015	November 18, 2015	November 19, 2015	November 20, 2015	November 23, 2015	November 24, 2015	November 25, 2015	November 30, 2015
Chinese Yuan	8.783020	8.791130	8.808710	8.800490	8.785260	8.795620	8.773930	8.778550
Euro	1.291420	1.291960	1.292100	1.291010	1.293910	1.292580	1.297530	1.297070
Japanese Yen	170.010000	170.033000	170.192000	169.636000	NA	168.993000	168.151000	168.502000
U.K. Pound Sterling	0.906479	0.905871	0.904601	0.903497	0.909397	0.911137	0.912001	0.914411
U.S. Dollar	1.377940	1.378010	1.380870	1.379830	1.375560	1.376720	1.373560	1.372170
Algerian Dinar	148.929000	148.962000	148.971000	149.074000	148.807000	148.797000	148.929000	148.874000
Australian Dollar	1.943770	1.941680	1.925900	1.918020	1.915820	1.913180	1.890660	1.908700
Bahrain Dinar	0.518105	0.518132	0.519208	0.518815	0.517210	0.517649	0.516460	0.515935
Botswana Pula	14.880600	14.849200	14.848100	14.710300	14.743400	14.771700	14.753600	14.947300
Brazilian Real	5.282480	5.243590	5.236400	5.166360	5.090950	5.125680	5.093310	NA
Brunei Dollar	1.961090	1.965040	1.958210	1.948170	1.950960	1.947650	1.931370	1.939010
Canadian Dollar	1.835970	1.840060	1.832000	1.840410	1.837330	1.832140	1.826970	1.829510
Chilean Peso	977.775000	979.020000	986.106000	982.386000	975.324000	985.270000	977.183000	977.842000
Colombian Peso	4,234.740000	4,229.440000	4,292.710000	4,252.680000	4,191.750000	4,249.700000	4,222.810000	4,255.230000
Czech Koruna	NA	34.918800	34.911200	34.894400	34.969400	34.935700	35.062900	35.051900
Danish Krone	9.635680	9.639020	9.639480	9.631220	9.653440	9.643290	9.680350	9.676610
Hungarian Forint	403.130000	401.387000	400.493000	399.722000	401.815000	403.421000	403.951000	403.897000
Icelandic Krona	181.516000	181.387000	181.847000	181.778000	182.303000	182.086000	182.244000	182.183000
Indian Rupee	90.917400	91.105400	91.290000	91.198400	91.266700	91.392600	NA	91.680900
Indonesian Rupiah	18,892.900000	18,965.500000	19,038.000000	18,957.400000	18,839.700000	18,892.800000	18,780.700000	18,990.800000
Iranian Rial	41,294.200000	41,298.900000	41,380.600000	NA	41,239.300000	41,271.500000	41,175.300000	41,282.900000
Israeli New Sheqel	5.380860	5.379760	5.364690	5.350970	5.356420	5.332050	5.325300	5.319880
Kazakhstani Tenge	423.883000	423.986000	424.479000	424.049000	422.586000	422.833000	421.793000	421.804000
Korean Won	1,615.910000	1,611.170000	1,620.310000	1,606.390000	1,591.380000	1,594.110000	1,587.290000	1,578.540000
Kuwaiti Dinar	0.419032	0.419054	0.419715	0.419398	0.418445	0.418799	0.417700	0.417687
Libyan Dinar	1.932400	1.932400	1.932400	1.932400	1.932400	1.932400	1.932400	1.932400
Malaysian Ringgit	6.038830	6.057740	5.998510	5.909120	5.910790	5.871710	5.760730	5.847470
Mauritian Rupee	49.806700	49.858200	49.957000	49.870300	49.690900	49.787700	NA	49.775300
Mexican Peso	23.090200	23.100400	22.887600	22.783700	22.738800	22.675300	22.739100	22.758200
Nepalese Rupee	145.428000	145.614000	146.317000	146.096000	145.672000	146.304000	146.010000	146.575000
New Zealand Dollar	2.128420	2.129190	2.118220	2.105320	2.105560	2.113490	2.092890	2.105840
Norwegian Krone	11.928800	11.929300	11.959200	11.881800	11.872300	11.903300	11.912600	11.924500
Rial Omani	0.529818	0.529846	0.530943	0.530543	0.528902	0.529350	0.528134	0.527599
Pakistani Rupee	145.331000	145.347000	145.680000	145.568000	145.133000	145.291000	144.936000	144.792000
Nuevo Sol	4.609210	4.620470	4.628690	4.630700	4.632890	4.645070	NA	4.626950
Philippine Peso	64.807600	64.810500	NA	NA	64.920700	64.908500	64.741700	64.586500
Polish Zloty	5.480770	5.484740	5.489500	5.478730	5.485730	5.509790	5.523790	5.530360
Qatar Riyal	5.015700	5.015950	5.026360	5.022580	5.007030	5.011280	4.999780	4.994680
Russian Ruble	90.227500	89.265800	89.634600	89.505500	90.233200	90.342400	89.939400	91.574300
Saudi Arabian Riyal	5.167290	5.167530	5.178260	5.174350	5.158340	5.162700	5.150870	5.145620
Singapore Dollar	1.961090	1.965040	1.958210	1.948170	1.950960	1.947650	1.931370	1.939010
South African Rand	19.691700	19.534300	19.542200	19.251800	19.235100	19.354300	19.322900	19.816400
Sri Lanka Rupee	195.858000	196.083000	196.470000	196.358000	195.971000	196.358000	NA	196.504000
Swedish Krona	12.035600	12.032100	12.022400	12.020600	11.993400	12.009700	11.958400	11.979700
Swiss Franc	1.395580	1.398680	1.403650	1.402320	1.405410	1.401370	1.402410	1.414840
Thai Baht	49.557700	49.664800	49.609100	49.277800	49.278100	49.330800	49.011400	49.234600
Trinidad And Tobago Dollar	8.854420	8.825890	8.853320	8.862660	8.821300	NA	8.820440	8.786650
Tunisian Dinar	2.806280	2.805140	2.824680	2.818570	2.806830	2.827790	2.807700	2.835210
U.A.E. Dirham	5.060500	5.060750	5.071250	5.067420	5.051730	5.056020	5.044420	5.039280
Peso Uruguayo	40.608000	40.637500	40.684600	40.684100	40.587200	40.678000	NA	40.590000
Bolivar Fuerte	8.659280	8.659660	8.677690	8.671070	8.644310	8.651640	8.631700	8.622990

Notes:


The value of the U.S. dollar in terms of the SDR is the reciprocal of the sum of the dollar values, based on market exchange rates, of specified quantities of the SDR basket currencies. See SDR Valuation.

These rates are the official rates used by the Fund to conduct operations with member countries. The rates are derived from the currency's representative exchange rate, as reported by the central bank, normally against the U.S. dollar at spot market rates and rounded to six significant digits. See Representative Exchange Rates for Selected Currencies.

The value in terms of each national currency of the SDR (shown above) is the reciprocal of the value in terms of the SDR of each national currency, rounded to six significant digits.

Exchange rates are published daily except on IMF holidays or whenever the IMF is closed for business.
