Currency units per SDR for February 2016
Currency	February 01, 2016	February 02, 2016	February 03, 2016	February 04, 2016	February 05, 2016	February 08, 2016	February 09, 2016	February 10, 2016	February 11, 2016	February 12, 2016	February 16, 2016
Chinese Yuan	9.063960	9.094710	9.107050	9.192020	9.186790	NA	NA	NA	NA	NA	9.104150
Euro	1.265920	1.265940	1.266110	1.247000	1.248330	1.255990	1.245660	1.246070	1.241190	1.246850	1.252100
Japanese Yen	167.130000	166.703000	165.555000	164.962000	163.359000	163.451000	161.377000	160.960000	NA	157.944000	160.264000
U.K. Pound Sterling	0.965400	0.958323	0.954709	0.957313	0.962473	0.966968	0.970412	0.966184	0.976610	0.967268	0.969490
U.S. Dollar	1.377820	1.382280	1.384240	1.397390	1.398380	1.394270	1.399630	1.402700	1.408380	1.405820	1.398100
Algerian Dinar	147.947000	148.171000	147.989000	148.247000	148.264000	148.407000	147.941000	148.517000	148.467000	148.523000	148.346000
Australian Dollar	1.948280	1.953200	1.973250	1.948670	1.944900	1.966540	1.990930	1.989080	1.986420	1.978920	1.954020
Bahrain Dinar	0.518062	0.519737	0.520473	0.525420	0.525790	0.524246	0.526260	0.527415	0.529549	0.528589	0.525685
Botswana Pula	15.782600	15.833700	15.874300	15.771900	15.800900	15.952800	15.959300	15.814000	15.878000	15.831400	15.744400
Brazilian Real	5.570250	5.527180	5.525750	5.527790	5.405170	5.434190	5.455060	5.467020	5.550680	5.572960	5.576310
Brunei Dollar	1.963120	1.969750	1.982230	1.976330	1.954660	NA	NA	1.955230	1.956090	1.962810	1.960130
Canadian Dollar	1.929780	1.940720	1.916620	1.918060	1.940390	1.940970	1.934280	1.959290	1.961870	1.944960	1.937770
Chilean Peso	978.761000	987.557000	987.713000	991.346000	976.753000	976.019000	993.384000	1,003.510000	1,001.830000	1,003.010000	980.613000
Colombian Peso	4,529.330000	4,598.590000	4,689.380000	4,726.260000	4,636.670000	4,629.670000	4,712.580000	4,757.870000	4,768.260000	4,828.840000	4,767.260000
Czech Koruna	34.201700	34.208700	34.218300	33.691000	33.748600	33.991100	33.717000	33.673200	33.599600	33.745400	33.853500
Danish Krone	9.446880	9.447510	9.448130	9.306220	9.316190	9.373560	9.297050	9.300510	9.263980	9.306650	9.346140
Hungarian Forint	394.554000	394.392000	394.232000	387.692000	386.805000	386.953000	389.628000	387.426000	387.797000	385.279000	388.084000
Icelandic Krona	179.420000	179.655000	179.605000	178.139000	178.000000	177.561000	177.921000	177.807000	178.061000	177.823000	177.950000
Indian Rupee	93.241000	93.765500	94.380600	94.756200	94.581400	94.558200	95.401600	95.212700	95.790900	96.209400	95.540200
Indonesian Rupiah	18,874.800000	18,828.000000	19,043.000000	19,091.100000	19,092.100000	NA	19,159.500000	18,989.800000	18,828.600000	18,937.900000	18,640.900000
Iranian Rial	41,589.600000	41,722.800000	41,780.500000	42,174.700000	NA	42,082.100000	42,240.800000	42,332.200000	NA	NA	42,201.600000
Israeli New Sheqel	5.449290	5.466930	5.487120	5.462390	5.429910	5.423730	5.440340	5.429850	5.475760	5.457410	5.470760
Kazakhstani Tenge	496.635000	510.269000	519.435000	507.728000	508.619000	501.786000	504.383000	508.102000	507.452000	517.582000	500.115000
Korean Won	1,661.930000	1,664.960000	1,665.380000	1,700.200000	1,681.830000	NA	NA	NA	1,683.150000	1,682.770000	1,691.560000
Kuwaiti Dinar	0.417618	0.418071	0.418386	0.420405	0.420702	0.418561	0.419259	0.418987	0.420048	NA	0.417823
Libyan Dinar	1.932400	1.932400	1.932400	1.932400	1.932400	1.932400	1.932400	1.932400	1.932400	1.932400	1.932400
Malaysian Ringgit	NA	5.811790	5.865720	5.797070	5.788610	NA	NA	5.836660	5.786300	NA	5.798610
Mauritian Rupee	NA	49.779700	49.862900	50.258600	50.192700	NA	50.123800	NA	NA	50.114300	49.810700
Mexican Peso	NA	25.558600	25.544300	25.417300	25.695000	26.067200	26.287500	26.383300	27.006200	26.765700	26.304900
Nepalese Rupee	149.439000	149.922000	150.480000	152.232000	151.556000	150.902000	151.957000	152.642000	152.950000	153.488000	152.393000
New Zealand Dollar	2.133180	2.114230	2.118190	2.095030	2.078760	NA	2.121290	2.115690	2.095480	2.103270	2.097040
Norwegian Krone	11.919800	12.054700	12.045500	11.893300	11.942200	12.043000	12.046200	11.986500	12.050100	12.066200	12.026300
Rial Omani	0.529773	0.531488	0.532240	0.537296	0.537678	0.536098	0.538155	0.539339	0.541521	0.540538	0.537568
Pakistani Rupee	144.581000	145.054000	145.220000	146.172000	NA	145.203000	146.424000	146.964000	147.474000	146.957000	146.501000
Nuevo Sol	4.796210	4.825530	4.832370	4.857320	4.864970	4.864620	4.897300	NA	NA	NA	4.901740
Philippine Peso	65.701300	65.913900	66.069800	66.909800	66.777100	NA	66.776200	66.960800	66.951400	66.679600	66.393100
Polish Zloty	5.599200	5.575160	5.581950	5.518580	5.512410	5.510860	5.566470	5.524250	5.523520	5.493120	5.509070
Qatar Riyal	5.015270	5.031500	5.038620	5.086500	5.090090	5.075160	5.094630	5.105840	5.126500	5.117180	5.089080
Russian Ruble	105.164000	107.717000	109.714000	106.846000	108.152000	107.166000	110.123000	110.910000	111.423000	111.756000	106.598000
Saudi Arabian Riyal	5.166840	5.183550	5.190900	5.240210	5.243920	5.228540	5.248600	5.260140	5.281420	5.271840	5.242880
Singapore Dollar	1.963120	1.969750	1.982230	1.976330	1.977730	NA	NA	1.955230	1.956090	1.962810	1.960130
South African Rand	22.124500	22.290900	22.393100	22.142400	22.158700	22.487800	22.614700	22.206900	22.306300	22.242100	22.011100
Sri Lanka Rupee	198.269000	198.920000	199.192000	NA	201.268000	200.642000	201.419000	201.849000	202.665000	202.294000	201.215000
Swedish Krona	11.801200	11.793800	11.855000	11.783500	11.741500	11.779500	11.849000	11.807000	11.849500	11.801600	11.845000
Swiss Franc	1.407450	1.413110	1.406940	1.398790	1.386630	1.388560	1.372050	1.365950	1.366270	1.370260	1.380340
Thai Baht	49.126300	49.282400	49.594600	49.779200	49.698300	49.554000	49.625100	49.607800	49.663500	49.826600	49.829600
Trinidad And Tobago Dollar	8.890390	8.922360	8.939990	9.033830	9.036770	9.036850	NA	NA	9.073340	9.108300	9.026000
Tunisian Dinar	2.808780	2.825430	2.822850	2.842040	2.815880	2.809880	2.831450	2.819570	2.830550	2.809400	2.812650
U.A.E. Dirham	5.060060	5.076430	5.083630	5.131920	5.135550	5.120490	5.140120	5.151430	5.172260	5.162890	5.134520
Peso Uruguayo	42.700000	42.993000	43.031900	43.486800	43.707800	NA	NA	NA	44.622900	44.741700	44.504400
Bolivar Fuerte	8.658530	8.686510	8.698830	8.781480	8.787730	8.761860	8.795540	8.814840	8.850500	8.834470	8.785960

Currency units per SDR for February 2016 Continued

Currency	February 17, 2016	February 18, 2016	February 19, 2016	February 22, 2016	February 23, 2016	February 24, 2016	February 25, 2016	February 26, 2016	February 29, 2016
Chinese Yuan	9.111700	9.094800	9.098600	9.063390	9.071120	9.053620	9.077210	9.076470	9.044290
Euro	1.253900	1.258770	1.257630	1.260880	1.263020	1.262120	1.259860	1.261590	1.268660
Japanese Yen	158.904000	159.028000	157.548000	156.986000	155.910000	155.183000	155.763000	156.692000	156.641000
U.K. Pound Sterling	0.975714	0.970930	0.976667	0.984446	0.984814	0.998293	0.995808	0.994491	0.997049
U.S. Dollar	1.396350	1.395220	1.395470	1.390240	1.389570	1.385930	1.389250	1.388500	1.381310
Algerian Dinar	148.476000	148.462000	148.534000	148.417000	148.274000	148.684000	149.287000	150.035000	150.236000
Australian Dollar	1.969460	1.950000	1.963510	1.939780	1.921680	1.930000	1.936230	1.917820	1.934610
Bahrain Dinar	0.525028	0.524604	0.524695	0.522731	0.522480	0.521110	0.522357	0.522076	0.519375
Botswana Pula	15.689300	15.554300	15.574400	15.481500	15.354400	15.572300	15.592000	15.653900	15.804500
Brazilian Real	5.615140	5.625280	5.594560	5.629360	5.505210	5.499950	5.543080	5.470700	5.466960
Brunei Dollar	1.962570	1.958330	1.964260	1.950640	1.949150	1.950700	1.949120	1.943760	1.945580
Canadian Dollar	1.910760	1.914380	1.925880	1.902540	1.916490	1.907880	1.885900	1.881000	1.867950
Chilean Peso	984.310000	984.242000	977.861000	NA	963.289000	960.772000	NA	959.951000	951.973000
Colombian Peso	4,757.170000	4,732.410000	4,658.120000	4,666.730000	4,605.370000	4,604.810000	4,642.440000	4,596.160000	4,566.630000
Czech Koruna	33.897700	34.008600	33.981000	34.067800	34.141700	34.134100	34.072700	34.141800	34.322900
Danish Krone	9.359700	9.394880	9.385090	9.408580	9.424360	9.418150	9.400790	9.411410	9.464500
Hungarian Forint	389.329000	388.137000	389.628000	386.751000	388.107000	391.193000	391.073000	391.307000	393.260000
Icelandic Krona	178.830000	178.854000	179.457000	NA	179.797000	179.478000	179.505000	178.908000	179.170000
Indian Rupee	95.778100	95.564800	NA	95.303400	95.381600	95.026300	95.300700	95.497300	94.780400
Indonesian Rupiah	18,856.300000	18,806.200000	18,907.200000	18,712.600000	18,616.100000	18,635.300000	18,638.100000	18,605.900000	18,502.700000
Iranian Rial	42,147.300000	42,116.300000	NA	41,969.900000	41,952.500000	41,845.600000	41,944.200000	NA	41,711.500000
Israeli New Sheqel	5.454140	5.444160	5.457680	5.431680	5.429060	5.442560	5.427790	5.423490	5.400940
Kazakhstani Tenge	501.610000	489.139000	496.019000	489.045000	484.529000	483.636000	486.585000	485.725000	481.774000
Korean Won	1,698.800000	1,708.870000	1,710.430000	1,715.420000	NA	1,704.840000	1,715.440000	1,716.330000	1,706.480000
Kuwaiti Dinar	0.417298	0.417103	0.417035	0.415821	0.416176	0.415088	NA	NA	0.414809
Libyan Dinar	1.932400	1.932400	1.932400	1.932400	1.932400	1.932400	1.932400	1.932400	1.932400
Malaysian Ringgit	5.873750	5.813890	5.895840	NA	5.816730	5.877750	5.851510	5.860870	5.828460
Mauritian Rupee	49.692900	49.660100	49.741100	49.514000	49.443500	49.316200	49.415700	49.554300	49.393000
Mexican Peso	25.678200	25.314800	25.503800	NA	25.283000	25.347800	25.239800	NA	25.004600
Nepalese Rupee	152.858000	152.958000	153.027000	152.287000	152.491000	151.926000	152.400000	152.707000	151.668000
New Zealand Dollar	2.124040	2.101870	2.105730	2.095000	2.074290	2.088830	2.087210	2.052480	2.099580
Norwegian Krone	12.031800	11.987900	11.992500	11.969400	11.946800	12.098400	12.020700	12.016000	12.057800
Rial Omani	0.536895	0.536463	0.536558	0.534548	0.534291	0.532893	0.534165	0.533880	0.531115
Pakistani Rupee	146.241000	146.262000	146.227000	145.791000	145.651000	145.206000	145.271000	145.325000	144.647000
Nuevo Sol	4.892800	4.886080	NA	NA	NA	NA	NA	4.890310	4.863600
Philippine Peso	66.337600	66.493800	66.367100	66.266000	66.185300	66.002200	NA	66.199700	65.695300
Polish Zloty	5.505940	5.499400	5.516420	5.476300	5.512560	5.516420	5.515990	5.490820	5.516270
Qatar Riyal	5.082700	5.078620	5.079490	5.060470	5.058040	5.044800	5.056860	5.054160	5.027980
Russian Ruble	108.706000	105.280000	106.566000	107.233000	NA	105.875000	106.129000	104.263000	104.841000
Saudi Arabian Riyal	5.236310	5.232100	5.233000	5.213410	5.210880	5.197260	5.209690	5.206870	5.179920
Singapore Dollar	1.962570	1.958330	1.964260	1.950640	1.949150	1.950700	1.949120	1.943760	1.945580
South African Rand	21.905400	21.475200	21.582800	21.280700	20.972200	21.497800	21.595000	21.767900	22.185300
Sri Lanka Rupee	200.935000	200.773000	200.850000	NA	199.986000	199.428000	199.889000	199.805000	199.398000
Swedish Krona	11.830600	11.839900	11.302700	11.764600	11.784400	11.776300	11.789900	11.797800	11.793100
Swiss Franc	1.382800	1.387550	1.386680	1.385930	1.382480	1.378030	1.376880	1.376560	1.383940
Thai Baht	49.774300	49.628000	49.788900	NA	49.666000	49.513800	49.557200	49.536100	49.333700
Trinidad And Tobago Dollar	9.055760	9.068160	9.058710	9.040450	9.038080	9.029920	9.063880	9.057310	8.991430
Tunisian Dinar	2.810650	2.806990	2.821340	2.805980	2.822480	2.823510	2.830360	2.821560	2.814080
U.A.E. Dirham	5.128100	5.123950	5.124840	5.105660	5.103190	5.089840	5.102010	5.099280	5.072870
Peso Uruguayo	44.413700	44.415600	NA	NA	NA	NA	44.544800	44.647200	44.612400
Bolivar Fuerte	8.774930	8.767850	8.769390	NA	8.732330	NA	NA	8.725620	NA

Notes:


The value of the U.S. dollar in terms of the SDR is the reciprocal of the sum of the dollar values, based on market exchange rates, of specified quantities of the SDR basket currencies. See SDR Valuation.

These rates are the official rates used by the Fund to conduct operations with member countries. The rates are derived from the currency's representative exchange rate, as reported by the central bank, normally against the U.S. dollar at spot market rates and rounded to six significant digits. See Representative Exchange Rates for Selected Currencies.

The value in terms of each national currency of the SDR (shown above) is the reciprocal of the value in terms of the SDR of each national currency, rounded to six significant digits.

Exchange rates are published daily except on IMF holidays or whenever the IMF is closed for business.
