Currency units per SDR for December 2016
Currency	December 01, 2016	December 02, 2016	December 05, 2016	December 06, 2016	December 07, 2016	December 08, 2016	December 09, 2016	December 12, 2016	December 13, 2016	December 14, 2016	December 15, 2016
Chinese Yuan	9.329920	9.322010	9.353400	9.348680	9.352000	9.364170	9.314800	9.339160	9.328450	9.348150	9.291000
Euro	1.273480	1.273370	1.268740	1.266780	1.264860	1.264670	1.278500	1.274830	1.274120	1.272000	1.285900
Japanese Yen	154.821000	154.118000	154.519000	154.578000	155.059000	154.341000	154.504000	156.018000	155.706000	155.931000	157.625000
U.K. Pound Sterling	1.072280	1.073790	1.066450	1.066150	1.077690	1.073410	1.071450	1.069180	1.063900	1.070330	1.073280
U.S. Dollar	1.353330	1.355120	1.357810	1.359770	1.357190	1.361030	1.349970	1.350810	1.351840	1.353920	1.339780
Algerian Dinar	149.870000	149.977000	149.856000	149.967000	149.736000	150.448000	149.614000	149.824000	149.686000	149.772000	149.238000
Australian Dollar	1.826840	1.828520	1.821830	1.822980	1.826640	1.815440	1.809850	1.812430	1.804140	1.807150	1.805390
Bahrain Dinar	0.508851	0.509526	0.510535	0.511271	0.510306	0.511747	0.507588	0.507903	0.508293	0.509074	0.503758
Botswana Pula	14.583300	14.618300	14.491000	14.404300	14.331500	14.433000	14.438100	14.400900	14.381300	14.388100	14.499800
Brazilian Real	4.596030	4.655650	4.704000	4.703690	4.661700	4.612400	4.590170	4.572750	4.554500	4.513160	4.434280
Brunei Dollar	1.936210	1.930510	1.935420	1.930870	NA	1.926820	1.923430	1.932730	1.925570	1.930290	1.925270
Canadian Dollar	1.804120	1.802040	1.802080	1.805900	1.798550	1.799420	1.777100	1.774960	1.773620	1.776750	1.794900
Chilean Peso	911.519000	914.378000	NA	NA	898.529000	NA	885.669000	882.815000	877.886000	880.390000	877.478000
Colombian Peso	4,175.820000	4,157.970000	4,156.310000	4,146.560000	4,092.570000	4,069.090000	4,036.000000	NA	4,033.930000	4,037.780000	3,971.860000
Czech Koruna	34.462400	34.455300	34.319900	34.253800	34.194500	34.208100	34.542900	34.460400	34.419300	34.370600	34.743200
Danish Krone	9.474810	9.473640	9.438950	9.422940	9.407780	9.407870	9.508050	9.481010	9.475620	9.458500	9.560690
Hungarian Forint	398.595000	400.059000	400.473000	396.847000	395.908000	395.095000	399.428000	400.500000	400.118000	NA	400.259000
Icelandic Krona	151.803000	151.137000	151.423000	149.533000	150.106000	149.727000	150.386000	150.953000	150.893000	151.490000	152.132000
Indian Rupee	92.531800	92.648400	92.562600	92.507800	92.114100	91.777600	91.235900	NA	91.231700	91.471200	90.836400
Indonesian Rupiah	18,380.900000	18,326.600000	18,352.100000	18,227.700000	18,099.500000	18,107.200000	18,004.500000	NA	17,991.700000	17,986.800000	17,908.900000
Iranian Rial	43,428.200000	NA	43,612.900000	43,674.200000	43,635.200000	43,757.200000	NA	43,535.000000	43,566.000000	43,631.300000	43,214.700000
Israeli New Sheqel	5.187290	5.186050	5.182740	5.179330	5.160070	5.154240	5.154160	5.162780	5.150520	5.147610	5.148770
Kazakhstani Tenge	NA	454.928000	454.159000	456.350000	456.329000	NA	451.308000	447.279000	446.433000	448.487000	448.666000
Korean Won	1,580.690000	1,589.010000	1,589.310000	1,596.090000	1,587.240000	1,591.590000	1,564.750000	1,575.310000	1,581.930000	1,577.990000	1,565.270000
Kuwaiti Dinar	0.412967	0.413515	0.414336	0.414185	0.413673	NA	NA	0.412536	0.412516	0.413148	0.409705
Libyan Dinar	1.932400	1.932400	1.932400	1.932400	1.932400	1.932400	1.932400	1.932400	1.932400	1.932400	1.932400
Malaysian Ringgit	6.046680	6.027580	6.041570	6.042810	6.020510	6.028020	5.972930	NA	5.981220	6.014780	5.981430
Mauritian Rupee	48.708000	48.696900	48.834600	NA	48.786200	48.838900	48.443300	48.507200	48.522300	48.582100	48.053600
Mexican Peso	28.079900	27.935700	27.960900	27.720600	27.546500	27.787100	27.445500	NA	27.383900	27.379800	27.595900
Nepalese Rupee	148.270000	148.155000	148.151000	148.350000	147.541000	147.795000	145.527000	145.711000	NA	146.196000	144.696000
New Zealand Dollar	1.910130	1.911040	1.916730	1.901500	1.905370	1.889540	1.881490	1.895870	1.877820	1.880710	1.890740
Norwegian Krone	11.414000	11.442500	11.398400	11.376100	11.372100	11.400300	11.481600	11.409400	11.402800	11.476400	11.572200
Rial Omani	0.520354	0.521045	0.522076	0.522829	0.521842	0.523316	0.519063	0.519383	0.519783	0.520581	0.515145
Pakistani Rupee	141.885000	142.069000	142.336000	142.533000	142.244000	142.643000	141.478000	NA	141.722000	141.945000	140.476000
Nuevo Sol	4.621610	4.620970	4.641000	4.643600	4.621240	NA	4.588550	NA	4.590860	4.591140	4.559280
Philippine Peso	67.323700	67.449500	67.511500	67.592700	67.330500	67.643400	67.024600	67.241800	67.352800	NA	66.723600
Polish Zloty	5.682210	5.711840	5.731710	5.687210	5.600860	5.594810	5.639080	5.685530	5.664920	5.655050	5.671150
Qatar Riyal	4.926110	4.932640	4.942420	4.949540	4.940200	4.954150	4.913880	4.916930	4.920700	4.928270	4.876810
Russian Ruble	86.180900	86.934600	86.796500	86.853800	86.740000	86.276100	85.456900	83.182900	82.555900	82.328900	82.579800
Saudi Arabian Riyal	5.074980	5.081690	5.091780	5.099130	5.089470	5.103860	5.062370	5.065520	5.069430	5.077200	5.024170
Singapore Dollar	1.936210	1.930510	1.935420	1.930870	NA	1.926820	1.923430	1.932730	1.925570	1.930290	1.925270
South African Rand	18.927900	19.072000	18.805200	18.524300	18.380600	18.482600	18.561800	18.517800	18.475800	18.535000	18.776300
Sri Lanka Rupee	200.225000	200.509000	201.092000	201.653000	201.272000	202.324000	200.731000	NA	NA	201.311000	199.208000
Swedish Krona	12.504700	12.486600	12.481500	12.398500	12.369200	12.338400	12.346800	12.412300	12.382400	12.410600	12.447400
Swiss Franc	1.370920	1.370970	1.371110	1.371600	1.371040	1.370560	1.374940	1.370390	1.369960	1.367460	1.381720
Thai Baht	48.315000	48.315500	NA	48.433400	48.397600	48.475900	48.127600	NA	48.104000	NA	47.850300
Trinidad And Tobago Dollar	9.109380	9.107470	9.151480	9.180040	9.154240	9.198950	9.140180	9.150220	9.164390	9.175070	9.046090
Tunisian Dinar	3.124520	3.121510	3.137290	3.141270	3.122860	3.137770	3.106350	NA	NA	3.123500	3.063540
U.A.E. Dirham	4.970080	4.976680	4.986560	4.993730	4.984300	4.998400	4.957760	4.960830	4.964650	4.972280	4.920340
Peso Uruguayo	39.265400	39.267300	39.204000	39.067400	38.726200	39.061600	39.038400	NA	38.707300	38.491900	38.451600
Bolivar Fuerte	13.499400	13.517300	NA	13.563700	13.538000	13.576300	13.465900	13.474300	13.484600	13.505400	13.364300

Currency units per SDR for December 2016 Continued

Currency	December 16, 2016	December 19, 2016	December 20, 2016	December 21, 2016	December 22, 2016	December 23, 2016	December 27, 2016	December 28, 2016	December 29, 2016	December 30, 2016
Chinese Yuan	9.314980	9.310030	9.295930	9.309600	9.309600	9.310290	9.310290	9.302410	9.319490	9.342830
Euro	1.284140	1.286140	1.290440	1.285410	1.283190	1.282490	1.282570	1.285980	1.282010	1.275340
Japanese Yen	158.449000	157.271000	156.798000	157.971000	157.537000	NA	157.248000	157.296000	156.455000	157.018000
U.K. Pound Sterling	1.078500	1.079590	1.083400	1.083150	1.086300	1.093180	NA	1.093480	1.093500	1.092780
U.S. Dollar	1.340520	1.340420	1.337410	1.339530	1.340170	1.339690	1.339650	1.337550	1.340090	1.344330
Algerian Dinar	149.109000	149.249000	149.113000	149.028000	149.010000	148.798000	148.690000	148.398000	148.405000	148.586000
Australian Dollar	1.820860	1.837950	1.843690	1.845080	1.852340	1.859390	NA	1.857190	1.859940	1.857840
Bahrain Dinar	0.504035	0.503997	0.502866	0.503664	0.503903	0.503725	0.503707	0.502917	0.503872	0.505469
Botswana Pula	14.460800	14.522400	14.521300	14.450200	14.519700	14.498800	NA	14.428800	14.317200	14.362500
Brazilian Real	4.534160	4.518000	4.516690	4.498140	4.461560	4.460640	4.379970	4.383140	4.391200	4.380510
Brunei Dollar	1.935040	1.939040	1.936700	1.934150	1.938420	1.938000	1.940610	1.938510	1.942990	1.944310
Canadian Dollar	1.787980	1.795750	1.789190	1.795100	1.804940	1.813270	NA	1.813180	1.807510	1.805030
Chilean Peso	NA	898.295000	905.576000	905.641000	900.917000	904.241000	901.169000	901.144000	901.957000	897.062000
Colombian Peso	4,022.190000	4,017.500000	4,038.230000	4,002.590000	4,005.940000	4,013.760000	4,014.390000	4,003.030000	4,046.680000	4,033.950000
Czech Koruna	34.695200	34.751700	34.863600	34.729900	34.668800	34.651100	34.651400	34.776200	34.640000	35.044100
Danish Krone	9.546360	9.561600	9.593520	9.556030	9.539530	9.534340	9.536160	9.561330	9.530160	9.481280
Hungarian Forint	400.251000	400.315000	400.835000	399.822000	398.043000	397.352000	396.107000	395.834000	395.955000	394.817000
Icelandic Krona	152.913000	152.767000	152.585000	152.532000	151.653000	152.122000	152.090000	152.066000	153.199000	151.668000
Indian Rupee	90.857100	90.781200	90.804300	90.917400	91.015800	90.981000	NA	91.254200	91.292500	91.353400
Indonesian Rupiah	17,997.800000	17,936.100000	17,911.900000	18,047.500000	18,005.100000	18,045.700000	17,999.500000	17,986.000000	18,055.000000	18,062.400000
Iranian Rial	NA	43,279.400000	43,226.400000	43,293.600000	43,312.900000	NA	43,336.200000	43,267.000000	43,386.600000	NA
Israeli New Sheqel	5.161000	5.183390	5.157060	5.130390	5.115400	5.116290	5.157640	5.156230	5.151290	5.168950
Kazakhstani Tenge	NA	NA	447.752000	445.929000	445.056000	440.637000	446.558000	444.881000	446.624000	448.053000
Korean Won	1,581.940000	1,586.250000	1,586.700000	1,595.650000	1,600.430000	1,604.950000	1,606.770000	1,612.150000	1,618.290000	1,624.620000
Kuwaiti Dinar	NA	0.410235	0.409448	0.410097	0.410292	0.410147	0.410134	0.409490	0.410134	0.411433
Libyan Dinar	1.932400	1.932400	1.932400	1.932400	1.932400	1.932400	1.932400	1.932400	1.932400	1.932400
Malaysian Ringgit	5.999480	6.004380	5.990930	6.000420	5.996570	6.001140	5.999630	5.994230	6.009620	6.030670
Mauritian Rupee	48.149100	48.250000	48.142000	48.174700	48.163500	48.214600	48.153300	48.112300	48.272300	48.409500
Mexican Peso	27.384100	27.357600	27.323300	27.449800	27.765400	27.634000	27.737600	27.729300	27.691500	NA
Nepalese Rupee	145.352000	145.328000	145.015000	145.660000	145.515000	145.625000	145.325000	145.445000	NA	146.505000
New Zealand Dollar	1.907940	1.922570	1.930440	1.934900	1.939740	1.939900	NA	1.938470	1.936540	1.929300
Norwegian Krone	11.637300	11.637600	11.658200	11.602200	11.673800	11.661500	11.681500	11.673700	11.635300	11.588100
Rial Omani	0.515429	0.515390	0.514234	0.515050	0.515294	0.515111	0.515095	0.514287	0.515265	0.516895
Pakistani Rupee	140.548000	140.538000	140.226000	140.446000	140.520000	140.466000	140.478000	140.260000	140.532000	140.903000
Nuevo Sol	4.555080	4.561440	4.548540	4.546360	4.547190	NA	4.526670	4.495490	4.491980	NA
Philippine Peso	NA	66.889600	66.777100	66.955000	66.986900	66.951000	66.859200	66.625800	66.753900	NA
Polish Zloty	5.669830	5.663930	5.683050	5.690840	5.658440	5.653360	5.642610	5.652460	5.649940	5.618360
Qatar Riyal	4.879480	4.879120	4.868170	4.875880	4.878220	4.876480	4.876310	4.868670	4.877930	4.893370
Russian Ruble	82.778700	82.828800	82.647400	81.857800	81.568100	81.524200	81.529500	81.145100	80.770900	81.542800
Saudi Arabian Riyal	5.026940	5.026570	5.015300	5.023230	5.025630	5.023840	5.023690	5.015800	5.025330	5.041240
Singapore Dollar	1.935040	1.939040	1.936700	1.934150	1.938420	1.938000	1.940610	1.938510	1.942990	1.944310
South African Rand	NA	18.956600	18.849000	18.657300	18.833600	18.749200	NA	18.568900	18.314200	18.396500
Sri Lanka Rupee	199.864000	199.847000	199.381000	199.647000	200.080000	200.009000	200.174000	199.963000	200.742000	201.381000
Swedish Krona	12.581600	12.518300	12.538700	12.491900	12.347000	12.361600	12.349000	12.333000	12.276700	12.229500
Swiss Franc	1.379120	1.376470	1.377400	1.375030	1.374070	1.373720	1.377960	1.377670	1.372250	1.368260
Thai Baht	47.960900	48.046000	48.029100	48.252500	48.268800	48.240900	48.239300	48.190400	48.215100	48.154000
Trinidad And Tobago Dollar	9.033590	9.041750	9.028690	9.045030	9.057640	9.071860	9.041180	NA	9.064460	9.080260
Tunisian Dinar	3.115900	3.104230	3.106990	3.116160	3.130950	3.113490	3.133390	3.133500	3.146560	3.154220
U.A.E. Dirham	4.923050	4.922690	4.911640	4.919420	4.921770	4.920020	4.919860	4.912150	4.921480	4.937050
Peso Uruguayo	38.456800	38.504800	38.334200	38.203400	38.197400	NA	38.713200	38.829100	39.243100	NA
Bolivar Fuerte	13.371600	13.370600	13.340700	13.361800	13.368200	13.363400	13.363000	13.342000	13.367400	13.409700

Notes:


The value of the U.S. dollar in terms of the SDR is the reciprocal of the sum of the dollar values, based on market exchange rates, of specified quantities of the SDR basket currencies. See SDR Valuation.

These rates are the official rates used by the Fund to conduct operations with member countries. The rates are derived from the currency's representative exchange rate, as reported by the central bank, normally against the U.S. dollar at spot market rates and rounded to six significant digits. See Representative Exchange Rates for Selected Currencies.

The value in terms of each national currency of the SDR (shown above) is the reciprocal of the value in terms of the SDR of each national currency, rounded to six significant digits.

Exchange rates are published daily except on IMF holidays or whenever the IMF is closed for business.
