Currency units per SDR for January 2016
Currency	January 04, 2016	January 05, 2016	January 06, 2016	January 07, 2016	January 08, 2016	January 11, 2016	January 12, 2016	January 13, 2016	January 14, 2016	January 15, 2016	January 19, 2016
Chinese Yuan	9.036770	8.994180	9.039710	9.127840	9.121090	9.123670	9.089830	9.075970	9.124340	9.113440	9.084470
Euro	1.273250	1.283790	1.284330	1.273760	1.274590	1.272570	1.275510	1.275870	1.271400	1.267680	1.270450
Japanese Yen	165.831000	164.885000	163.486000	163.350000	163.767000	NA	162.803000	163.154000	162.563000	163.452000	162.346000
U.K. Pound Sterling	0.939461	0.940460	0.940893	0.950381	0.948047	0.951104	0.957698	0.958846	0.962825	0.964013	0.965409
U.S. Dollar	1.387590	1.379560	1.379630	1.384330	1.384340	1.385570	1.382150	1.379980	1.384930	1.383550	1.380730
Algerian Dinar	149.021000	148.752000	148.753000	148.704000	148.881000	148.674000	148.620000	148.438000	148.664000	148.392000	148.344000
Australian Dollar	1.921070	1.913400	1.936860	1.966090	1.960540	1.986200	1.980150	1.962150	1.998460	1.991290	2.008330
Bahrain Dinar	0.521733	0.518715	0.518739	0.520508	0.520511	0.520974	0.519688	0.518871	0.520736	0.520213	0.519154
Botswana Pula	15.590900	15.570700	15.695400	15.839000	15.784900	16.092600	16.090200	16.009000	16.085200	16.106500	16.092400
Brazilian Real	5.418260	5.571620	5.534250	5.579240	5.603090	5.576930	5.549730	5.561180	5.520740	5.565050	5.573170
Brunei Dollar	1.974950	1.965460	1.974800	1.987890	1.984720	1.992310	1.988770	1.980130	1.992640	1.991480	1.985770
Canadian Dollar	1.938320	1.930420	1.943070	1.946500	1.958980	1.968210	1.975230	1.972540	1.990560	2.010020	2.003990
Chilean Peso	985.406000	989.061000	986.544000	NA	998.532000	1,002.200000	1,008.660000	1,007.770000	1,006.250000	1,004.430000	1,008.210000
Colombian Peso	4,370.170000	4,432.860000	4,420.140000	4,500.020000	4,550.710000	4,528.550000	4,517.360000	4,480.110000	4,480.870000	4,483.680000	4,548.040000
Czech Koruna	34.403900	34.689100	34.761100	34.432300	34.432500	34.382900	34.466600	34.476000	34.351900	34.251000	34.331800
Danish Krone	9.500920	9.577720	9.581480	9.501730	9.508140	9.493790	9.516920	9.519730	9.487580	9.460830	9.481190
Hungarian Forint	400.763000	403.812000	404.755000	402.909000	401.360000	402.426000	404.789000	402.402000	401.492000	399.789000	400.053000
Icelandic Krona	179.845000	180.943000	181.642000	180.710000	180.268000	179.542000	180.135000	180.432000	179.529000	179.404000	179.674000
Indian Rupee	92.222000	91.798700	92.043700	92.627800	92.292600	92.540300	92.452200	92.236500	92.922100	93.295800	93.286200
Indonesian Rupiah	19,284.700000	19,218.700000	19,125.800000	19,305.800000	19,206.300000	19,307.900000	19,122.000000	19,127.800000	19,218.700000	19,211.900000	19,221.100000
Iranian Rial	41,823.300000	41,592.300000	41,608.200000	41,748.600000	NA	41,795.700000	41,702.100000	41,647.800000	41,795.900000	NA	41,674.500000
Israeli New Sheqel	5.429620	5.418910	5.437120	5.450100	5.429350	5.443900	5.448430	5.441260	5.462180	5.455330	5.458010
Kazakhstani Tenge	471.794000	473.382000	475.986000	477.607000	487.121000	494.482000	504.582000	503.540000	505.819000	499.321000	521.502000
Korean Won	1,626.250000	1,633.810000	1,638.580000	1,652.750000	1,660.790000	1,657.420000	1,670.460000	1,667.700000	1,670.780000	1,677.830000	NA
Kuwaiti Dinar	0.421273	0.419041	0.419338	0.420421	0.420422	0.420382	0.419482	0.419168	0.420396	0.419976	0.419259
Libyan Dinar	1.932400	1.932400	1.932400	1.932400	1.932400	1.932400	1.932400	1.932400	1.932400	1.932400	1.932400
Malaysian Ringgit	5.999230	5.990750	6.028270	6.110420	6.050230	6.094440	6.086980	6.064320	6.084020	6.056460	6.060020
Mauritian Rupee	49.884800	NA	49.636900	49.930300	50.021300	50.116800	49.926100	49.859400	50.020800	49.970300	49.814200
Mexican Peso	24.078700	23.929300	24.062200	24.442800	24.818800	24.843900	24.756900	24.632600	24.807100	25.195500	25.122000
Nepalese Rupee	146.834000	146.868000	147.096000	148.026000	148.082000	147.730000	147.558000	147.699000	148.049000	148.773000	149.478000
New Zealand Dollar	NA	2.043790	2.061300	2.083570	2.087990	2.121850	2.107250	2.104590	2.139550	2.136420	2.140670
Norwegian Krone	12.283600	12.309000	12.358400	12.352300	12.339300	12.314700	12.294500	12.195700	12.214400	12.180500	12.222900
Rial Omani	0.533527	0.530442	0.530467	0.532274	0.532277	0.532751	0.531434	0.530600	0.532507	0.531974	0.530890
Pakistani Rupee	145.502000	144.726000	144.741000	145.239000	145.262000	145.406000	145.053000	144.826000	145.352000	145.178000	144.913000
Nuevo Sol	NA	4.711200	4.711430	NA	4.741360	4.744190	4.731090	4.719520	4.739250	4.742800	4.735900
Philippine Peso	65.380400	65.011900	64.904700	64.994200	65.160600	65.148300	65.335600	65.307400	65.724600	65.966100	65.930000
Polish Zloty	5.450570	5.528310	NA	5.549080	5.532230	5.554070	5.552070	5.529290	5.538360	5.591060	5.649530
Qatar Riyal	5.050810	5.021590	5.021850	5.038950	5.038980	5.043470	5.031020	5.023110	5.041160	5.036110	5.025860
Russian Ruble	101.197000	NA	NA	NA	NA	105.235000	105.878000	105.468000	105.979000	105.931000	108.368000
Saudi Arabian Riyal	5.203460	5.173360	5.173600	5.191220	5.191270	5.195880	5.183040	5.174910	5.193480	5.188310	5.177730
Singapore Dollar	1.974950	1.965460	1.974800	1.987890	1.984720	1.992310	1.988770	1.980130	1.992640	1.991480	1.985770
South African Rand	21.566200	NA	21.817900	22.287200	22.123600	22.980700	22.988500	22.733300	22.948300	23.050000	22.981900
Sri Lanka Rupee	200.136000	198.910000	198.986000	199.358000	199.264000	199.269000	198.752000	198.365000	199.160000	NA	198.729000
Swedish Krona	11.668100	11.742400	NA	11.885000	11.763100	11.797600	11.776900	11.785800	11.801700	11.818800	11.822900
Swiss Franc	1.385650	1.393360	1.391630	1.384740	1.383230	1.380310	1.382150	1.390330	1.387560	1.389360	1.389430
Thai Baht	50.177900	49.838000	49.966000	50.251000	50.161500	50.296200	50.187200	50.047500	50.286900	50.239400	50.099700
Trinidad And Tobago Dollar	NA	8.858420	8.862970	8.898300	8.870440	8.910990	8.857630	8.825660	8.889360	8.888020	8.857630
Tunisian Dinar	2.819780	2.807840	2.833710	2.849380	2.832550	2.828030	2.820550	2.823540	NA	NA	2.817040
U.A.E. Dirham	5.095900	5.066450	5.066680	5.083940	5.083960	5.088510	5.075940	5.067960	5.086160	5.081070	5.070740
Peso Uruguayo	NA	41.647600	NA	NA	42.187700	42.397100	42.401400	42.355700	42.488300	42.571700	42.569300
Bolivar Fuerte	8.719920	8.669420	8.669870	8.699360	8.699430	8.707240	8.685680	8.672050	8.703220	8.694520	8.676790

Currency units per SDR for January 2016 Continued

Currency	January 20, 2016	January 21, 2016	January 22, 2016	January 25, 2016	January 26, 2016	January 27, 2016	January 28, 2016	January 29, 2016
Chinese Yuan	9.095620	9.090170	9.074570	9.064700	9.067250	9.087110	9.090410	9.078530
Euro	1.267490	1.268350	1.276090	1.273960	1.271620	1.268480	1.267910	1.264190
Japanese Yen	161.747000	161.994000	162.470000	163.406000	162.804000	163.346000	163.815000	167.040000
U.K. Pound Sterling	0.976515	0.978550	0.965018	0.967886	0.968082	0.965279	0.966249	0.965111
U.S. Dollar	1.382460	1.381610	1.379200	1.377790	1.378060	1.381120	1.382410	1.380500
Algerian Dinar	148.372000	148.882000	148.421000	148.216000	148.239000	148.216000	148.328000	148.162000
Australian Dollar	2.013190	2.000890	1.968600	1.961270	NA	1.967130	1.961970	1.944360
Bahrain Dinar	0.519805	0.519486	0.518581	0.518049	0.518151	0.519302	0.519786	0.519068
Botswana Pula	16.169100	16.102700	15.981500	15.983600	15.986800	15.948300	15.944700	15.795200
Brazilian Real	5.571710	5.645410	5.731710	5.680880	5.650320	5.658060	5.591560	5.637680
Brunei Dollar	1.988800	1.988000	1.975980	1.966790	1.971180	1.972380	1.978220	1.970940
Canadian Dollar	2.016870	1.967830	1.951710	1.963620	1.937830	1.939510	1.945460	1.943740
Chilean Peso	1,003.930000	1,007.500000	1,002.170000	985.989000	988.699000	994.599000	990.089000	982.531000
Colombian Peso	4,558.590000	4,639.020000	4,645.830000	4,521.550000	4,633.560000	4,662.400000	4,654.060000	4,559.670000
Czech Koruna	34.269700	34.324900	34.482900	34.417100	34.352200	34.279400	34.256100	34.181100
Danish Krone	9.460290	9.465750	9.522270	9.506700	9.489200	9.466110	9.461900	9.434500
Hungarian Forint	399.045000	399.052000	398.286000	397.947000	397.543000	398.757000	396.972000	395.568000
Icelandic Krona	179.167000	179.693000	179.752000	180.242000	180.361000	179.960000	179.934000	179.078000
Indian Rupee	93.976100	94.032700	93.438700	93.197500	NA	93.888800	94.122100	93.703100
Indonesian Rupiah	19,210.600000	19,203.100000	19,135.100000	19,074.100000	19,160.500000	19,157.600000	19,200.200000	19,114.400000
Iranian Rial	41,723.900000	41,704.000000	NA	41,591.300000	41,596.600000	41,687.900000	41,725.300000	NA
Israeli New Sheqel	5.506340	5.487780	5.476810	5.486370	5.479150	5.485820	5.475700	5.454350
Kazakhstani Tenge	517.869000	530.417000	525.696000	513.640000	524.076000	518.597000	513.634000	503.591000
Korean Won	1,672.640000	1,673.970000	1,668.700000	1,657.750000	1,645.960000	1,659.280000	1,660.270000	1,668.190000
Kuwaiti Dinar	0.419229	0.418836	0.418106	0.417608	0.417552	0.418342	0.418731	0.418153
Libyan Dinar	1.932400	1.932400	1.932400	1.932400	1.932400	1.932400	1.932400	1.932400
Malaysian Ringgit	6.054480	6.045950	5.981610	NA	5.913940	5.885680	5.854490	5.725610
Mauritian Rupee	49.799100	NA	49.749500	49.789400	49.814200	49.892000	49.886800	49.710200
Mexican Peso	25.724700	25.571500	25.416000	25.537600	25.454800	25.485900	25.285000	25.116000
Nepalese Rupee	149.609000	150.513000	149.933000	149.090000	149.409000	149.907000	150.309000	150.336000
New Zealand Dollar	2.170600	2.139050	2.113070	NA	2.137520	2.124810	2.147930	2.129740
Norwegian Krone	12.250400	12.307100	12.082700	12.049700	12.062400	11.988200	11.977300	11.990200
Rial Omani	0.531556	0.531231	0.530304	0.529759	0.529863	0.531042	0.531536	0.530800
Pakistani Rupee	145.100000	144.967000	144.735000	144.591000	144.628000	144.949000	145.079000	144.874000
Nuevo Sol	4.757030	4.759660	NA	4.758890	4.774980	4.782840	4.787280	4.787550
Philippine Peso	65.905700	66.016200	66.019700	65.937000	65.889200	66.276100	66.200600	66.019700
Polish Zloty	5.651060	5.706490	5.659020	5.696610	5.715490	5.682500	5.650160	5.621800
Qatar Riyal	5.032130	5.029070	5.020310	5.015150	5.016130	5.027300	5.031950	5.025000
Russian Ruble	109.852000	115.491000	111.124000	107.187000	112.780000	109.105000	106.953000	103.775000
Saudi Arabian Riyal	5.184220	5.181050	5.172020	5.166700	5.167720	5.179230	5.184030	5.176870
Singapore Dollar	1.988800	1.988000	1.975980	1.966790	1.971180	1.972380	1.978220	1.970940
South African Rand	23.185000	23.008700	22.682300	22.672200	22.704000	22.624400	22.544500	22.192600
Sri Lanka Rupee	198.959000	198.795000	198.467000	198.264000	198.315000	198.730000	198.925000	198.682000
Swedish Krona	11.795300	11.850900	11.830300	11.809400	11.807600	11.788400	11.768700	11.757100
Swiss Franc	1.386190	1.389210	1.396030	1.397770	1.400380	1.402670	1.401620	1.407830
Thai Baht	50.179100	50.107000	49.840300	49.566000	49.572900	49.488500	49.569000	49.355400
Trinidad And Tobago Dollar	8.888890	8.903850	8.889760	8.892370	8.878000	8.912810	8.939910	8.897830
Tunisian Dinar	2.823930	2.814930	2.820990	2.824740	2.827920	2.825920	2.822460	2.819670
U.A.E. Dirham	5.077070	5.073980	5.065140	5.059930	5.060930	5.072180	5.076890	5.069860
Peso Uruguayo	42.774500	42.837000	NA	42.714200	42.739100	42.756800	42.842100	42.806400
Bolivar Fuerte	8.687640	8.682360	8.667160	8.658310	8.660030	8.679270	8.687340	8.675280

Notes:


The value of the U.S. dollar in terms of the SDR is the reciprocal of the sum of the dollar values, based on market exchange rates, of specified quantities of the SDR basket currencies. See SDR Valuation.

These rates are the official rates used by the Fund to conduct operations with member countries. The rates are derived from the currency's representative exchange rate, as reported by the central bank, normally against the U.S. dollar at spot market rates and rounded to six significant digits. See Representative Exchange Rates for Selected Currencies.

The value in terms of each national currency of the SDR (shown above) is the reciprocal of the value in terms of the SDR of each national currency, rounded to six significant digits.

Exchange rates are published daily except on IMF holidays or whenever the IMF is closed for business.
