Currency units per SDR for October 2016
Currency	October 03, 2016	October 04, 2016	October 05, 2016	October 06, 2016	October 07, 2016	October 11, 2016	October 12, 2016	October 13, 2016	October 14, 2016	October 17, 2016	October 18, 2016
Chinese Yuan	NA	NA	NA	NA	NA	9.281350	9.268010	9.278930	9.271190	9.280050	9.295150
Euro	1.243930	1.247860	1.242770	1.243690	1.244260	1.247660	1.252370	1.249830	1.253080	1.252570	1.254720
Japanese Yen	141.739000	142.060000	143.297000	143.919000	143.878000	143.689000	143.021000	144.164000	143.130000	143.491000	143.200000
U.K. Pound Sterling	1.084740	1.091060	1.094900	1.094810	1.119820	1.127750	1.126170	1.130320	1.126800	1.132270	1.123130
U.S. Dollar	1.397680	1.392740	1.393270	1.391060	1.386110	1.382290	1.380120	1.379560	1.378640	1.377070	1.379310
Algerian Dinar	153.098000	153.121000	152.913000	152.841000	152.486000	152.449000	152.472000	152.411000	152.343000	151.968000	152.342000
Australian Dollar	NA	1.815360	1.825320	1.831310	1.830330	1.830360	1.821450	1.830380	1.818300	1.812180	1.798090
Bahrain Dinar	0.525527	0.523670	0.523867	0.523040	0.521178	0.519740	0.518923	0.518715	0.518368	0.517781	0.518621
Botswana Pula	14.589600	14.599000	14.650500	14.689200	14.606000	14.847300	14.920200	14.849900	14.792300	14.791300	14.720500
Brazilian Real	4.536320	4.503020	4.485890	4.500510	4.477680	4.439770	4.434310	4.432530	4.422820	4.387080	4.407870
Brunei Dollar	1.908250	1.905830	1.908630	1.906450	1.871520	1.905900	1.902760	1.910270	1.915210	1.917160	1.914480
Canadian Dollar	1.836140	1.834240	1.836040	1.837600	1.844080	1.830010	1.832380	1.823640	1.815390	1.809200	1.807450
Chilean Peso	919.701000	917.246000	922.748000	924.864000	924.496000	923.267000	921.184000	920.429000	924.898000	923.148000	924.984000
Colombian Peso	4,025.440000	4,090.800000	4,128.320000	4,124.410000	4,054.100000	4,027.920000	4,029.270000	4,027.180000	4,040.490000	4,015.100000	4,021.620000
Czech Koruna	33.612900	33.714100	33.556800	33.602600	33.611800	33.709900	33.841900	33.768800	33.860800	33.854000	33.900700
Danish Krone	9.262690	9.286340	9.248380	9.254630	9.257970	9.284100	9.317580	9.298090	9.322620	9.319060	9.336020
Hungarian Forint	383.692000	383.756000	380.166000	379.273000	379.018000	378.525000	382.072000	384.373000	382.117000	384.203000	384.001000
Icelandic Krona	159.098000	158.898000	158.554000	158.386000	158.571000	158.272000	158.341000	157.932000	157.537000	157.551000	157.614000
Indian Rupee	92.992100	92.695600	92.749800	92.689600	92.574600	NA	NA	92.219400	92.159100	91.958300	92.037000
Indonesian Rupiah	18,183.800000	18,088.900000	18,105.500000	18,072.700000	18,022.200000	17,958.700000	17,973.200000	17,972.900000	17,987.100000	17,976.300000	17,991.800000
Iranian Rial	44,013.100000	43,897.800000	43,911.600000	43,881.200000	NA	NA	NA	43,606.400000	NA	43,569.200000	43,637.300000
Israeli New Sheqel	NA	NA	5.263770	5.255440	5.258900	NA	NA	5.261630	5.259500	NA	5.264850
Kazakhstani Tenge	468.349000	464.604000	463.609000	462.794000	459.371000	456.667000	455.949000	457.130000	456.344000	456.830000	458.098000
Korean Won	NA	1,534.800000	1,539.700000	1,549.370000	1,540.380000	1,535.720000	1,541.870000	1,549.660000	1,558.550000	1,560.090000	1,572.830000
Kuwaiti Dinar	0.421331	0.420191	0.420348	0.419962	0.418466	0.417934	0.417554	0.417662	0.417383	0.417115	0.417517
Libyan Dinar	1.932400	1.932400	1.932400	1.932400	1.932400	1.932400	1.932400	1.932400	1.932400	1.932400	1.932400
Malaysian Ringgit	NA	5.745050	5.770210	5.749970	5.757220	5.743400	5.773040	5.805180	5.807500	5.810580	5.807610
Mauritian Rupee	49.516500	49.354400	49.345200	49.286300	49.092800	49.009800	48.980000	49.003500	49.052500	49.023200	49.151600
Mexican Peso	27.004800	26.759900	26.827900	26.768700	26.751100	26.198600	26.170000	26.266600	26.200500	25.988500	25.755300
Nepalese Rupee	148.965000	148.146000	148.299000	148.065000	147.829000	147.269000	146.927000	146.868000	147.597000	146.975000	147.517000
New Zealand Dollar	1.923860	1.908390	1.938860	1.942280	1.941060	1.944140	1.952900	1.959040	1.943110	1.942550	1.919180
Norwegian Krone	11.148800	11.127900	11.169000	11.185400	11.199600	11.278200	11.307700	11.344400	11.308800	11.312500	11.238000
Rial Omani	0.537409	0.535510	0.535710	0.534865	0.532958	0.531488	0.530653	0.530442	0.530088	0.529484	0.530346
Pakistani Rupee	146.153000	145.633000	145.699000	145.450000	144.996000	NA	NA	144.462000	144.393000	144.308000	144.537000
Nuevo Sol	4.735340	4.726970	4.738510	4.739360	NA	4.695630	4.697920	NA	4.685990	4.677920	4.668970
Philippine Peso	67.762600	67.270800	67.223700	67.266200	66.861900	66.737000	66.931300	67.020500	66.826600	66.569000	66.925400
Polish Zloty	5.346420	5.358170	5.337180	5.342390	5.337200	5.320000	5.361870	5.402890	5.371870	5.407070	5.399740
Qatar Riyal	5.087560	5.069580	5.071480	5.063470	5.045430	5.031520	5.023610	5.021590	5.018240	5.012560	5.020690
Russian Ruble	87.421800	86.952000	87.020800	NA	86.358800	85.970500	86.380400	87.390400	86.845500	86.963300	86.745300
Saudi Arabian Riyal	5.241310	5.222780	5.224740	5.216480	5.197910	5.183580	5.175420	5.173360	5.169910	5.164040	5.172420
Singapore Dollar	1.908250	1.905830	1.908630	1.906450	1.903820	1.905900	1.902760	1.910270	1.915210	1.917160	1.914480
South African Rand	18.984000	19.005400	19.129800	NA	19.163000	19.724900	19.903700	19.895700	19.506300	19.560800	19.361000
Sri Lanka Rupee	205.285000	204.351000	204.350000	204.143000	203.400000	202.989000	202.739000	202.657000	202.522000	202.289000	202.590000
Swedish Krona	11.975200	11.971300	11.940300	11.968700	12.009100	12.044400	12.178300	12.229200	12.151100	12.156800	12.140600
Swiss Franc	1.356870	1.364330	1.361640	1.361020	1.360610	1.365010	1.365210	1.364800	1.363750	1.361920	1.363860
Thai Baht	48.406000	48.308700	48.464900	48.449400	48.362700	48.637200	48.961000	49.293100	48.581900	48.705600	48.498000
Trinidad And Tobago Dollar	9.382890	9.349460	9.364700	9.362590	9.347190	9.296700	9.286340	9.268180	9.239330	9.234120	9.224840
Tunisian Dinar	3.084380	3.068290	3.081060	3.065170	NA	3.059690	3.066630	3.085520	3.088290	3.084810	3.095870
U.A.E. Dirham	5.133000	5.114850	5.116760	5.108690	5.090480	5.076450	5.068480	5.066420	5.063060	5.057300	5.065520
Peso Uruguayo	39.423000	39.439600	39.253900	38.994300	NA	38.708200	38.679200	NA	38.694300	38.566300	38.648400
Bolivar Fuerte	13.941900	13.892600	13.897800	13.875900	13.826400	13.788300	NA	NA	13.751900	13.736300	13.758600

Currency units per SDR for October 2016 Continued

Currency	October 19, 2016	October 20, 2016	October 21, 2016	October 24, 2016	October 25, 2016	October 26, 2016	October 27, 2016	October 28, 2016	October 31, 2016
Chinese Yuan	9.294280	9.286520	9.281260	9.297570	9.299640	9.299900	9.311070	9.299640	9.300850
Euro	1.256100	1.254930	1.261740	1.261230	1.262140	1.257720	1.257240	1.255910	1.255110
Japanese Yen	143.148000	142.793000	143.012000	142.773000	143.340000	143.383000	143.643000	144.372000	143.979000
U.K. Pound Sterling	1.121010	1.123910	1.125020	1.122230	1.121720	1.124990	1.120540	1.130370	1.128790
U.S. Dollar	1.379070	1.377910	1.373530	1.373610	1.372200	1.374060	1.373780	1.371710	1.373850
Algerian Dinar	152.380000	152.459000	151.722000	151.419000	151.364000	151.170000	151.312000	151.117000	151.127000
Australian Dollar	1.798940	1.796490	1.800170	1.803820	1.798660	1.788440	1.800270	1.805590	1.804610
Bahrain Dinar	0.518530	0.518094	0.516449	0.516478	0.515948	0.516646	0.516542	0.515762	0.516566
Botswana Pula	14.655400	14.658600	14.705900	14.628400	14.770700	14.617600	14.599200	14.577100	14.431200
Brazilian Real	4.394830	4.380930	4.340220	4.338830	4.295680	4.285280	4.288000	4.310330	4.370080
Brunei Dollar	1.912080	1.912260	1.914840	1.913440	1.910520	1.908840	1.913130	1.912990	1.912540
Canadian Dollar	1.807550	1.818570	1.830090	1.838990	1.829690	1.835740	1.838950	1.836030	1.841370
Chilean Peso	921.871000	919.633000	915.793000	916.322000	906.175000	898.610000	897.932000	893.871000	NA
Colombian Peso	4,007.490000	4,015.440000	4,029.980000	4,044.240000	4,020.310000	4,041.580000	4,073.520000	4,069.330000	4,077.120000
Czech Koruna	33.940300	33.900700	34.091100	34.077800	34.093700	33.988700	33.972400	NA	33.916200
Danish Krone	9.346490	9.336980	9.385180	9.382890	9.388700	9.355590	9.350780	9.341780	9.337240
Hungarian Forint	384.264000	385.622000	388.600000	388.608000	387.989000	388.899000	389.894000	388.893000	NA
Icelandic Krona	157.118000	157.274000	157.572000	157.320000	157.282000	156.546000	156.240000	155.950000	155.053000
Indian Rupee	92.003900	91.963300	91.881400	91.842500	91.770100	91.734700	91.886400	91.707800	NA
Indonesian Rupiah	17,937.600000	17,911.500000	17,883.400000	17,921.500000	17,868.800000	17,858.600000	17,896.300000	17,898.100000	17,930.100000
Iranian Rial	43,669.600000	43,661.800000	NA	43,619.000000	43,571.500000	43,629.100000	43,619.000000	NA	43,658.200000
Israeli New Sheqel	5.266680	5.284300	5.285360	NA	5.282980	5.277770	5.276710	5.289300	5.287960
Kazakhstani Tenge	458.100000	455.481000	455.189000	453.622000	452.991000	455.061000	456.921000	457.465000	460.405000
Korean Won	1,561.520000	1,547.120000	1,543.850000	1,558.360000	1,556.760000	1,561.620000	1,555.670000	1,564.020000	1,573.330000
Kuwaiti Dinar	0.417582	0.417232	0.415906	0.416478	0.416051	0.416615	0.416531	0.415902	0.416276
Libyan Dinar	1.932400	1.932400	1.932400	1.932400	1.932400	1.932400	1.932400	1.932400	1.932400
Malaysian Ringgit	5.778310	5.757580	5.758540	5.744850	5.728950	5.716770	5.745870	5.757050	5.775670
Mauritian Rupee	49.123600	49.143200	48.986000	49.092800	49.088700	49.041700	49.348100	49.211600	49.310600
Mexican Peso	25.636100	25.621500	25.613800	25.502100	25.405900	25.624100	25.888000	25.692700	25.950200
Nepalese Rupee	147.202000	147.023000	146.776000	147.004000	146.743000	146.956000	146.844000	146.759000	146.933000
New Zealand Dollar	1.910340	1.901090	1.912200	NA	1.924550	1.919080	1.921110	1.925210	1.923080
Norwegian Krone	11.252800	11.247300	11.297400	11.332800	11.342600	11.372900	11.297300	11.359100	11.339300
Rial Omani	0.530254	0.529807	0.528123	0.528153	0.527613	0.528326	0.528220	0.527421	0.528245
Pakistani Rupee	144.356000	144.370000	143.972000	144.006000	143.866000	143.983000	144.013000	143.814000	144.035000
Nuevo Sol	4.659880	4.660090	4.623320	4.602970	4.607850	NA	4.631020	4.607570	4.616120
Philippine Peso	66.701400	66.391800	65.985700	66.323600	66.269100	66.390500	66.356600	66.548200	NA
Polish Zloty	5.417680	5.423320	5.466660	5.451850	5.426080	5.429850	5.462180	5.445140	5.425050
Qatar Riyal	5.019830	5.015600	4.999650	4.999950	4.994810	5.001580	5.000580	4.993010	5.000800
Russian Ruble	86.308100	86.008200	85.777300	85.486200	85.142600	85.548300	86.603300	86.285700	86.850800
Saudi Arabian Riyal	5.171510	5.167160	5.150740	5.151030	5.145750	5.152730	5.151690	5.143900	5.151930
Singapore Dollar	1.912080	1.912260	1.914840	1.913440	1.910520	1.908840	1.913130	1.912990	1.912540
South African Rand	19.177200	19.180200	19.277000	19.107900	18.957400	19.000100	19.020100	NA	NA
Sri Lanka Rupee	202.585000	202.415000	201.772000	201.783000	201.576000	201.849000	201.809000	201.595000	202.112000
Swedish Krona	12.169300	12.170700	12.225300	12.238300	12.239600	12.254400	12.224900	12.396100	12.361300
Swiss Franc	1.364040	1.362340	1.365980	1.364680	1.364790	1.362650	1.362250	1.364030	1.358740
Thai Baht	48.148900	48.133200	48.241100	NA	48.051700	48.065800	48.202100	48.181200	48.088900
Trinidad And Tobago Dollar	9.224160	9.244540	9.232330	9.235230	9.209290	9.247020	9.262430	9.243000	9.247360
Tunisian Dinar	3.093190	3.098230	3.087720	3.105840	3.104970	3.111050	3.101520	3.095210	3.101420
U.A.E. Dirham	5.064620	5.060370	5.044290	5.044570	5.039410	5.046220	5.045230	5.037610	5.045460
Peso Uruguayo	38.674700	38.602100	38.489100	38.487100	38.439500	NA	38.684400	38.879600	38.851100
Bolivar Fuerte	13.756200	13.744600	13.701000	13.701700	13.687700	13.706200	13.703500	13.682800	13.704100

Notes:


The value of the U.S. dollar in terms of the SDR is the reciprocal of the sum of the dollar values, based on market exchange rates, of specified quantities of the SDR basket currencies. See SDR Valuation.

These rates are the official rates used by the Fund to conduct operations with member countries. The rates are derived from the currency's representative exchange rate, as reported by the central bank, normally against the U.S. dollar at spot market rates and rounded to six significant digits. See Representative Exchange Rates for Selected Currencies.

The value in terms of each national currency of the SDR (shown above) is the reciprocal of the value in terms of the SDR of each national currency, rounded to six significant digits.

Exchange rates are published daily except on IMF holidays or whenever the IMF is closed for business.
