Currency units per SDR for April 2016
Currency	April 01, 2016	April 04, 2016	April 05, 2016	April 06, 2016	April 07, 2016	April 08, 2016	April 11, 2016	April 12, 2016	April 13, 2016	April 14, 2016	April 15, 2016
Chinese Yuan	9.109210	NA	9.112530	9.106890	9.117180	9.123170	9.134920	9.136430	9.098770	9.107720	9.113530
Euro	1.232620	1.236380	1.238540	1.240250	1.239900	1.239400	1.239390	1.240150	1.245380	1.247790	1.245640
Japanese Yen	158.105000	156.880000	156.060000	155.216000	153.963000	153.142000	152.601000	152.747000	152.874000	153.599000	154.235000
U.K. Pound Sterling	0.986368	0.988748	0.991090	0.999181	1.000940	1.001020	0.991690	0.987128	0.987528	0.992940	0.990688
U.S. Dollar	1.409130	1.406990	1.407840	1.405940	1.409020	1.408340	1.411670	1.413280	1.407040	1.404020	1.405590
Algerian Dinar	152.462000	152.217000	152.507000	151.990000	152.541000	152.365000	152.427000	153.400000	153.113000	152.874000	153.149000
Australian Dollar	1.841760	1.842100	1.851940	1.860200	1.848860	1.869060	1.867530	1.853480	1.833510	1.833880	1.822830
Bahrain Dinar	0.529832	0.529031	0.529350	0.528633	0.529790	0.529535	0.530788	0.531392	0.529045	0.527911	0.528499
Botswana Pula	15.366800	15.227200	15.420000	15.535300	15.517800	15.425400	15.261300	15.295200	15.211200	15.129500	15.195500
Brazilian Real	5.014110	5.036060	5.049230	5.142230	5.177160	5.198880	5.135500	4.985770	4.980900	4.973440	4.936420
Brunei Dollar	1.904020	1.900850	1.908750	1.905610	1.903020	1.902660	1.900810	1.901560	1.893030	1.913250	1.913990
Canadian Dollar	1.838490	1.834160	1.854130	1.838550	1.854690	1.830130	1.822880	1.808850	1.799880	1.802200	1.807300
Chilean Peso	943.833000	944.430000	942.623000	948.911000	953.371000	958.782000	963.391000	964.078000	949.154000	941.815000	939.470000
Colombian Peso	4,228.280000	4,275.130000	4,317.770000	4,338.490000	4,341.730000	4,379.360000	4,342.690000	4,321.750000	4,272.550000	4,220.960000	4,217.860000
Czech Koruna	33.311900	33.438700	33.470100	33.509300	33.499400	33.477500	33.490400	33.518700	33.660500	33.721700	33.661000
Danish Krone	9.183410	9.205980	9.217270	9.228920	9.226960	9.223480	9.224160	9.230970	9.269300	9.285480	9.269300
Hungarian Forint	387.553000	386.895000	387.537000	387.042000	385.874000	386.771000	386.726000	385.570000	386.217000	387.719000	388.448000
Icelandic Krona	173.239000	173.510000	173.615000	174.323000	174.620000	174.267000	174.313000	174.172000	174.768000	174.870000	174.518000
Indian Rupee	NA	93.203600	93.375000	93.608400	93.657500	NA	93.724200	93.976100	93.468400	NA	NA
Indonesian Rupiah	18,600.500000	18,495.000000	18,607.500000	18,590.800000	18,594.800000	18,546.400000	18,540.800000	18,546.400000	18,426.600000	18,586.400000	18,505.900000
Iranian Rial	NA	42,588.300000	42,613.900000	42,565.000000	42,656.700000	NA	42,741.100000	42,795.400000	42,612.100000	42,527.700000	NA
Israeli New Sheqel	5.334980	5.324080	5.352630	5.369300	5.347220	5.331970	5.338910	5.320990	5.308760	5.319830	5.320140
Kazakhstani Tenge	482.614000	484.006000	486.438000	484.402000	480.744000	479.272000	475.550000	474.352000	469.611000	469.925000	470.042000
Korean Won	1,612.750000	1,616.500000	1,615.920000	1,623.860000	1,628.680000	1,625.920000	1,632.590000	1,624.140000	NA	1,607.180000	1,621.200000
Kuwaiti Dinar	0.425345	0.424419	0.424535	0.423962	0.424679	0.424472	0.425264	0.425749	0.424081	0.423732	0.424205
Libyan Dinar	1.932400	1.932400	1.932400	1.932400	1.932400	1.932400	1.932400	1.932400	1.932400	1.932400	1.932400
Malaysian Ringgit	5.497010	5.459140	5.519460	5.502850	5.502210	5.541790	5.478250	5.500490	5.438180	5.480590	5.489530
Mauritian Rupee	49.657900	49.498600	49.461400	49.381300	49.449400	NA	49.557900	49.589900	49.282000	49.216200	49.281700
Mexican Peso	24.425600	24.549800	24.954300	24.925300	25.211600	24.982600	24.909100	24.834000	24.609100	NA	24.691800
Nepalese Rupee	149.354000	149.170000	149.048000	149.452000	150.258000	149.903000	150.145000	150.118000	149.709000	149.528000	149.878000
New Zealand Dollar	2.033090	2.041190	2.066100	2.064830	2.067220	2.074440	2.075070	2.057770	2.029180	2.050560	2.041820
Norwegian Krone	11.636000	11.666400	11.765500	11.752600	11.722800	11.673100	11.626600	11.597200	11.596100	11.559600	11.590000
Rial Omani	0.541812	0.540988	0.541316	0.540584	0.541768	0.541506	0.542785	0.543404	0.541006	0.539846	0.540447
Pakistani Rupee	147.613000	147.359000	147.404000	147.232000	147.529000	147.482000	147.871000	148.040000	147.374000	147.008000	147.187000
Nuevo Sol	4.703690	4.712020	4.727530	4.743650	4.793470	NA	NA	NA	NA	NA	NA
Philippine Peso	64.804600	64.813000	64.784900	64.985300	65.177200	64.959500	65.207800	65.173300	64.823500	64.561100	65.017000
Polish Zloty	5.240980	5.241610	5.256460	5.273680	5.271700	5.309570	5.306020	5.298380	5.314510	5.359690	5.365960
Qatar Riyal	5.129230	5.121460	5.124550	5.117630	5.128840	5.126340	5.138480	5.144320	5.121610	5.110620	5.116350
Russian Ruble	94.610100	96.625800	96.986600	96.337300	95.525600	95.015500	94.758000	93.764700	92.535200	93.361100	92.832400
Saudi Arabian Riyal	5.284240	5.276240	5.279410	5.272290	5.283820	5.281250	5.293750	5.299780	5.276380	5.265070	5.270950
Singapore Dollar	1.904020	1.900850	1.908750	1.905610	1.903020	1.902660	1.900810	1.901560	1.893030	1.913250	1.913990
South African Rand	20.789300	20.651400	21.095700	21.394300	21.372600	21.168100	20.773000	20.779300	20.699500	20.418000	20.498100
Sri Lanka Rupee	202.774000	202.466000	202.589000	202.315000	202.758000	202.660000	203.139000	203.371000	NA	NA	202.264000
Swedish Krona	11.450600	11.436600	11.467300	11.454100	11.466900	11.496800	11.487300	11.425100	11.386900	11.484300	11.457400
Swiss Franc	1.351500	1.351840	1.349280	1.349840	1.347870	1.349190	1.349980	1.346850	1.354550	1.355580	1.360470
Thai Baht	49.518200	49.474100	49.758900	NA	49.586200	49.529700	49.498800	49.524100	NA	NA	NA
Trinidad And Tobago Dollar	9.252490	9.254380	9.263030	9.201490	9.257370	9.261750	9.284020	9.306050	9.264320	9.262430	9.256090
Tunisian Dinar	2.844700	2.804550	2.826450	2.827850	2.832410	2.831030	2.852280	2.827410	2.811560	2.822720	2.836160
U.A.E. Dirham	5.175050	5.167180	5.170310	5.163320	5.174620	5.172100	5.184360	5.190280	5.167340	5.156260	5.162010
Peso Uruguayo	44.845700	44.155800	43.948700	44.062200	43.885200	NA	NA	NA	NA	NA	44.763800
Bolivar Fuerte	14.056100	14.034800	14.043200	14.024300	14.055000	14.048100	14.081400	14.097500	14.035200	14.005100	14.020700

Currency units per SDR for April 2016 Continued

Currency	April 18, 2016	April 19, 2016	April 20, 2016	April 21, 2016	April 22, 2016	April 25, 2016	April 26, 2016	April 27, 2016	April 28, 2016	April 29, 2016
Chinese Yuan	9.118760	9.123340	9.126670	9.120760	9.126170	9.137340	9.142020	9.147460	9.162210	9.190840
Euro	1.244870	1.242710	1.240200	1.240270	1.248000	1.247740	1.247530	1.246830	1.244460	1.242940
Japanese Yen	152.033000	153.745000	154.092000	154.493000	153.776000	156.484000	156.256000	156.685000	157.940000	158.372000
U.K. Pound Sterling	0.991581	0.980931	0.981653	0.979633	0.977689	0.972365	0.966763	0.964739	0.971317	0.969847
U.S. Dollar	1.407450	1.409600	1.411230	1.408320	1.405630	1.405460	1.408090	1.409290	1.413460	1.417330
Algerian Dinar	153.319000	153.325000	153.905000	153.951000	153.807000	153.857000	153.834000	153.998000	154.483000	154.671000
Australian Dollar	1.835970	1.809970	1.815550	1.802770	1.810910	NA	1.826320	1.847530	1.856150	1.851510
Bahrain Dinar	0.529201	0.530009	0.530619	0.529529	0.528516	0.528452	0.529442	0.529894	0.531460	0.532916
Botswana Pula	15.199300	15.027700	15.045000	14.982200	15.081800	15.128700	15.108300	15.121200	15.133400	15.078000
Brazilian Real	4.964080	5.060190	5.014370	4.999130	4.989550	5.034770	4.993930	4.973960	4.987950	4.958670
Brunei Dollar	1.909630	1.900570	1.893160	1.893630	1.895490	1.902710	1.906840	1.903250	1.906610	1.905600
Canadian Dollar	1.803650	1.783990	1.781950	1.789980	1.781490	1.782120	1.776170	1.780640	1.773040	1.778610
Chilean Peso	938.210000	938.791000	928.445000	930.025000	928.195000	937.163000	941.114000	942.099000	944.885000	940.256000
Colombian Peso	4,221.480000	4,222.970000	4,109.760000	4,084.030000	4,116.670000	4,131.620000	4,170.870000	4,150.890000	4,160.130000	4,090.010000
Czech Koruna	33.622600	33.578100	33.506700	33.515300	33.754700	33.750700	33.718200	33.704600	33.655900	33.610500
Danish Krone	9.263980	9.248550	9.230800	9.228920	NA	9.285400	9.283840	9.279880	9.262860	9.252490
Hungarian Forint	386.796000	386.020000	384.686000	386.275000	386.786000	387.920000	389.253000	388.374000	387.189000	388.419000
Icelandic Krona	174.482000	174.354000	174.357000	NA	175.535000	175.359000	175.265000	174.569000	174.647000	174.176000
Indian Rupee	93.829800	NA	93.480700	93.362000	93.464100	93.721600	93.966400	93.783100	93.859700	94.277400
Indonesian Rupiah	18,584.000000	18,536.300000	18,533.600000	18,564.500000	18,510.700000	18,601.200000	18,607.900000	18,564.600000	18,663.300000	18,714.400000
Iranian Rial	42,635.900000	42,701.100000	42,754.400000	NA	NA	42,591.100000	42,677.800000	42,714.200000	42,842.000000	42,959.200000
Israeli New Sheqel	5.310310	5.304340	5.303380	5.300930	NA	5.304200	5.298660	5.310220	5.316010	5.330580
Kazakhstani Tenge	478.858000	476.431000	475.780000	468.281000	470.309000	469.155000	469.261000	466.590000	467.021000	468.301000
Korean Won	1,619.550000	1,622.590000	1,609.500000	1,594.640000	1,595.250000	1,603.770000	1,618.880000	1,620.260000	1,619.680000	1,621.280000
Kuwaiti Dinar	0.424558	0.425065	0.425344	0.424892	0.424077	0.424378	0.425033	0.425255	0.426087	0.427254
Libyan Dinar	1.932400	1.932400	1.932400	1.932400	1.932400	1.932400	1.932400	1.932400	1.932400	1.932400
Malaysian Ringgit	5.536910	5.491100	5.467080	5.465710	5.486880	5.500250	5.543670	5.540630	5.536520	5.533970
Mauritian Rupee	49.408800	49.620700	49.667700	49.465300	49.323300	49.313800	49.411500	49.458700	49.581800	49.586400
Mexican Peso	24.573800	24.361400	24.425200	24.533300	24.508400	24.717200	24.542800	24.520700	24.329200	24.345100
Nepalese Rupee	150.076000	150.193000	150.281000	149.113000	149.151000	149.513000	150.300000	149.949000	150.194000	150.705000
New Zealand Dollar	2.038310	2.018330	2.011150	2.022000	2.027740	NA	2.046940	2.048690	2.047010	2.029110
Norwegian Krone	11.617800	11.504800	11.451500	11.412300	11.537000	11.571000	11.512000	11.472500	11.506300	11.453700
Rial Omani	0.541167	0.541991	0.542617	0.541501	0.540465	0.540397	0.541413	0.541873	0.543475	0.544962
Pakistani Rupee	147.421000	147.718000	147.860000	147.534000	147.272000	147.282000	147.626000	147.751000	148.171000	148.572000
Nuevo Sol	4.610800	4.579800	4.583670	4.581270	4.592190	4.605680	4.619940	4.632350	4.631900	4.636090
Philippine Peso	64.931300	65.086800	65.055900	64.970100	65.198800	65.463400	65.866200	66.017100	66.131400	66.292800
Polish Zloty	5.349710	5.345910	5.340370	5.348970	5.397470	5.475940	5.482400	5.467080	5.469380	5.490460
Qatar Riyal	5.123130	5.130940	5.136870	5.126290	5.116480	5.115870	5.125450	5.129840	5.144990	5.159080
Russian Ruble	96.090100	92.536900	93.192300	91.576800	93.080400	93.645200	93.576000	91.832400	92.035300	92.286700
Saudi Arabian Riyal	5.277940	5.286000	5.292100	5.281230	5.271090	5.270450	5.280330	5.284850	5.300480	5.314990
Singapore Dollar	1.909630	1.900570	1.893160	1.893630	1.895490	1.902710	1.906840	1.903250	1.906610	1.905600
South African Rand	NA	20.131700	20.062000	20.020700	20.189500	20.361600	NA	NA	20.331600	20.080600
Sri Lanka Rupee	202.532000	202.842000	203.075000	NA	202.270000	202.249000	202.624000	202.797000	203.397000	203.954000
Swedish Krona	11.441000	11.417800	11.406400	11.408300	11.451900	11.442000	11.460200	11.422900	11.380500	11.394300
Swiss Franc	1.358900	1.358570	1.356330	1.368190	1.373020	1.370600	1.373030	1.370680	1.366960	1.363900
Thai Baht	49.366400	49.245800	49.236300	49.343500	49.268600	49.390500	49.530900	49.536600	49.611000	49.521600
Trinidad And Tobago Dollar	9.296190	9.314110	9.334370	9.336810	9.329140	9.309510	9.352700	9.360930	9.395140	9.394790
Tunisian Dinar	2.824480	2.835270	2.820760	2.827350	2.832340	2.841550	2.847160	2.839170	2.849250	2.854790
U.A.E. Dirham	5.168870	5.176760	5.182720	5.172070	5.162170	5.161530	5.171220	5.175640	5.190920	5.205130
Peso Uruguayo	NA	44.862000	44.720300	44.845300	44.687700	44.725900	44.944800	45.064900	44.977800	44.671400
Bolivar Fuerte	14.039300	NA	14.077000	14.048000	14.021100	14.019400	14.045700	14.057700	14.099300	14.137900

Notes:


The value of the U.S. dollar in terms of the SDR is the reciprocal of the sum of the dollar values, based on market exchange rates, of specified quantities of the SDR basket currencies. See SDR Valuation.

These rates are the official rates used by the Fund to conduct operations with member countries. The rates are derived from the currency's representative exchange rate, as reported by the central bank, normally against the U.S. dollar at spot market rates and rounded to six significant digits. See Representative Exchange Rates for Selected Currencies.

The value in terms of each national currency of the SDR (shown above) is the reciprocal of the value in terms of the SDR of each national currency, rounded to six significant digits.

Exchange rates are published daily except on IMF holidays or whenever the IMF is closed for business.
