Currency units per SDR for October 2017
Currency	October 02, 2017	October 03, 2017	October 04, 2017	October 05, 2017	October 06, 2017	October 10, 2017	October 11, 2017	October 12, 2017	October 13, 2017	October 16, 2017	October 17, 2017
Chinese Yuan	NA	NA	NA	NA	NA	9.311850	9.298690	9.315580	9.318190	9.314720	9.329320
Euro	1.200010	1.198970	1.197180	1.199890	1.200880	1.197020	1.194880	1.193170	1.197940	1.198310	1.199630
Japanese Yen	158.912000	159.135000	158.892000	158.854000	158.863000	159.076000	158.783000	158.975000	158.807000	158.409000	158.261000
U.K. Pound Sterling	1.058780	1.062780	1.062430	1.068810	1.076140	1.070680	1.071270	1.074370	1.064530	1.063310	1.068350
U.S. Dollar	1.409290	1.409150	1.411120	1.408910	1.405870	1.412130	1.413540	1.414620	1.414770	1.414370	1.410650
Algerian Dinar	159.679000	159.807000	159.995000	159.888000	160.011000	160.499000	160.534000	160.727000	161.172000	161.156000	161.416000
Australian Dollar	NA	1.806360	1.795540	1.798910	1.812850	1.813910	1.816420	1.809670	1.806390	1.796710	1.797920
Bahrain Dinar	0.529894	0.529838	0.530580	0.529748	0.528605	0.530960	0.531491	0.531898	0.531952	0.531802	0.530405
Botswana Pula	NA	14.648100	14.577600	14.584900	14.644400	14.633400	14.557600	14.568700	14.451100	14.447100	14.497900
Brazilian Real	4.463790	4.457980	4.444440	4.411140	4.406120	4.485470	4.478380	4.474870	4.475330	4.464720	4.457800
Brunei Dollar	1.917900	1.924470	NA	1.921470	1.921260	1.919930	1.918170	1.915110	1.915870	1.910950	1.911290
Canadian Dollar	1.762320	1.761430	1.760930	1.767890	NA	1.765300	1.766640	1.764310	1.766620	1.772060	1.770080
Chilean Peso	899.030000	902.584000	897.175000	888.557000	884.064000	894.326000	888.834000	886.643000	884.212000	879.918000	874.149000
Colombian Peso	4,138.630000	4,156.030000	4,168.160000	4,150.050000	4,114.720000	4,154.740000	4,165.780000	4,178.450000	4,173.120000	4,147.000000	4,136.090000
Czech Koruna	31.194600	31.092800	31.002200	31.000200	30.999400	31.010300	30.925400	30.891100	30.915400	30.872800	30.872100
Danish Krone	8.930250	8.923150	8.910190	8.930090	8.937830	8.909240	8.893390	8.881700	8.917420	8.920130	8.930010
Hungarian Forint	373.321000	374.340000	373.551000	372.501000	374.537000	372.773000	370.403000	368.776000	368.717000	369.560000	369.111000
Icelandic Krona	149.948000	149.355000	149.042000	149.879000	148.235000	149.205000	148.393000	148.280000	148.451000	148.650000	148.993000
Indian Rupee	NA	92.373600	92.131900	91.826500	91.701100	92.162500	92.260300	92.092100	91.861100	91.595200	91.583500
Indonesian Rupiah	19,024.000000	19,139.000000	19,034.500000	18,996.300000	18,958.100000	19,051.000000	19,095.500000	19,127.100000	19,110.700000	19,069.900000	19,029.700000
Iranian Rial	47,681.900000	47,754.600000	47,896.200000	47,905.600000	NA	48,177.400000	48,223.000000	48,307.800000	NA	48,384.000000	48,306.400000
Israeli New Sheqel	4.991710	4.975690	4.969960	NA	4.948660	4.949490	4.955870	NA	4.953090	4.944620	4.949980
Kazakhstani Tenge	480.906000	482.435000	484.874000	486.072000	483.141000	476.565000	474.300000	472.836000	472.829000	471.027000	470.495000
Korean Won	NA	NA	NA	NA	NA	1,617.870000	1,608.890000	1,605.880000	1,603.920000	1,599.370000	1,590.230000
Kuwaiti Dinar	0.425606	0.425914	0.426228	0.425559	0.424643	0.426674	0.426889	0.426933	0.426976	0.426998	0.426016
Libyan Dinar	1.932400	1.932400	1.932400	1.932400	1.932400	1.932400	1.932400	1.932400	1.932400	1.932400	1.932400
Malaysian Ringgit	5.962000	5.974790	5.964100	5.959650	5.955960	5.964130	5.958770	5.966160	5.967480	5.966520	5.957170
Mauritian Rupee	47.758000	47.855600	47.960500	47.911100	47.803200	48.090100	48.050100	48.017600	48.003800	47.954500	47.892300
Mexican Peso	25.696600	25.662300	25.722100	25.791400	26.081900	26.311700	26.458700	26.542700	26.740200	26.979500	26.818900
Nepalese Rupee	147.214000	147.199000	147.885000	146.554000	146.533000	147.666000	147.644000	147.446000	147.334000	146.939000	146.129000
New Zealand Dollar	1.955450	1.962870	1.962330	1.967470	1.978420	1.997070	1.992580	1.993830	1.983130	1.970420	1.963050
Norwegian Krone	11.252500	11.256500	11.197600	11.219000	11.254700	11.221500	11.206700	11.168100	11.187500	11.160200	11.187700
Rial Omani	0.541873	0.541817	0.542573	0.541724	0.540555	0.542962	0.543505	0.543922	0.543978	0.543824	0.542396
Pakistani Rupee	148.562000	148.562000	148.747000	148.523000	148.227000	148.897000	149.037000	149.143000	149.135000	149.092000	148.709000
Nuevo Sol	4.604160	4.602270	4.597410	4.584570	NA	4.610590	4.608150	4.603160	4.595170	4.588210	4.576160
Philippine Peso	71.634300	71.917100	72.218300	71.784900	71.724700	72.250200	72.525800	72.806200	72.697700	NA	NA
Polish Zloty	5.175770	5.176790	5.164250	5.142790	5.173440	5.149750	5.119700	5.092640	5.094580	5.092300	5.073260
Qatar Riyal	5.129810	5.129280	5.136450	5.128420	5.117370	5.140150	5.145280	5.149220	5.149750	5.148300	5.134760
Russian Ruble	81.475700	81.642700	81.538800	81.126000	81.204400	82.004200	81.873900	81.604700	81.518200	80.740900	80.885900
Saudi Arabian Riyal	5.284830	5.284300	5.291680	5.283400	5.272010	5.295460	5.300770	5.304810	5.305380	5.303890	5.289940
Singapore Dollar	1.917900	1.924470	NA	1.921470	1.921260	1.919930	1.918170	1.915110	1.915870	1.910950	1.911290
South African Rand	19.205300	19.352700	19.165800	19.211400	19.317900	19.333300	19.155600	19.111300	18.887000	18.807100	18.927000
Sri Lanka Rupee	215.773000	215.796000	216.200000	NA	215.560000	216.463000	216.823000	217.094000	217.345000	217.454000	216.750000
Swedish Krona	11.523800	11.502400	11.449900	11.402800	11.465500	11.442900	11.391300	11.426300	11.483100	11.498400	11.477200
Swiss Franc	1.368000	1.372790	1.372030	1.376220	1.377050	1.379080	1.375800	1.378970	1.380810	1.379430	1.378490
Thai Baht	47.063300	47.196500	47.052200	47.033400	46.989600	47.079000	46.943700	46.865000	NA	46.783000	46.699500
Trinidad And Tobago Dollar	9.501550	9.504530	9.522810	9.511220	9.502270	9.539440	9.570480	9.556850	9.544170	NA	9.512760
Tunisian Dinar	3.483770	3.494050	3.499780	3.492960	3.485430	3.509220	3.506140	3.510140	3.512140	3.506260	3.497270
U.A.E. Dirham	5.175610	5.175100	5.182310	5.174220	5.163050	5.186020	5.191220	5.195180	5.195720	5.194270	5.180620
Peso Uruguayo	41.011700	41.087800	41.156700	41.111800	NA	41.400700	41.412500	41.560200	41.571400	NA	41.484500
Bolivar Fuerte	14.057700	14.056200	14.075900	14.053800	14.023500	14.086000	14.100100	14.110800	14.112300	14.108300	14.071200

Currency units per SDR for October 2017 Continued

Currency	October 18, 2017	October 19, 2017	October 20, 2017	October 23, 2017	October 24, 2017	October 25, 2017	October 26, 2017	October 27, 2017	October 30, 2017	October 31, 2017
Chinese Yuan	9.334190	9.350860	9.335240	9.340990	9.347540	9.360230	9.358560	9.325230	9.333670	9.310990
Euro	1.199540	1.193540	1.194000	1.198970	1.197630	1.195680	1.200570	1.208080	1.208680	1.206980
Japanese Yen	158.143000	159.604000	159.691000	160.466000	159.685000	160.511000	160.223000	160.036000	159.637000	158.940000
U.K. Pound Sterling	1.069350	1.072700	1.070780	1.068550	1.068770	1.063960	1.067430	1.070010	1.064080	1.062630
U.S. Dollar	1.409340	1.412430	1.411070	1.407600	1.408530	1.409100	1.411030	1.401980	1.403520	1.404690
Algerian Dinar	161.186000	161.396000	161.233000	161.407000	161.391000	161.412000	162.164000	161.798000	161.846000	161.849000
Australian Dollar	1.795800	1.798810	1.798680	1.798620	1.801420	1.825260	1.831080	1.834570	1.828220	1.830690
Bahrain Dinar	0.529914	0.531073	0.530560	0.529257	0.529608	0.529824	0.530549	0.527143	0.527724	0.528162
Botswana Pula	14.544300	14.576200	14.637600	14.616800	14.626500	14.755000	14.884300	14.820100	14.773900	14.801700
Brazilian Real	4.476500	4.472730	4.476900	4.479970	4.506880	4.574520	4.569070	4.547730	4.602840	4.570990
Brunei Dollar	NA	1.919490	1.918350	1.917290	1.914620	1.919760	1.919570	1.918190	1.916370	1.911070
Canadian Dollar	1.759710	1.762430	1.778090	1.779760	1.784040	1.799570	1.810500	NA	1.801700	1.811060
Chilean Peso	876.708000	882.807000	882.690000	884.924000	888.739000	890.496000	890.527000	NA	883.689000	894.071000
Colombian Peso	4,149.480000	4,146.420000	4,123.030000	4,133.630000	4,151.910000	4,186.960000	4,218.130000	4,218.270000	4,224.400000	4,230.120000
Czech Koruna	30.837800	30.700600	30.675200	30.741900	30.639800	30.598700	30.730800	31.007600	30.998200	30.987400
Danish Krone	8.929210	8.884620	8.887860	8.924830	8.914320	8.899330	8.936070	8.988930	8.993780	8.981420
Hungarian Forint	369.699000	369.025000	368.218000	NA	369.317000	371.609000	371.144000	375.212000	374.011000	376.006000
Icelandic Krona	148.700000	148.672000	148.783000	148.656000	148.628000	148.984000	148.328000	149.493000	147.468000	147.661000
Indian Rupee	91.698500	NA	NA	91.527300	91.449500	91.786900	91.419400	91.259200	91.136100	90.987700
Indonesian Rupiah	19,045.900000	19,097.500000	19,073.400000	19,051.800000	19,056.000000	19,121.500000	19,133.600000	19,108.900000	19,059.900000	19,064.400000
Iranian Rial	48,302.400000	48,444.900000	NA	48,338.400000	48,401.300000	48,504.100000	48,665.100000	NA	48,953.400000	49,099.300000
Israeli New Sheqel	4.952430	4.944910	4.928850	4.913910	4.931260	4.948780	4.952730	4.955990	4.951620	4.945890
Kazakhstani Tenge	470.115000	471.907000	473.046000	473.023000	471.774000	469.147000	471.100000	468.821000	468.777000	470.163000
Korean Won	1,594.530000	1,596.610000	1,597.750000	1,593.260000	1,594.310000	1,589.890000	1,592.070000	1,576.800000	1,585.980000	1,580.270000
Kuwaiti Dinar	0.425762	0.426696	0.426283	0.425376	0.425657	0.426043	0.426272	0.423537	0.424847	0.424988
Libyan Dinar	1.932400	1.932400	1.932400	1.932400	1.932400	1.932400	1.932400	1.932400	1.932400	1.932400
Malaysian Ringgit	NA	5.968940	5.960360	5.959050	5.963700	5.965450	5.972900	5.946510	5.948840	5.942510
Mauritian Rupee	47.859300	NA	47.934300	47.804100	47.761700	47.808500	47.855600	47.712700	47.898700	48.165400
Mexican Peso	26.618100	26.588700	26.821600	26.813200	27.045000	26.881500	26.945100	26.844200	26.974000	26.896600
Nepalese Rupee	146.628000	146.977000	146.836000	146.474000	146.544000	146.688000	146.507000	145.413000	146.079000	145.764000
New Zealand Dollar	1.966440	1.971840	2.014370	NA	2.016800	2.043360	2.052110	2.052970	2.046250	2.048840
Norwegian Krone	11.224700	11.242000	11.240900	11.256300	11.243700	11.285100	11.389300	11.518800	11.463100	11.495100
Rial Omani	0.541894	0.543080	0.542555	0.541222	0.541580	0.541800	0.542541	0.539060	0.539654	0.540103
Pakistani Rupee	148.567000	148.901000	148.759000	148.415000	148.516000	148.578000	148.792000	147.819000	147.970000	148.077000
Nuevo Sol	4.569090	4.569210	4.567630	4.557800	4.560820	4.555620	4.566110	NA	4.557240	4.559610
Philippine Peso	72.289300	72.580500	72.617900	72.502600	72.548900	72.587400	72.975700	72.540000	72.700800	NA
Polish Zloty	5.074490	5.070070	5.075060	5.075940	5.075090	5.073620	5.071100	5.126760	5.113020	5.131180
Qatar Riyal	5.130020	5.141260	5.136290	5.123660	5.127050	5.129130	5.136160	5.103210	5.108820	5.113050
Russian Ruble	80.716100	81.314700	81.153000	80.895700	81.110200	81.184000	81.507600	81.431200	81.224200	81.637300
Saudi Arabian Riyal	5.285050	5.296610	5.291510	5.278490	5.281980	5.284130	5.291370	5.257430	5.263210	5.267570
Singapore Dollar	NA	1.919490	1.918350	1.917290	1.914620	1.919760	1.919570	1.918190	1.916370	1.911070
South African Rand	19.063100	19.115500	19.318700	19.265600	19.329500	19.568100	20.158500	19.955100	19.759800	19.801200
Sri Lanka Rupee	NA	216.976000	216.878000	216.272000	216.558000	216.698000	217.100000	215.624000	215.529000	215.746000
Swedish Krona	11.493100	11.504900	11.509100	11.521200	11.555900	11.623600	11.573700	11.712600	11.702400	11.736900
Swiss Franc	1.382280	1.378110	1.386370	1.390140	1.390080	1.398530	1.398050	1.404080	1.400720	1.402160
Thai Baht	46.652000	46.820600	46.775500	NA	46.706900	46.783600	NA	46.671800	46.674200	46.669200
Trinidad And Tobago Dollar	9.512120	NA	9.526440	9.515110	9.536160	9.547090	9.567180	9.501910	9.497940	9.471130
Tunisian Dinar	3.496000	3.505510	3.499110	3.489070	3.496740	3.498900	3.496580	3.489170	3.508460	3.517080
U.A.E. Dirham	5.175820	5.187150	5.182150	5.169400	5.172820	5.174940	5.182020	5.148770	5.154430	5.158710
Peso Uruguayo	41.565700	41.772700	41.817000	41.688700	41.781200	41.530500	41.452000	NA	NA	40.942300
Bolivar Fuerte	14.058200	14.089000	14.075400	14.040800	14.050100	14.055800	14.075100	13.984700	14.000100	14.011700

Notes:


The value of the U.S. dollar in terms of the SDR is the reciprocal of the sum of the dollar values, based on market exchange rates, of specified quantities of the SDR basket currencies. See SDR Valuation.

These rates are the official rates used by the Fund to conduct operations with member countries. The rates are derived from the currency's representative exchange rate, as reported by the central bank, normally against the U.S. dollar at spot market rates and rounded to six significant digits. See Representative Exchange Rates for Selected Currencies.

The value in terms of each national currency of the SDR (shown above) is the reciprocal of the value in terms of the SDR of each national currency, rounded to six significant digits.

Exchange rates are published daily except on IMF holidays or whenever the IMF is closed for business.
