Currency units per SDR for January 2017
Currency	January 03, 2017	January 04, 2017	January 05, 2017	January 06, 2017	January 09, 2017	January 10, 2017	January 11, 2017	January 12, 2017	January 13, 2017	January 17, 2017	January 18, 2017
Chinese Yuan	9.296270	9.318970	9.250180	9.343090	9.318280	9.322180	9.303280	9.348150	9.314280	9.335240	9.280050
Euro	1.287050	1.283960	1.280770	1.274600	1.278040	1.273760	1.278840	1.266730	1.267470	1.269870	1.271310
Japanese Yen	NA	158.035000	156.819000	156.157000	NA	156.121000	155.807000	155.633000	155.380000	154.830000	153.264000
U.K. Pound Sterling	1.087590	1.090950	1.092950	1.091350	1.104710	1.108450	1.107720	1.101130	1.109310	1.110070	1.103650
U.S. Dollar	1.336600	1.340070	1.344930	1.349670	1.343990	1.345990	1.343170	1.352740	1.351250	1.356730	1.355720
Algerian Dinar	148.446000	148.512000	148.466000	148.698000	148.438000	148.498000	148.572000	148.642000	148.594000	148.931000	148.956000
Australian Dollar	1.847660	1.850930	1.841870	1.844310	1.838560	1.825310	1.819760	1.812840	1.805280	1.808970	1.795180
Bahrain Dinar	0.502561	0.503867	0.505694	0.507475	0.505339	0.506091	0.505030	0.508631	0.508071	0.510131	0.509752
Botswana Pula	NA	14.286500	14.338300	14.342900	14.343500	14.349500	14.380800	14.284500	14.283800	14.311500	14.346300
Brazilian Real	4.373750	4.372120	4.347770	4.335540	4.307620	4.319390	4.286310	4.348790	4.277380	4.372460	4.351040
Brunei Dollar	1.934460	1.941630	1.933750	1.932190	1.936690	1.928390	1.927980	1.931170	1.929590	1.937950	1.923770
Canadian Dollar	1.796120	1.781360	1.777460	1.783720	1.777020	1.777780	1.777280	1.776150	1.774870	1.771890	1.786430
Chilean Peso	894.815000	902.348000	903.497000	899.434000	894.142000	NA	NA	908.620000	895.889000	897.312000	891.862000
Colombian Peso	4,010.750000	3,994.840000	3,988.210000	3,969.480000	3,923.110000	NA	3,961.810000	4,032.240000	3,959.420000	3,983.300000	3,965.170000
Czech Koruna	34.774300	34.693100	34.583600	34.438200	34.536500	34.418200	34.547600	34.224300	34.250100	34.313000	34.347100
Danish Krone	9.568000	9.545350	9.521360	9.475800	9.500740	9.468980	9.506700	9.417080	9.423650	9.443230	9.453580
Hungarian Forint	397.477000	396.487000	395.330000	391.066000	393.385000	392.072000	394.326000	391.172000	390.133000	390.982000	390.326000
Icelandic Krona	152.680000	152.286000	152.287000	152.729000	153.349000	153.860000	156.667000	154.564000	154.367000	153.514000	152.627000
Indian Rupee	91.004200	91.365100	91.171000	NA	91.641400	91.613700	91.641400	92.102200	92.197300	92.326700	92.103100
Indonesian Rupiah	18,024.000000	18,061.500000	17,981.800000	18,014.000000	17,989.300000	17,928.500000	17,900.400000	17,975.200000	17,982.400000	18,154.400000	18,069.000000
Iranian Rial	43,270.900000	43,383.400000	43,536.900000	NA	43,504.900000	NA	43,476.900000	43,785.500000	NA	43,915.900000	43,877.900000
Israeli New Sheqel	5.159270	5.168650	5.182020	5.186780	5.173010	5.175310	5.173870	5.174240	5.159080	5.178640	5.165290
Kazakhstani Tenge	NA	448.268000	447.271000	446.295000	444.241000	448.011000	448.563000	448.908000	448.696000	451.357000	448.133000
Korean Won	1,614.340000	1,616.390000	1,622.930000	1,608.270000	1,598.130000	1,622.590000	1,610.050000	NA	NA	1,601.620000	1,600.970000
Kuwaiti Dinar	0.409000	0.410531	0.411348	0.412797	0.411193	0.411265	0.410740	0.413194	0.412739	0.414345	0.413495
Libyan Dinar	1.932400	1.932400	1.932400	1.932400	1.932400	1.932400	1.932400	1.932400	1.932400	1.932400	1.932400
Malaysian Ringgit	6.004670	6.029650	6.035400	6.036390	6.019060	6.022610	6.010660	6.036610	6.031290	6.060500	6.026860
Mauritian Rupee	48.106500	48.225100	48.397800	48.609500	48.348700	48.392400	48.337700	48.615200	48.550100	48.664200	48.582800
Mexican Peso	27.870800	28.650600	28.736000	28.767400	28.656300	29.095900	29.425500	29.382000	29.231600	29.269800	29.624400
Nepalese Rupee	145.542000	146.430000	146.638000	146.655000	146.145000	146.874000	146.513000	147.882000	147.070000	147.951000	147.421000
New Zealand Dollar	NA	1.943260	1.922160	1.924250	1.929080	1.919540	1.925410	1.917960	1.901030	1.910620	1.881380
Norwegian Krone	11.585100	11.543500	11.554500	11.454500	11.527000	11.559500	11.590500	11.479800	11.480800	11.474500	11.483800
Rial Omani	0.513922	0.515257	0.517127	0.518947	0.516764	0.517531	0.516449	0.520129	0.519556	0.521662	0.521276
Pakistani Rupee	140.077000	140.506000	141.000000	141.480000	140.896000	141.129000	140.835000	141.842000	141.694000	142.264000	142.159000
Nuevo Sol	4.512350	4.540170	4.531080	4.549740	4.541330	4.558860	4.554690	4.549260	4.544260	4.543680	NA
Philippine Peso	66.521200	66.719600	66.886100	66.850300	66.481800	66.782400	66.551300	67.047000	66.927200	67.631500	67.692400
Polish Zloty	5.649940	5.633260	5.603940	NA	5.589900	5.554880	5.569450	5.560160	5.551480	5.561090	5.540840
Qatar Riyal	4.865210	4.877860	4.895550	4.912800	4.892100	4.899390	4.889140	4.923970	4.918550	4.938490	4.934840
Russian Ruble	NA	NA	NA	NA	80.499700	80.696600	80.806800	80.484800	80.223300	80.591900	80.235600
Saudi Arabian Riyal	5.012250	5.025280	5.043500	5.061270	5.039940	5.047450	5.036870	5.072770	5.067190	5.087740	5.083960
Singapore Dollar	1.934460	1.941630	1.933750	1.932190	1.936690	1.928390	1.927980	1.931170	1.929590	1.937950	1.923770
South African Rand	18.407100	18.281700	18.382600	18.445900	18.368300	18.438400	18.498000	18.201600	18.276200	18.268400	18.423600
Sri Lanka Rupee	200.490000	201.011000	201.739000	202.450000	201.596000	201.898000	201.452000	NA	202.687000	203.675000	203.543000
Swedish Krona	12.221300	12.263000	12.198100	NA	12.186900	12.137600	12.180100	12.115000	12.067700	12.082800	12.060800
Swiss Franc	1.376030	1.376120	1.372640	1.365600	1.368310	1.364830	1.370430	1.363430	1.361790	1.358360	1.358160
Thai Baht	NA	48.099100	48.085500	48.203500	48.077200	47.925100	47.780600	47.826100	47.858600	48.009300	47.816200
Trinidad And Tobago Dollar	9.016560	9.035870	9.071860	9.109460	9.047890	9.085950	9.092070	9.148880	9.137930	9.142190	9.129590
Tunisian Dinar	NA	3.158680	3.167320	3.042430	3.134250	3.139830	3.136310	3.172520	3.136330	3.160570	3.133990
U.A.E. Dirham	4.908650	4.921410	4.939270	4.956650	4.935790	4.943130	4.932790	4.967930	4.962460	4.982590	4.978890
Peso Uruguayo	38.115700	38.324700	38.440800	NA	38.494400	38.581300	38.614700	38.757400	NA	38.851200	38.798000
Bolivar Fuerte	13.332600	13.367200	13.415700	13.463000	13.406300	13.426200	13.398100	13.493600	13.478700	13.533400	NA

Currency units per SDR for January 2017 Continued

Currency	January 19, 2017	January 23, 2017	January 24, 2017	January 25, 2017	January 26, 2017	January 27, 2017	January 30, 2017	January 31, 2017
Chinese Yuan	9.298780	9.312810	9.319140	9.356200	9.347980	NA	NA	NA
Euro	1.268650	1.267430	1.264720	1.266100	1.269780	1.269070	1.274120	1.263440
Japanese Yen	155.370000	154.655000	153.304000	154.380000	154.018000	155.881000	154.943000	154.363000
U.K. Pound Sterling	1.097910	1.092250	1.091390	1.081300	1.078990	1.081490	1.081870	1.090420
U.S. Dollar	1.353400	1.358050	1.359320	1.360170	1.358660	1.355490	1.354390	1.358830
Algerian Dinar	148.979000	148.875000	148.832000	148.977000	149.052000	148.762000	148.972000	149.051000
Australian Dollar	1.799250	1.795890	1.794250	1.803220	NA	1.800600	1.793420	1.795730
Bahrain Dinar	0.508877	0.510626	0.511106	0.511425	0.510856	0.509663	0.509253	0.510918
Botswana Pula	14.336800	14.325400	14.248700	14.212900	14.256700	14.313500	14.347400	14.273400
Brazilian Real	4.358610	4.333810	4.295860	4.304000	4.304090	4.310180	4.278530	4.254490
Brunei Dollar	1.931840	1.927890	1.926160	1.931990	1.921420	1.932790	NA	1.928990
Canadian Dollar	1.803940	1.804720	1.787780	1.778430	1.780390	1.776780	1.773310	1.770550
Chilean Peso	NA	895.624000	887.532000	889.332000	884.463000	878.781000	880.251000	881.702000
Colombian Peso	3,971.660000	3,976.250000	3,953.630000	3,988.040000	3,977.520000	3,980.690000	3,968.600000	3,990.420000
Czech Koruna	34.280300	34.250100	34.174700	34.200200	34.308800	34.289800	34.430000	34.133800
Danish Krone	9.433700	9.424890	9.404600	9.415490	9.442960	9.437880	9.476250	9.396550
Hungarian Forint	391.118000	392.043000	392.614000	392.465000	393.685000	395.219000	394.319000	394.658000
Icelandic Krona	153.083000	153.052000	156.309000	156.977000	157.645000	157.928000	157.584000	157.801000
Indian Rupee	92.269600	92.461600	92.647500	92.703300	NA	92.450500	92.156600	92.145500
Indonesian Rupiah	18,103.100000	18,159.900000	18,119.800000	18,144.700000	18,104.200000	18,108.000000	18,060.800000	18,130.900000
Iranian Rial	43,804.100000	43,946.600000	43,986.400000	44,018.000000	NA	NA	43,832.200000	43,979.800000
Israeli New Sheqel	5.156450	5.157880	5.147770	5.149620	5.139800	5.148140	5.126390	5.121430
Kazakhstani Tenge	448.083000	450.086000	446.524000	445.947000	446.020000	445.589000	441.872000	440.587000
Korean Won	NA	1,592.320000	1,585.920000	1,582.700000	1,584.470000	NA	NA	1,573.250000
Kuwaiti Dinar	0.413261	0.414139	0.415001	0.414716	0.414051	0.413085	0.413090	0.414442
Libyan Dinar	1.932400	1.932400	1.932400	1.932400	1.932400	1.932400	1.932400	1.932400
Malaysian Ringgit	NA	6.029760	6.028600	6.037120	6.026350	6.004130	NA	6.018950
Mauritian Rupee	48.475200	48.537300	48.552600	48.529600	48.413500	48.265100	48.219000	48.430600
Mexican Peso	NA	29.131800	29.047600	29.031400	28.806900	28.494000	28.115600	28.251100
Nepalese Rupee	147.250000	148.082000	148.221000	148.300000	148.135000	147.653000	147.439000	147.732000
New Zealand Dollar	1.900570	NA	1.877260	1.875060	1.862450	1.870930	1.863250	1.866270
Norwegian Krone	11.442300	11.399200	11.329100	11.325600	11.328400	11.318700	11.308900	11.229500
Rial Omani	0.520381	0.522171	0.522660	0.522985	0.522406	0.521186	0.520766	0.522469
Pakistani Rupee	141.918000	142.415000	142.553000	142.633000	142.489000	142.140000	142.028000	142.495000
Nuevo Sol	NA	4.462550	4.459950	4.454560	4.482210	NA	4.451880	4.459670
Philippine Peso	67.345100	67.776400	67.759400	67.750200	67.723600	67.360900	67.561200	67.688800
Polish Zloty	5.550840	5.535410	5.533540	5.520260	5.514810	5.502610	5.481490	5.495920
Qatar Riyal	4.926380	4.943300	4.947950	4.951030	4.945530	4.933980	4.929990	4.946140
Russian Ruble	80.327100	80.808700	80.494600	80.452500	81.024800	81.762800	81.483000	81.645300
Saudi Arabian Riyal	5.075240	5.092690	5.097460	5.100640	5.094970	5.083080	5.078980	5.095620
Singapore Dollar	1.931840	1.927890	1.926160	1.931990	1.921420	1.932790	NA	1.928990
South African Rand	18.406700	18.364300	18.145800	18.017000	18.133000	18.087600	18.452900	18.278300
Sri Lanka Rupee	203.213000	203.911000	204.100000	204.230000	204.138000	203.662000	203.498000	204.155000
Swedish Krona	12.100900	12.011100	12.010200	12.031900	11.982300	11.998200	11.971300	11.977900
Swiss Franc	1.361920	1.356560	1.359190	1.358130	1.355540	1.354950	1.356830	1.349180
Thai Baht	47.911500	47.929700	47.873900	47.954300	47.841200	47.863600	47.754600	47.821300
Trinidad And Tobago Dollar	9.112030	9.181390	9.194300	9.203780	9.202340	9.171540	9.146370	9.164890
Tunisian Dinar	NA	3.147550	3.121660	3.133520	3.130560	3.129030	3.132040	3.148290
U.A.E. Dirham	4.970350	4.987460	4.992110	4.995230	4.989670	4.978020	4.974010	4.990290
Peso Uruguayo	NA	38.575500	38.464800	38.645300	38.460900	NA	38.304900	38.298600
Bolivar Fuerte	NA	13.546600	13.559200	13.567700	13.552600	13.521000	13.510100	13.554300

Notes:


The value of the U.S. dollar in terms of the SDR is the reciprocal of the sum of the dollar values, based on market exchange rates, of specified quantities of the SDR basket currencies. See SDR Valuation.

These rates are the official rates used by the Fund to conduct operations with member countries. The rates are derived from the currency's representative exchange rate, as reported by the central bank, normally against the U.S. dollar at spot market rates and rounded to six significant digits. See Representative Exchange Rates for Selected Currencies.

The value in terms of each national currency of the SDR (shown above) is the reciprocal of the value in terms of the SDR of each national currency, rounded to six significant digits.

Exchange rates are published daily except on IMF holidays or whenever the IMF is closed for business.
